núm_corre,año_ocu,mes_ocu,día_ocu,día_sem_ocu,hora_ocu,g_hora,g_hora_mañ.tar.noch,depto_ocu,mupio_ocu,zona_ocu,sexo_per,edad_per,g_edad_60ymás,g_edad_80ymás,edad_quinquenales,delito_com,g_delitos
1,2021,1,1,5,21,4,3,18,1801,99,1,27,4,4,6,75,3
2,2021,1,2,6,22,4,3,1,101,7,1,51,9,9,11,75,3
3,2021,1,2,6,22,4,3,1,114,99,1,21,3,3,5,75,3
4,2021,1,2,6,17,3,2,22,2214,99,1,36,6,6,8,75,3
5,2021,1,2,6,15,3,2,5,509,99,1,42,7,7,9,75,3
6,2021,1,2,6,17,3,2,5,501,99,1,30,5,5,7,75,3
7,2021,1,2,6,9,2,1,18,1805,99,1,39,6,6,8,75,3
8,2021,1,2,6,15,3,2,14,1419,99,1,33,5,5,7,75,3
9,2021,1,4,1,11,2,1,1,101,8,1,40,7,7,9,69,3
10,2021,1,4,1,14,3,2,1,101,18,1,28,4,4,6,75,3
11,2021,1,4,1,19,4,3,1,102,99,1,60,11,11,13,75,3
12,2021,1,4,1,10,2,1,4,402,99,1,72,11,13,15,75,3
13,2021,1,4,1,21,4,3,17,1703,99,1,38,6,6,8,75,3
14,2021,1,5,2,10,2,1,1,108,99,1,36,6,6,8,75,3
15,2021,1,6,3,4,1,1,1,101,7,1,41,7,7,9,69,3
16,2021,1,6,3,21,4,3,22,2201,99,1,57,10,10,12,75,3
17,2021,1,7,4,10,2,1,1,101,18,1,39,6,6,8,75,3
18,2021,1,7,4,0,1,1,2,203,99,1,34,5,5,7,75,3
19,2021,1,8,5,18,4,3,1,101,17,1,38,6,6,8,75,3
20,2021,1,9,6,21,4,3,20,2001,99,1,35,6,6,8,69,3
21,2021,1,9,6,14,3,2,5,501,99,1,54,9,9,11,69,3
22,2021,1,9,6,19,4,3,5,509,99,1,43,7,7,9,69,3
23,2021,1,10,7,15,3,2,1,101,8,1,29,4,4,6,69,3
24,2021,1,12,2,11,2,1,1,101,7,1,31,5,5,7,69,3
25,2021,1,13,3,14,3,2,1,101,21,1,38,6,6,8,69,3
26,2021,1,13,3,14,3,2,1,101,21,1,38,6,6,8,69,3
27,2021,1,13,3,9,2,1,1,117,99,1,62,11,11,13,69,3
28,2021,1,14,4,6,2,1,5,509,99,1,63,11,11,13,69,3
29,2021,1,14,4,8,2,1,20,2005,99,1,54,9,9,11,75,3
30,2021,1,14,4,11,2,1,3,301,99,1,57,10,10,12,75,3
31,2021,1,15,5,19,4,3,19,1910,99,1,35,6,6,8,75,3
32,2021,1,16,6,12,3,2,1,101,1,1,26,4,4,6,75,3
33,2021,1,16,6,18,4,3,19,1905,99,1,32,5,5,7,75,3
34,2021,1,16,6,12,3,2,19,1901,99,1,28,4,4,6,75,3
35,2021,1,16,6,12,3,2,19,1901,99,1,28,4,4,6,75,3
36,2021,1,17,7,20,4,3,6,602,99,1,36,6,6,8,75,3
37,2021,1,17,7,15,3,2,17,1701,99,1,31,5,5,7,75,3
38,2021,1,18,1,15,3,2,1,101,12,2,24,3,3,5,69,3
39,2021,1,18,1,23,4,3,1,101,11,1,55,10,10,12,69,3
40,2021,1,19,2,10,2,1,3,301,99,1,44,7,7,9,75,3
41,2021,1,20,3,9,2,1,19,1904,99,1,35,6,6,8,75,3
42,2021,1,24,7,13,3,2,5,503,99,1,35,6,6,8,69,3
43,2021,1,24,7,9,2,1,5,509,99,1,39,6,6,8,75,3
44,2021,1,25,1,15,3,2,1,108,99,1,25,4,4,6,75,3
45,2021,1,26,2,21,4,3,1,101,7,1,24,3,3,5,69,3
46,2021,1,26,2,20,4,3,1,108,99,1,48,8,8,10,69,3
47,2021,1,27,3,10,2,1,1,108,99,1,65,11,12,14,75,3
48,2021,1,27,3,10,2,1,1,108,99,1,65,11,12,14,75,3
49,2021,1,27,3,10,2,1,1,108,99,1,65,11,12,14,75,3
50,2021,1,28,4,8,2,1,1,115,99,1,47,8,8,10,75,3
51,2021,1,28,4,12,3,2,13,1301,99,1,29,4,4,6,75,3
52,2021,1,29,5,20,4,3,1,101,17,1,32,5,5,7,75,3
53,2021,1,29,5,20,4,3,1,101,17,1,32,5,5,7,75,3
54,2021,1,29,5,20,4,3,1,101,17,1,32,5,5,7,75,3
55,2021,1,29,5,6,2,1,1,101,7,1,37,6,6,8,69,3
56,2021,1,30,6,15,3,2,1,108,99,1,36,6,6,8,75,3
57,2021,1,31,7,11,2,1,1,101,12,1,58,10,10,12,75,3
58,2021,1,31,7,12,3,2,16,1605,99,1,39,6,6,8,75,3
59,2021,1,31,7,12,3,2,16,1605,99,1,39,6,6,8,75,3
60,2021,2,1,1,14,3,2,5,509,99,1,74,11,13,15,69,3
61,2021,2,1,1,14,3,2,16,1601,99,1,30,5,5,7,69,3
62,2021,2,1,1,1,1,1,2,202,99,1,66,11,12,14,75,3
63,2021,2,2,2,16,3,2,1,101,7,1,48,8,8,10,75,3
64,2021,2,2,2,8,2,1,19,1910,99,1,38,6,6,8,75,3
65,2021,2,2,2,10,2,1,19,1901,99,1,49,8,8,10,75,3
66,2021,2,2,2,19,4,3,5,501,99,1,39,6,6,8,69,3
67,2021,2,3,3,19,4,3,1,101,7,1,43,7,7,9,75,3
68,2021,2,4,4,11,2,1,20,2011,99,1,36,6,6,8,75,3
69,2021,2,4,4,11,2,1,19,1904,99,1,31,5,5,7,75,3
70,2021,2,5,5,18,4,3,20,2003,99,1,47,8,8,10,75,3
71,2021,2,6,6,12,3,2,2,203,99,1,33,5,5,7,75,3
72,2021,2,7,7,21,4,3,1,101,18,1,33,5,5,7,75,3
73,2021,2,7,7,21,4,3,2,201,99,1,41,7,7,9,75,3
74,2021,2,8,1,18,4,3,17,1704,99,1,999,12,16,18,75,3
75,2021,2,9,2,15,3,2,1,101,9,1,42,7,7,9,69,3
76,2021,2,9,2,15,3,2,19,1906,99,1,50,9,9,11,75,3
77,2021,2,10,3,23,4,3,1,101,1,1,999,12,16,18,69,3
78,2021,2,10,3,14,3,2,1,108,99,1,23,3,3,5,75,3
79,2021,2,11,4,20,4,3,1,101,12,1,40,7,7,9,69,3
80,2021,2,11,4,19,4,3,1,108,99,2,21,3,3,5,75,3
81,2021,2,11,4,7,2,1,1,115,99,1,33,5,5,7,69,3
82,2021,2,12,5,19,4,3,5,502,99,1,36,6,6,8,69,3
83,2021,2,12,5,19,4,3,18,1802,99,1,36,6,6,8,75,3
84,2021,2,12,5,19,4,3,18,1802,99,1,36,6,6,8,75,3
85,2021,2,13,6,6,2,1,6,614,99,1,47,8,8,10,75,3
86,2021,2,14,7,9,2,1,17,1701,99,1,999,12,16,18,75,3
87,2021,2,15,1,15,3,2,5,501,99,1,46,8,8,10,75,3
88,2021,2,15,1,20,4,3,18,1805,99,1,47,8,8,10,75,3
89,2021,2,16,2,10,2,1,1,101,3,1,60,11,11,13,75,3
90,2021,2,16,2,10,2,1,22,2201,99,1,19,2,2,4,69,3
91,2021,2,17,3,9,2,1,20,2002,99,1,49,8,8,10,75,3
92,2021,2,17,3,9,2,1,5,504,99,1,56,10,10,12,75,3
93,2021,2,17,3,10,2,1,18,1805,99,1,38,6,6,8,75,3
94,2021,2,18,4,12,3,2,2,203,99,1,41,7,7,9,75,3
95,2021,2,19,5,18,4,3,1,114,99,1,42,7,7,9,75,3
96,2021,2,19,5,17,3,2,1,101,15,1,56,10,10,12,75,3
97,2021,2,21,7,13,3,2,12,1221,99,1,33,5,5,7,72,3
98,2021,2,22,1,17,3,2,1,101,7,1,25,4,4,6,69,3
99,2021,2,22,1,21,4,3,1,108,99,1,47,8,8,10,75,3
100,2021,2,25,4,16,3,2,1,101,14,1,29,4,4,6,69,3
101,2021,2,26,5,16,3,2,5,501,99,1,27,4,4,6,69,3
102,2021,2,26,5,6,2,1,2,207,99,1,50,9,9,11,69,3
103,2021,2,27,6,16,3,2,5,501,99,1,49,8,8,10,75,3
104,2021,2,28,7,18,4,3,13,1301,99,1,39,6,6,8,69,3
105,2021,2,28,7,16,3,2,1,115,99,1,25,4,4,6,69,3
106,2021,1,1,5,15,3,2,1,101,16,1,58,10,10,12,19,3
107,2021,1,1,5,12,3,2,1,101,12,2,68,11,12,14,81,3
108,2021,1,1,5,1,1,1,22,2210,99,1,26,4,4,6,81,3
109,2021,1,1,5,21,4,3,18,1801,99,1,27,4,4,6,81,3
110,2021,1,1,5,3,1,1,4,401,99,1,66,11,12,14,81,3
111,2021,1,2,6,22,4,3,1,101,7,1,51,9,9,11,81,3
112,2021,1,2,6,10,2,1,1,114,99,2,21,3,3,5,20,3
113,2021,1,2,6,10,2,1,1,108,99,1,26,4,4,6,19,3
114,2021,1,2,6,17,3,2,22,2214,99,1,36,6,6,8,81,3
115,2021,1,2,6,9,2,1,5,504,99,1,27,4,4,6,21,3
116,2021,1,2,6,1,1,1,16,1606,99,2,999,12,16,18,81,3
117,2021,1,2,6,15,3,2,16,1613,99,1,999,12,16,18,81,3
118,2021,1,2,6,12,3,2,17,1705,99,1,999,12,16,18,81,3
119,2021,1,2,6,12,3,2,14,1420,99,1,999,12,16,18,81,3
120,2021,1,3,7,10,2,1,1,101,5,2,999,12,16,18,21,3
121,2021,1,3,7,9,2,1,1,113,99,2,26,4,4,6,81,3
122,2021,1,3,7,7,2,1,12,1202,99,2,999,12,16,18,81,3
123,2021,1,3,7,0,1,1,16,1613,99,1,34,5,5,7,19,3
124,2021,1,3,7,7,2,1,15,1502,99,1,31,5,5,7,20,3
125,2021,1,4,1,12,3,2,1,101,9,2,31,5,5,7,20,3
126,2021,1,4,1,11,2,1,6,612,99,1,44,7,7,9,81,3
127,2021,1,4,1,5,1,1,10,1010,99,1,999,12,16,18,19,3
128,2021,1,4,1,21,4,3,10,1001,99,2,23,3,3,5,20,3
129,2021,1,4,1,21,4,3,17,1703,99,1,38,6,6,8,19,3
130,2021,1,4,1,6,2,1,17,1702,99,1,47,8,8,10,19,3
131,2021,1,5,2,10,2,1,1,108,99,1,36,6,6,8,81,3
132,2021,1,5,2,11,2,1,1,115,99,2,49,8,8,10,81,3
133,2021,1,5,2,10,2,1,19,1907,99,1,65,11,12,14,81,3
134,2021,1,5,2,20,4,3,12,1222,99,2,35,6,6,8,21,3
135,2021,1,5,2,21,4,3,15,1505,99,1,24,3,3,5,81,3
136,2021,1,6,3,11,2,1,1,103,99,2,45,8,8,10,19,3
137,2021,1,6,3,17,3,2,1,101,11,2,31,5,5,7,20,3
138,2021,1,6,3,14,3,2,1,115,99,1,35,6,6,8,21,3
139,2021,1,6,3,22,4,3,11,1107,99,1,42,7,7,9,35,3
140,2021,1,6,3,21,4,3,15,1505,99,1,76,11,14,16,81,3
141,2021,1,6,3,17,3,2,7,719,99,1,22,3,3,5,19,3
142,2021,1,7,4,22,4,3,1,101,9,1,23,3,3,5,20,3
143,2021,1,7,4,18,4,3,1,101,1,2,49,8,8,10,19,3
144,2021,1,7,4,15,3,2,17,1712,99,2,40,7,7,9,20,3
145,2021,1,8,5,22,4,3,14,1414,99,1,999,12,16,18,21,3
146,2021,1,8,5,20,4,3,3,301,99,2,48,8,8,10,20,3
147,2021,1,9,6,16,3,2,5,504,99,2,20,3,3,5,20,3
148,2021,1,9,6,8,2,1,18,1805,99,2,25,4,4,6,20,3
149,2021,1,10,7,7,2,1,1,101,11,1,52,9,9,11,19,3
150,2021,1,10,7,10,2,1,1,115,99,2,18,2,2,4,20,3
151,2021,1,10,7,1,1,1,18,1801,99,1,28,4,4,6,20,3
152,2021,1,10,7,1,1,1,18,1801,99,1,999,12,16,18,20,3
153,2021,1,11,1,2,1,1,1,101,12,1,26,4,4,6,20,3
154,2021,1,11,1,18,4,3,1,108,99,2,32,5,5,7,19,3
155,2021,1,11,1,10,2,1,9,901,99,2,45,8,8,10,21,3
156,2021,1,11,1,23,4,3,13,1301,99,1,999,12,16,18,20,3
157,2021,1,12,2,9,2,1,1,101,4,1,25,4,4,6,20,3
158,2021,1,12,2,22,4,3,1,101,12,1,999,12,16,18,20,3
159,2021,1,12,2,12,3,2,2,207,99,2,23,3,3,5,20,3
160,2021,1,12,2,0,1,1,14,1401,99,1,33,5,5,7,19,3
161,2021,1,12,2,6,2,1,1,101,11,1,33,5,5,7,21,3
162,2021,1,13,3,14,3,2,1,101,21,1,38,6,6,8,81,3
163,2021,1,13,3,13,3,2,7,701,99,1,999,12,16,18,20,3
164,2021,1,13,3,6,2,1,17,1705,99,1,54,9,9,11,19,3
165,2021,1,13,3,8,2,1,14,1419,99,2,23,3,3,5,20,3
166,2021,1,13,3,14,3,2,1,105,99,1,32,5,5,7,19,3
167,2021,1,14,4,12,3,2,5,501,99,2,43,7,7,9,20,3
168,2021,1,14,4,1,1,1,7,712,99,1,46,8,8,10,19,3
169,2021,1,14,4,8,2,1,20,2005,99,1,54,9,9,11,81,3
170,2021,1,15,5,9,2,1,1,101,12,1,55,10,10,12,20,3
171,2021,1,15,5,19,4,3,19,1910,99,1,35,6,6,8,81,3
172,2021,1,16,6,11,2,1,1,101,1,1,26,4,4,6,21,3
173,2021,1,16,6,21,4,3,1,102,99,2,35,6,6,8,19,3
174,2021,1,16,6,21,4,3,9,916,99,2,36,6,6,8,21,3
175,2021,1,16,6,12,3,2,18,1804,99,1,34,5,5,7,20,3
176,2021,1,16,6,20,4,3,17,1701,99,1,35,6,6,8,20,3
177,2021,1,17,7,12,3,2,1,101,17,2,39,6,6,8,81,3
178,2021,1,17,7,21,4,3,1,102,99,1,999,12,16,18,19,3
179,2021,1,17,7,21,4,3,1,101,10,1,28,4,4,6,19,3
180,2021,1,17,7,20,4,3,6,602,99,1,36,6,6,8,81,3
181,2021,1,17,7,20,4,3,12,1219,99,1,31,5,5,7,21,3
182,2021,1,17,7,15,3,2,17,1701,99,2,31,5,5,7,81,3
183,2021,1,17,7,17,3,2,14,1413,99,1,55,10,10,12,81,3
184,2021,1,18,1,16,3,2,1,101,7,1,999,12,16,18,20,3
185,2021,1,18,1,15,3,2,5,505,99,2,35,6,6,8,81,3
186,2021,1,18,1,10,2,1,11,1102,99,1,999,12,16,18,21,3
187,2021,1,19,2,20,4,3,1,106,99,2,999,12,16,18,21,3
188,2021,1,19,2,13,3,2,1,102,99,1,36,6,6,8,21,3
189,2021,1,19,2,17,3,2,13,1323,99,1,42,7,7,9,81,3
190,2021,1,20,3,11,2,1,1,101,17,1,42,7,7,9,21,3
191,2021,1,20,3,20,4,3,5,506,99,2,56,10,10,12,20,3
192,2021,1,20,3,0,1,1,12,1217,99,2,27,4,4,6,81,3
193,2021,1,21,4,16,3,2,12,1216,99,2,25,4,4,6,21,3
194,2021,1,21,4,1,1,1,14,1404,99,1,19,2,2,4,81,3
195,2021,1,22,5,14,3,2,17,1707,99,1,63,11,11,13,78,3
196,2021,1,22,5,20,4,3,4,416,99,1,999,12,16,18,21,3
197,2021,1,23,6,13,3,2,14,1401,99,1,20,3,3,5,21,3
198,2021,1,23,6,18,4,3,1,101,10,1,42,7,7,9,21,3
199,2021,1,24,7,8,2,1,1,102,99,1,25,4,4,6,20,3
200,2021,1,24,7,3,1,1,7,715,99,1,28,4,4,6,21,3
201,2021,1,24,7,13,3,2,12,1207,99,1,999,12,16,18,21,3
202,2021,1,24,7,20,4,3,12,1220,99,1,999,12,16,18,81,3
203,2021,1,24,7,19,4,3,1,117,99,2,40,7,7,9,81,3
204,2021,1,24,7,1,1,1,19,1901,99,1,44,7,7,9,81,3
205,2021,1,24,7,10,2,1,1,101,2,2,34,5,5,7,20,3
206,2021,1,25,1,17,3,2,1,101,18,1,32,5,5,7,81,3
207,2021,1,25,1,8,2,1,1,110,99,1,25,4,4,6,20,3
208,2021,1,25,1,14,3,2,10,1006,99,1,19,2,2,4,19,3
209,2021,1,25,1,0,1,1,12,1217,99,1,47,8,8,10,81,3
210,2021,1,25,1,13,3,2,12,1207,99,1,999,12,16,18,21,3
211,2021,1,26,2,8,2,1,1,106,99,1,60,11,11,13,21,3
212,2021,1,26,2,7,2,1,1,116,99,1,34,5,5,7,81,3
213,2021,1,26,2,23,4,3,1,110,99,1,999,12,16,18,19,3
214,2021,1,26,2,9,2,1,13,1301,99,1,47,8,8,10,21,3
215,2021,1,26,2,9,2,1,17,1703,99,1,60,11,11,13,78,3
216,2021,1,27,3,12,3,2,1,101,1,1,44,7,7,9,21,3
217,2021,1,27,3,10,2,1,1,117,99,1,45,8,8,10,20,3
218,2021,1,27,3,10,2,1,1,110,99,1,32,5,5,7,19,3
219,2021,1,27,3,5,1,1,5,509,99,2,28,4,4,6,20,3
220,2021,1,28,4,7,2,1,11,1101,99,1,68,11,12,14,20,3
221,2021,1,28,4,16,3,2,14,1412,99,2,62,11,11,13,81,3
222,2021,1,28,4,17,3,2,14,1413,99,2,999,12,16,18,81,3
223,2021,1,28,4,19,4,3,1,102,99,1,999,12,16,18,21,3
224,2021,1,28,4,12,3,2,9,920,99,1,999,12,16,18,81,3
225,2021,1,29,5,14,3,2,2,206,99,2,999,12,16,18,20,3
226,2021,1,29,5,20,4,3,1,101,17,1,32,5,5,7,21,3
227,2021,1,30,6,19,4,3,1,101,2,2,60,11,11,13,81,3
228,2021,1,30,6,15,3,2,1,108,99,1,36,6,6,8,81,3
229,2021,1,31,7,19,4,3,1,101,2,1,21,3,3,5,21,3
230,2021,1,31,7,11,2,1,1,101,12,1,58,10,10,12,21,3
231,2021,1,31,7,10,2,1,3,312,99,2,999,12,16,18,21,3
232,2021,2,1,1,6,2,1,1,101,17,2,25,4,4,6,81,3
233,2021,2,1,1,11,2,1,1,101,18,1,28,4,4,6,20,3
234,2021,2,1,1,7,2,1,1,115,99,1,54,9,9,11,20,3
235,2021,2,1,1,10,2,1,5,501,99,1,24,3,3,5,20,3
236,2021,2,1,1,14,3,2,16,1601,99,1,30,5,5,7,20,3
237,2021,2,1,1,1,1,1,2,202,99,1,66,11,12,14,81,3
238,2021,2,2,2,19,4,3,22,2202,99,2,38,6,6,8,19,3
239,2021,2,3,3,20,4,3,1,101,11,2,29,4,4,6,20,3
240,2021,2,3,3,18,4,3,1,110,99,1,48,8,8,10,32,3
241,2021,2,3,3,13,3,2,6,608,99,1,50,9,9,11,20,3
242,2021,2,5,5,9,2,1,1,108,99,1,21,3,3,5,19,3
243,2021,2,5,5,11,2,1,21,2102,99,1,32,5,5,7,19,3
244,2021,2,6,6,10,2,1,1,101,1,1,57,10,10,12,19,3
245,2021,2,6,6,11,2,1,9,920,99,2,999,12,16,18,21,3
246,2021,2,6,6,8,2,1,9,901,99,1,47,8,8,10,21,3
247,2021,2,6,6,12,3,2,12,1202,99,2,25,4,4,6,21,3
248,2021,2,6,6,17,3,2,7,717,99,1,44,7,7,9,19,3
249,2021,2,7,7,0,1,1,12,1201,99,1,37,6,6,8,20,3
250,2021,2,8,1,8,2,1,1,108,99,1,23,3,3,5,20,3
251,2021,2,8,1,11,2,1,1,101,18,1,57,10,10,12,19,3
252,2021,2,8,1,10,2,1,16,1610,99,1,999,12,16,18,21,3
253,2021,2,9,2,15,3,2,1,101,9,1,42,7,7,9,20,3
254,2021,2,9,2,4,1,1,1,101,8,1,55,10,10,12,20,3
255,2021,2,9,2,20,4,3,1,101,12,1,44,7,7,9,20,3
256,2021,2,9,2,20,4,3,1,108,99,1,999,12,16,18,32,3
257,2021,2,10,3,22,4,3,1,101,2,1,61,11,11,13,20,3
258,2021,2,10,3,6,2,1,19,1901,99,1,37,6,6,8,20,3
259,2021,2,10,3,5,1,1,2,204,99,2,999,12,16,18,20,3
260,2021,2,11,4,19,4,3,1,108,99,2,21,3,3,5,81,3
261,2021,2,11,4,19,4,3,1,115,99,1,48,8,8,10,81,3
262,2021,2,11,4,15,3,2,20,2001,99,2,48,8,8,10,19,3
263,2021,2,11,4,7,2,1,5,505,99,1,64,11,11,13,32,3
264,2021,2,11,4,0,1,1,12,1202,99,1,28,4,4,6,20,3
265,2021,2,12,5,4,1,1,1,101,12,1,47,8,8,10,19,3
266,2021,2,12,5,17,3,2,1,101,5,1,33,5,5,7,19,3
267,2021,2,12,5,17,3,2,11,1101,99,2,999,12,16,18,81,3
268,2021,2,13,6,5,1,1,1,101,6,1,32,5,5,7,21,3
269,2021,2,13,6,11,2,1,1,101,1,1,22,3,3,5,20,3
270,2021,2,13,6,13,3,2,1,101,3,1,32,5,5,7,20,3
271,2021,2,13,6,10,2,1,1,115,99,1,59,10,10,12,32,3
272,2021,2,15,1,12,3,2,1,101,3,2,30,5,5,7,20,3
273,2021,2,15,1,7,2,1,1,101,1,1,46,8,8,10,20,3
274,2021,2,15,1,8,2,1,1,101,14,1,35,6,6,8,19,3
275,2021,2,15,1,8,2,1,1,101,5,2,20,3,3,5,81,3
276,2021,2,15,1,6,2,1,1,101,11,1,999,12,16,18,20,3
277,2021,2,15,1,3,1,1,9,903,99,1,999,12,16,18,19,3
278,2021,2,15,1,17,3,2,13,1327,99,1,999,12,16,18,20,3
279,2021,2,16,2,10,2,1,19,1901,99,1,999,12,16,18,21,3
280,2021,2,16,2,9,2,1,1,110,99,1,28,4,4,6,20,3
281,2021,2,16,2,16,3,2,5,501,99,1,41,7,7,9,20,3
282,2021,2,17,3,4,1,1,1,101,5,2,25,4,4,6,20,3
283,2021,2,17,3,10,2,1,18,1805,99,1,38,6,6,8,81,3
284,2021,2,17,3,9,2,1,5,504,99,1,56,10,10,12,81,3
285,2021,2,19,5,17,3,2,16,1602,99,2,30,5,5,7,19,3
286,2021,2,19,5,23,4,3,7,701,99,2,35,6,6,8,19,3
287,2021,2,20,6,14,3,2,1,101,17,1,999,12,16,18,21,3
288,2021,2,20,6,6,2,1,20,2001,99,1,25,4,4,6,81,3
289,2021,2,20,6,19,4,3,2,204,99,1,37,6,6,8,81,3
290,2021,2,20,6,6,2,1,14,1412,99,1,70,11,13,15,81,3
291,2021,2,21,7,13,3,2,1,101,1,1,56,10,10,12,21,3
292,2021,2,21,7,11,2,1,1,101,5,1,41,7,7,9,19,3
293,2021,2,21,7,5,1,1,1,101,12,1,51,9,9,11,21,3
294,2021,2,21,7,16,3,2,1,101,11,1,52,9,9,11,19,3
295,2021,2,21,7,9,2,1,5,502,99,1,999,12,16,18,20,3
296,2021,2,21,7,18,4,3,5,501,99,1,999,12,16,18,20,3
297,2021,2,21,7,22,4,3,12,1213,99,1,31,5,5,7,19,3
298,2021,2,21,7,14,3,2,13,1301,99,1,999,12,16,18,20,3
299,2021,2,21,7,12,3,2,17,1706,99,2,24,3,3,5,19,3
300,2021,2,21,7,11,2,1,4,401,99,1,30,5,5,7,20,3
301,2021,2,22,1,9,2,1,1,101,10,1,30,5,5,7,20,3
302,2021,2,22,1,7,2,1,1,117,99,1,29,4,4,6,20,3
303,2021,2,22,1,14,3,2,1,117,99,2,43,7,7,9,32,3
304,2021,2,22,1,13,3,2,1,117,99,1,17,2,2,4,32,3
305,2021,2,22,1,12,3,2,15,1501,99,2,50,9,9,11,20,3
306,2021,2,23,2,20,4,3,1,101,2,1,58,10,10,12,19,3
307,2021,2,23,2,6,2,1,1,101,7,1,48,8,8,10,19,3
308,2021,2,23,2,11,2,1,1,114,99,2,25,4,4,6,20,3
309,2021,2,23,2,11,2,1,10,1001,99,1,999,12,16,18,20,3
310,2021,2,23,2,17,3,2,12,1221,99,1,48,8,8,10,19,3
311,2021,2,23,2,5,1,1,17,1703,99,1,38,6,6,8,19,3
312,2021,2,24,3,11,2,1,17,1708,99,1,39,6,6,8,19,3
313,2021,2,24,3,17,3,2,1,101,17,2,46,8,8,10,19,3
314,2021,2,24,3,18,4,3,3,314,99,1,999,12,16,18,32,3
315,2021,2,24,3,21,4,3,8,801,99,1,33,5,5,7,20,3
316,2021,2,25,4,5,1,1,22,2201,99,2,81,11,15,17,19,3
317,2021,2,25,4,19,4,3,8,803,99,2,999,12,16,18,20,3
318,2021,2,26,5,14,3,2,1,101,4,1,999,12,16,18,20,3
319,2021,2,26,5,18,4,3,1,101,1,1,32,5,5,7,19,3
320,2021,2,26,5,19,4,3,1,102,99,1,26,4,4,6,19,3
321,2021,2,26,5,12,3,2,1,101,12,1,36,6,6,8,19,3
322,2021,2,26,5,14,3,2,1,115,99,1,58,10,10,12,19,3
323,2021,2,26,5,17,3,2,16,1610,99,1,28,4,4,6,21,3
324,2021,2,26,5,17,3,2,14,1413,99,1,29,4,4,6,21,3
325,2021,2,27,6,14,3,2,1,116,99,2,28,4,4,6,20,3
326,2021,2,27,6,8,2,1,1,108,99,1,47,8,8,10,21,3
327,2021,2,27,6,9,2,1,1,110,99,1,47,8,8,10,21,3
328,2021,2,27,6,12,3,2,22,2201,99,2,43,7,7,9,20,3
329,2021,2,27,6,11,2,1,13,1317,99,1,999,12,16,18,20,3
330,2021,2,28,7,19,4,3,1,101,1,1,38,6,6,8,20,3
331,2021,2,28,7,6,2,1,1,116,99,2,40,7,7,9,20,3
332,2021,2,28,7,11,2,1,1,116,99,1,32,5,5,7,20,3
333,2021,2,28,7,11,2,1,12,1211,99,1,46,8,8,10,81,3
334,2021,2,28,7,18,4,3,13,1301,99,1,39,6,6,8,19,3
335,2021,2,28,7,20,4,3,14,1413,99,2,57,10,10,12,81,3
336,2021,1,1,5,4,1,1,16,1608,99,1,999,12,16,18,80,3
337,2021,1,2,6,6,2,1,5,501,99,1,34,5,5,7,80,3
338,2021,1,3,7,9,2,1,1,101,7,2,21,3,3,5,30,3
339,2021,1,3,7,20,4,3,1,114,99,1,23,3,3,5,30,3
340,2021,1,3,7,10,2,1,11,1105,99,1,12,1,1,3,30,3
341,2021,1,3,7,21,4,3,16,1617,99,1,21,3,3,5,30,3
342,2021,1,5,2,16,3,2,2,203,99,1,72,11,13,15,30,3
343,2021,1,5,2,15,3,2,11,1102,99,2,15,2,2,4,30,3
344,2021,1,5,2,14,3,2,6,601,99,2,999,12,16,18,30,3
345,2021,1,6,3,7,2,1,1,115,99,2,999,12,16,18,30,3
346,2021,1,6,3,21,4,3,1,116,99,2,35,6,6,8,30,3
347,2021,1,6,3,19,4,3,22,2201,99,2,28,4,4,6,30,3
348,2021,1,6,3,15,3,2,17,1703,99,2,18,2,2,4,30,3
349,2021,1,7,4,7,2,1,1,101,6,2,43,7,7,9,30,3
350,2021,1,7,4,20,4,3,22,2217,99,2,999,12,16,18,30,3
351,2021,1,7,4,13,3,2,12,1215,99,2,34,5,5,7,30,3
352,2021,1,7,4,19,4,3,12,1204,99,1,17,2,2,4,30,3
353,2021,1,8,5,12,3,2,1,101,1,2,19,2,2,4,30,3
354,2021,1,8,5,12,3,2,13,1301,99,1,42,7,7,9,30,3
355,2021,1,8,5,12,3,2,15,1501,99,2,19,2,2,4,30,3
356,2021,1,8,5,20,4,3,18,1802,99,1,18,2,2,4,30,3
357,2021,1,9,6,17,3,2,16,1601,99,1,17,2,2,4,30,3
358,2021,1,10,7,8,2,1,5,501,99,1,16,2,2,4,30,3
359,2021,1,10,7,12,3,2,6,602,99,1,63,11,11,13,30,3
360,2021,1,12,2,15,3,2,1,108,99,2,999,12,16,18,30,3
361,2021,1,12,2,16,3,2,16,1603,99,2,21,3,3,5,30,3
362,2021,1,13,3,12,3,2,5,513,99,2,999,12,16,18,30,3
363,2021,1,13,3,12,3,2,5,502,99,2,19,2,2,4,30,3
364,2021,1,13,3,11,2,1,9,920,99,2,29,4,4,6,30,3
365,2021,1,13,3,15,3,2,1,102,99,1,40,7,7,9,30,3
366,2021,1,14,4,14,3,2,1,116,99,1,49,8,8,10,30,3
367,2021,1,14,4,15,3,2,1,115,99,1,31,5,5,7,30,3
368,2021,1,15,5,12,3,2,9,920,99,1,25,4,4,6,80,3
369,2021,1,17,7,17,3,2,9,901,99,2,16,2,2,4,80,3
370,2021,1,17,7,20,4,3,17,1710,99,1,999,12,16,18,30,3
371,2021,1,18,1,21,4,3,5,501,99,1,18,2,2,4,30,3
372,2021,1,19,2,10,2,1,3,301,99,1,44,7,7,9,80,3
373,2021,1,20,3,12,3,2,1,101,1,2,36,6,6,8,80,3
374,2021,1,20,3,22,4,3,1,101,1,1,24,3,3,5,30,3
375,2021,1,21,4,5,1,1,3,311,99,1,999,12,16,18,30,3
376,2021,1,23,6,13,3,2,16,1612,99,2,39,6,6,8,30,3
377,2021,1,23,6,16,3,2,16,1612,99,2,26,4,4,6,30,3
378,2021,1,23,6,17,3,2,4,401,99,1,19,2,2,4,30,3
379,2021,1,24,7,14,3,2,1,101,1,2,42,7,7,9,30,3
380,2021,1,24,7,14,3,2,2,207,99,1,25,4,4,6,80,3
381,2021,1,24,7,16,3,2,1,101,5,2,25,4,4,6,80,3
382,2021,1,24,7,17,3,2,16,1602,99,2,17,2,2,4,80,3
383,2021,1,25,1,22,4,3,1,101,11,2,19,2,2,4,30,3
384,2021,1,25,1,19,4,3,1,115,99,1,24,3,3,5,30,3
385,2021,1,25,1,15,3,2,3,312,99,1,35,6,6,8,30,3
386,2021,1,26,2,0,1,1,1,108,99,1,21,3,3,5,30,3
387,2021,1,26,2,21,4,3,1,101,7,1,24,3,3,5,30,3
388,2021,1,27,3,17,3,2,1,101,2,2,39,6,6,8,30,3
389,2021,1,27,3,12,3,2,5,502,99,1,22,3,3,5,30,3
390,2021,1,27,3,11,2,1,4,410,99,1,32,5,5,7,30,3
391,2021,1,28,4,19,4,3,1,101,7,1,32,5,5,7,30,3
392,2021,1,29,5,6,2,1,1,101,7,1,37,6,6,8,30,3
393,2021,1,29,5,16,3,2,1,101,5,2,22,3,3,5,30,3
394,2021,1,30,6,12,3,2,1,101,1,1,60,11,11,13,30,3
395,2021,1,30,6,17,3,2,1,114,99,2,34,5,5,7,30,3
396,2021,1,30,6,14,3,2,19,1909,99,1,19,2,2,4,30,3
397,2021,1,30,6,12,3,2,4,406,99,1,999,12,16,18,30,3
398,2021,1,31,7,11,2,1,1,101,1,2,17,2,2,4,30,3
399,2021,1,31,7,15,3,2,1,101,11,2,19,2,2,4,30,3
400,2021,1,31,7,18,4,3,5,501,99,1,22,3,3,5,30,3
401,2021,1,9,6,16,3,2,4,406,99,1,28,4,4,6,83,3
402,2021,2,1,1,20,4,3,1,114,99,1,20,3,3,5,30,3
403,2021,2,2,2,19,4,3,1,101,7,2,20,3,3,5,30,3
404,2021,2,2,2,14,3,2,5,506,99,2,37,6,6,8,30,3
405,2021,2,3,3,99,5,4,20,2001,99,1,23,3,3,5,30,3
406,2021,2,3,3,11,2,1,16,1607,99,1,19,2,2,4,30,3
407,2021,2,4,4,21,4,3,16,1609,99,1,999,12,16,18,30,3
408,2021,2,5,5,15,3,2,9,903,99,1,29,4,4,6,30,3
409,2021,2,7,7,18,4,3,1,101,11,1,28,4,4,6,30,3
410,2021,2,7,7,17,3,2,8,801,99,1,999,12,16,18,30,3
411,2021,2,8,1,6,2,1,1,116,99,1,25,4,4,6,30,3
412,2021,2,8,1,20,4,3,14,1401,99,1,33,5,5,7,30,3
413,2021,2,9,2,15,3,2,1,101,9,1,42,7,7,9,30,3
414,2021,2,9,2,18,4,3,12,1222,99,2,29,4,4,6,30,3
415,2021,2,10,3,17,3,2,1,101,12,2,999,12,16,18,30,3
416,2021,2,10,3,17,3,2,1,101,11,1,19,2,2,4,30,3
417,2021,2,10,3,12,3,2,20,2001,99,2,999,12,16,18,30,3
418,2021,2,11,4,14,3,2,1,101,1,2,20,3,3,5,30,3
419,2021,2,11,4,17,3,2,1,101,7,1,18,2,2,4,30,3
420,2021,2,11,4,7,2,1,1,115,99,1,33,5,5,7,30,3
421,2021,2,11,4,11,2,1,5,507,99,2,35,6,6,8,30,3
422,2021,2,11,4,16,3,2,5,501,99,1,999,12,16,18,30,3
423,2021,2,11,4,16,3,2,16,1610,99,1,48,8,8,10,30,3
424,2021,2,12,5,19,4,3,1,101,1,1,26,4,4,6,30,3
425,2021,2,12,5,6,2,1,1,108,99,1,20,3,3,5,80,3
426,2021,2,12,5,14,3,2,20,2001,99,1,40,7,7,9,30,3
427,2021,2,12,5,19,4,3,5,502,99,1,36,6,6,8,30,3
428,2021,2,12,5,19,4,3,16,1609,99,1,47,8,8,10,30,3
429,2021,2,12,5,20,4,3,14,1420,99,1,48,8,8,10,30,3
430,2021,2,12,5,15,3,2,4,403,99,1,49,8,8,10,30,3
431,2021,2,13,6,15,3,2,20,2009,99,1,21,3,3,5,30,3
432,2021,2,13,6,11,2,1,12,1215,99,2,19,2,2,4,30,3
433,2021,2,13,6,19,4,3,16,1601,99,1,18,2,2,4,30,3
434,2021,2,13,6,16,3,2,2,201,99,1,46,8,8,10,30,3
435,2021,2,14,7,19,4,3,21,2101,99,1,17,2,2,4,30,3
436,2021,2,14,7,6,2,1,1,108,99,1,50,9,9,11,30,3
437,2021,2,15,1,20,4,3,1,115,99,2,22,3,3,5,30,3
438,2021,2,15,1,13,3,2,5,511,99,2,50,9,9,11,30,3
439,2021,2,16,2,13,3,2,1,101,11,1,24,3,3,5,30,3
440,2021,2,16,2,21,4,3,1,101,19,1,22,3,3,5,30,3
441,2021,2,16,2,14,3,2,1,108,99,1,29,4,4,6,30,3
442,2021,2,16,2,15,3,2,13,1301,99,2,49,8,8,10,30,3
443,2021,2,17,3,14,3,2,1,101,1,2,999,12,16,18,30,3
444,2021,2,19,4,10,2,1,1,101,18,2,18,2,2,4,30,3
445,2021,2,20,6,11,2,1,5,501,99,2,17,2,2,4,30,3
446,2021,2,20,6,19,4,3,10,1001,99,2,41,7,7,9,30,3
447,2021,2,20,6,19,4,3,8,805,99,1,40,7,7,9,30,3
448,2021,2,20,6,19,4,3,8,805,99,1,40,7,7,9,30,3
449,2021,2,20,6,15,3,2,16,1616,99,2,20,3,3,5,30,3
450,2021,2,22,1,23,4,3,13,1312,99,2,56,10,10,12,30,3
451,2021,2,23,2,10,2,1,1,101,4,2,34,5,5,7,30,3
452,2021,2,23,2,11,2,1,3,301,99,1,63,11,11,13,30,3
453,2021,2,23,2,11,2,1,3,301,99,1,999,12,16,18,30,3
454,2021,2,23,2,11,2,1,3,301,99,1,999,12,16,18,30,3
455,2021,2,23,2,11,2,1,3,301,99,1,999,12,16,18,30,3
456,2021,2,23,2,11,2,1,3,301,99,1,999,12,16,18,30,3
457,2021,2,24,3,19,4,3,1,101,7,1,36,6,6,8,30,3
458,2021,2,24,3,14,3,2,1,108,99,1,20,3,3,5,30,3
459,2021,2,24,3,12,3,2,16,1601,99,1,16,2,2,4,30,3
460,2021,2,26,5,15,3,2,1,101,11,1,54,9,9,11,30,3
461,2021,2,26,5,16,3,2,1,115,99,1,30,5,5,7,30,3
462,2021,2,26,5,8,2,1,11,1101,99,1,20,3,3,5,30,3
463,2021,2,27,6,19,4,3,1,101,3,1,22,3,3,5,30,3
464,2021,2,27,6,14,3,2,10,1001,99,1,999,12,16,18,30,3
465,2021,2,27,6,8,2,1,14,1413,99,1,999,12,16,18,30,3
466,2021,2,28,7,18,4,3,16,1601,99,1,999,12,16,18,30,3
467,2021,1,1,5,17,3,2,1,101,3,1,25,4,4,6,79,3
468,2021,1,1,5,14,3,2,1,101,7,1,26,4,4,6,79,3
469,2021,1,1,5,16,3,2,1,116,99,1,33,5,5,7,79,3
470,2021,1,1,5,9,2,1,20,2001,99,1,22,3,3,5,79,3
471,2021,1,1,5,9,2,1,5,502,99,1,38,6,6,8,79,3
472,2021,1,1,5,2,1,1,5,502,99,1,23,3,3,5,79,3
473,2021,1,1,5,11,2,1,5,507,99,2,21,3,3,5,24,3
474,2021,1,1,5,19,4,3,5,501,99,1,40,7,7,9,24,3
475,2021,1,1,5,22,4,3,5,501,99,1,21,3,3,5,79,3
476,2021,1,1,5,17,3,2,5,502,99,1,26,4,4,6,79,3
477,2021,1,1,5,17,3,2,18,1804,99,1,26,4,4,6,79,3
478,2021,1,1,5,9,2,1,18,1801,99,1,30,5,5,7,79,3
479,2021,1,1,5,13,3,2,18,1801,99,2,50,9,9,11,79,3
480,2021,1,1,5,16,3,2,17,1702,99,1,66,11,12,14,79,3
481,2021,1,1,5,19,4,3,18,1801,99,1,28,4,4,6,79,3
482,2021,1,1,5,19,4,3,1,109,99,1,32,5,5,7,24,3
483,2021,1,1,5,14,3,2,5,509,99,1,24,3,3,5,79,3
484,2021,1,2,6,6,2,1,1,101,8,1,23,3,3,5,79,3
485,2021,1,2,6,5,1,1,1,101,18,1,30,5,5,7,24,3
486,2021,1,2,6,21,4,3,1,115,99,2,42,7,7,9,24,3
487,2021,1,2,6,17,3,2,5,507,99,1,32,5,5,7,24,3
488,2021,1,2,6,16,3,2,5,507,99,1,23,3,3,5,24,3
489,2021,1,2,6,16,3,2,5,507,99,1,21,3,3,5,24,3
490,2021,1,2,6,17,3,2,5,501,99,1,31,5,5,7,24,3
491,2021,1,2,6,8,2,1,22,2201,99,1,37,6,6,8,79,3
492,2021,1,2,6,22,4,3,1,117,99,1,37,6,6,8,24,3
493,2021,1,3,7,2,1,1,1,101,7,1,30,5,5,7,79,3
494,2021,1,3,7,15,3,2,1,115,99,2,35,6,6,8,79,3
495,2021,1,3,7,9,2,1,11,1101,99,1,39,6,6,8,79,3
496,2021,1,3,7,20,4,3,11,1101,99,2,33,5,5,7,79,3
497,2021,1,3,7,17,3,2,12,1215,99,1,30,5,5,7,79,3
498,2021,1,3,7,16,3,2,18,1804,99,1,24,3,3,5,79,3
499,2021,1,3,7,16,3,2,18,1804,99,1,29,4,4,6,79,3
500,2021,1,4,1,11,2,1,1,101,10,1,38,6,6,8,79,3
501,2021,1,4,1,13,3,2,1,101,14,1,30,5,5,7,79,3
502,2021,1,4,1,10,2,1,1,115,99,1,24,3,3,5,79,3
503,2021,1,4,1,22,4,3,1,108,99,1,29,4,4,6,79,3
504,2021,1,4,1,10,2,1,13,1301,99,2,23,3,3,5,24,3
505,2021,1,4,1,13,3,2,18,1804,99,2,29,4,4,6,79,3
506,2021,1,5,2,5,1,1,1,102,99,2,68,11,12,14,79,3
507,2021,1,5,2,18,4,3,1,115,99,1,30,5,5,7,79,3
508,2021,1,5,2,20,4,3,1,117,99,1,43,7,7,9,79,3
509,2021,1,5,2,17,3,2,1,116,99,1,25,4,4,6,79,3
510,2021,1,5,2,21,4,3,1,101,21,1,33,5,5,7,79,3
511,2021,1,6,3,11,2,1,1,101,9,1,34,5,5,7,79,3
512,2021,1,6,3,5,1,1,1,101,13,1,34,5,5,7,79,3
513,2021,1,6,3,15,3,2,1,116,99,1,39,6,6,8,24,3
514,2021,1,6,3,10,2,1,1,115,99,1,35,6,6,8,79,3
515,2021,1,6,3,19,4,3,1,115,99,2,34,5,5,7,79,3
516,2021,1,6,3,14,3,2,1,108,99,1,21,3,3,5,79,3
517,2021,1,6,3,16,3,2,18,1801,99,1,27,4,4,6,24,3
518,2021,1,6,3,20,4,3,4,401,99,1,999,12,16,18,24,3
519,2021,1,6,3,18,4,3,1,115,99,1,21,3,3,5,79,3
520,2021,1,6,3,11,2,1,5,507,99,2,37,6,6,8,24,3
521,2021,1,6,3,19,4,3,5,509,99,1,24,3,3,5,79,3
522,2021,1,6,3,21,4,3,11,1101,99,1,22,3,3,5,79,3
523,2021,1,7,4,10,2,1,1,101,10,1,24,3,3,5,79,3
524,2021,1,7,4,14,3,2,1,101,7,1,23,3,3,5,79,3
525,2021,1,7,4,6,2,1,1,115,99,1,32,5,5,7,24,3
526,2021,1,7,4,20,4,3,1,116,99,1,35,6,6,8,24,3
527,2021,1,7,4,16,3,2,5,507,99,1,47,8,8,10,24,3
528,2021,1,7,4,9,2,1,16,1616,99,1,48,8,8,10,79,3
529,2021,1,7,4,8,2,1,5,501,99,1,30,5,5,7,79,3
530,2021,1,7,4,18,4,3,4,407,99,1,28,4,4,6,79,3
531,2021,1,7,4,12,3,2,1,101,10,1,32,5,5,7,79,3
532,2021,1,8,5,12,3,2,1,101,9,1,999,12,16,18,79,3
533,2021,1,8,5,0,1,1,1,101,6,1,29,4,4,6,24,3
534,2021,1,8,5,0,1,1,1,101,6,1,38,6,6,8,24,3
535,2021,1,8,5,13,3,2,1,101,10,1,29,4,4,6,79,3
536,2021,1,8,5,21,4,3,1,101,10,1,48,8,8,10,24,3
537,2021,1,8,5,15,3,2,1,101,7,1,25,4,4,6,79,3
538,2021,1,8,5,11,2,1,1,108,99,1,29,4,4,6,79,3
539,2021,1,8,5,22,4,3,1,101,12,1,21,3,3,5,24,3
540,2021,1,8,5,17,3,2,1,115,99,1,28,4,4,6,79,3
541,2021,1,8,5,19,4,3,5,501,99,1,48,8,8,10,24,3
542,2021,1,9,6,8,2,1,1,101,6,1,22,3,3,5,79,3
543,2021,1,9,6,10,2,1,1,101,18,1,44,7,7,9,79,3
544,2021,1,9,6,21,4,3,19,1901,99,1,53,9,9,11,79,3
545,2021,1,9,6,14,3,2,10,1001,99,1,28,4,4,6,79,3
546,2021,1,9,6,12,3,2,5,503,99,1,25,4,4,6,24,3
547,2021,1,9,6,8,2,1,18,1801,99,1,30,5,5,7,79,3
548,2021,1,9,6,20,4,3,17,1703,99,1,50,9,9,11,79,3
549,2021,1,9,6,19,4,3,3,302,99,1,26,4,4,6,24,3
550,2021,1,9,6,20,4,3,1,116,99,2,23,3,3,5,79,3
551,2021,1,9,6,22,4,3,1,116,99,1,24,3,3,5,79,3
552,2021,1,9,6,18,4,3,1,101,6,1,40,7,7,9,79,3
553,2021,1,9,6,7,2,1,1,101,11,1,29,4,4,6,79,3
554,2021,1,9,6,3,1,1,5,509,99,1,40,7,7,9,24,3
555,2021,1,9,6,19,4,3,1,101,12,1,36,6,6,8,79,3
556,2021,1,9,6,19,4,3,4,401,99,1,30,5,5,7,79,3
557,2021,1,9,6,14,3,2,1,101,2,1,33,5,5,7,79,3
558,2021,1,9,6,14,3,2,18,1804,99,2,40,7,7,9,79,3
559,2021,1,10,7,8,2,1,1,115,99,1,20,3,3,5,24,3
560,2021,1,10,7,16,3,2,1,101,11,2,31,5,5,7,79,3
561,2021,1,10,7,22,4,3,5,507,99,1,30,5,5,7,79,3
562,2021,1,10,7,15,3,2,5,501,99,1,63,11,11,13,24,3
563,2021,1,10,7,20,4,3,5,501,99,1,63,11,11,13,24,3
564,2021,1,10,7,21,4,3,5,501,99,1,25,4,4,6,24,3
565,2021,1,10,7,21,4,3,18,1801,99,2,41,7,7,9,24,3
566,2021,1,10,7,5,1,1,11,1106,99,1,35,6,6,8,79,3
567,2021,1,11,1,4,1,1,1,101,10,1,24,3,3,5,24,3
568,2021,1,11,1,21,4,3,1,101,13,1,21,3,3,5,24,3
569,2021,1,11,1,3,1,1,1,108,99,1,24,3,3,5,79,3
570,2021,1,11,1,4,1,1,6,606,99,1,36,6,6,8,79,3
571,2021,1,11,1,14,3,2,6,606,99,1,29,4,4,6,79,3
572,2021,1,11,1,5,1,1,10,1005,99,1,41,7,7,9,79,3
573,2021,1,11,1,5,1,1,18,1802,99,1,30,5,5,7,79,3
574,2021,1,11,1,6,2,1,18,1802,99,1,30,5,5,7,79,3
575,2021,1,11,1,10,2,1,1,108,99,1,25,4,4,6,79,3
576,2021,1,11,1,19,4,3,18,1801,99,2,43,7,7,9,79,3
577,2021,1,11,1,20,4,3,22,2202,99,1,19,2,2,4,79,3
578,2021,1,11,1,18,4,3,5,505,99,1,25,4,4,6,79,3
579,2021,1,11,1,23,4,3,1,101,7,1,28,4,4,6,79,3
580,2021,1,11,1,0,1,1,1,108,99,1,26,4,4,6,24,3
581,2021,1,11,1,11,2,1,4,401,99,1,39,6,6,8,79,3
582,2021,1,12,2,5,1,1,1,101,10,1,25,4,4,6,24,3
583,2021,1,12,2,8,2,1,1,101,10,1,28,4,4,6,79,3
584,2021,1,12,2,10,2,1,1,114,99,1,19,2,2,4,79,3
585,2021,1,12,2,19,4,3,1,116,99,1,27,4,4,6,79,3
586,2021,1,12,2,13,3,2,22,2201,99,1,22,3,3,5,79,3
587,2021,1,12,2,5,1,1,5,507,99,2,25,4,4,6,24,3
588,2021,1,12,2,22,4,3,5,501,99,1,28,4,4,6,24,3
589,2021,1,12,2,15,3,2,9,901,99,2,21,3,3,5,79,3
590,2021,1,12,2,7,2,1,18,1803,99,1,41,7,7,9,79,3
591,2021,1,12,2,17,3,2,1,108,99,1,20,3,3,5,79,3
592,2021,1,12,2,20,4,3,5,504,99,1,31,5,5,7,24,3
593,2021,1,12,2,20,4,3,5,505,99,1,18,2,2,4,79,3
594,2021,1,12,2,20,4,3,4,401,99,1,44,7,7,9,79,3
595,2021,1,13,3,11,2,1,1,114,99,1,42,7,7,9,79,3
596,2021,1,13,3,23,4,3,5,501,99,1,35,6,6,8,24,3
597,2021,1,13,3,11,2,1,5,501,99,1,22,3,3,5,79,3
598,2021,1,13,3,12,3,2,5,501,99,1,26,4,4,6,79,3
599,2021,1,13,3,16,3,2,5,501,99,1,34,5,5,7,79,3
600,2021,1,14,4,11,2,1,1,101,10,1,25,4,4,6,79,3
601,2021,1,14,4,15,3,2,1,115,99,1,31,5,5,7,24,3
602,2021,1,14,4,17,3,2,1,101,7,1,27,4,4,6,79,3
603,2021,1,14,4,17,3,2,1,114,99,1,42,7,7,9,79,3
604,2021,1,14,4,8,2,1,5,507,99,1,44,7,7,9,24,3
605,2021,1,14,4,8,2,1,18,1802,99,2,28,4,4,6,79,3
606,2021,1,14,4,2,1,1,4,414,99,1,33,5,5,7,79,3
607,2021,1,14,4,8,2,1,4,401,99,1,27,4,4,6,79,3
608,2021,1,14,4,20,4,3,18,1804,99,1,43,7,7,9,79,3
609,2021,1,15,5,22,4,3,1,101,1,1,35,6,6,8,24,3
610,2021,1,15,5,4,1,1,1,101,18,1,61,11,11,13,79,3
611,2021,1,15,5,10,2,1,1,101,16,1,24,3,3,5,79,3
612,2021,1,15,5,19,4,3,1,116,99,1,22,3,3,5,24,3
613,2021,1,15,5,21,4,3,1,115,99,1,30,5,5,7,79,3
614,2021,1,15,5,5,1,1,5,501,99,1,22,3,3,5,24,3
615,2021,1,15,5,8,2,1,11,1108,99,1,27,4,4,6,24,3
616,2021,1,15,5,14,3,2,13,1301,99,2,999,12,16,18,79,3
617,2021,1,15,5,10,2,1,18,1801,99,1,44,7,7,9,79,3
618,2021,1,15,5,5,1,1,18,1804,99,1,21,3,3,5,79,3
619,2021,1,15,5,21,4,3,3,310,99,1,24,3,3,5,24,3
620,2021,1,15,5,22,4,3,1,115,99,1,26,4,4,6,79,3
621,2021,1,16,6,16,3,2,1,101,6,2,59,10,10,12,79,3
622,2021,1,16,6,6,2,1,1,101,11,1,25,4,4,6,24,3
623,2021,1,16,6,16,3,2,1,115,99,2,47,8,8,10,79,3
624,2021,1,16,6,19,4,3,1,116,99,1,21,3,3,5,79,3
625,2021,1,16,6,18,4,3,1,108,99,1,57,10,10,12,79,3
626,2021,1,16,6,6,2,1,5,501,99,1,16,2,2,4,79,3
627,2021,1,16,6,5,1,1,5,501,99,1,28,4,4,6,24,3
628,2021,1,16,6,15,3,2,5,512,99,1,33,5,5,7,24,3
629,2021,1,16,6,17,3,2,10,1006,99,2,36,6,6,8,24,3
630,2021,1,16,6,18,4,3,18,1801,99,1,52,9,9,11,24,3
631,2021,1,16,6,19,4,3,18,1801,99,1,39,6,6,8,79,3
632,2021,1,16,6,14,3,2,17,1701,99,1,19,2,2,4,79,3
633,2021,1,17,7,19,4,3,1,101,7,1,30,5,5,7,24,3
634,2021,1,17,7,19,4,3,1,115,99,1,21,3,3,5,79,3
635,2021,1,17,7,18,4,3,1,114,99,1,26,4,4,6,79,3
636,2021,1,17,7,13,3,2,1,117,99,1,33,5,5,7,24,3
637,2021,1,17,7,17,3,2,1,108,99,1,69,11,12,14,79,3
638,2021,1,17,7,20,4,3,1,108,99,2,43,7,7,9,24,3
639,2021,1,17,7,8,2,1,20,2001,99,1,31,5,5,7,79,3
640,2021,1,17,7,6,2,1,5,510,99,1,19,2,2,4,24,3
641,2021,1,17,7,5,1,1,5,502,99,1,42,7,7,9,79,3
642,2021,1,17,7,20,4,3,5,503,99,1,23,3,3,5,24,3
643,2021,1,17,7,9,2,1,5,501,99,1,34,5,5,7,79,3
644,2021,1,17,7,8,2,1,4,409,99,1,20,3,3,5,24,3
645,2021,1,18,1,6,2,1,1,101,10,1,31,5,5,7,24,3
646,2021,1,18,1,10,2,1,1,101,13,1,34,5,5,7,79,3
647,2021,1,18,1,21,4,3,1,101,12,1,19,2,2,4,24,3
648,2021,1,18,1,16,3,2,1,114,99,2,31,5,5,7,79,3
649,2021,1,18,1,5,1,1,1,115,99,2,39,6,6,8,79,3
650,2021,1,18,1,19,4,3,1,116,99,1,31,5,5,7,79,3
651,2021,1,18,1,10,2,1,1,108,99,1,35,6,6,8,24,3
652,2021,1,18,1,22,4,3,22,2202,99,1,18,2,2,4,79,3
653,2021,1,18,1,13,3,2,19,1903,99,2,34,5,5,7,79,3
654,2021,1,18,1,11,2,1,5,501,99,1,26,4,4,6,24,3
655,2021,1,18,1,6,2,1,5,501,99,1,24,3,3,5,79,3
656,2021,1,18,1,13,3,2,13,1301,99,1,37,6,6,8,79,3
657,2021,1,18,1,22,4,3,1,117,99,1,31,5,5,7,79,3
658,2021,1,19,2,17,3,2,1,101,18,1,36,6,6,8,24,3
659,2021,1,19,2,8,2,1,1,115,99,1,20,3,3,5,24,3
660,2021,1,19,2,19,4,3,1,115,99,1,38,6,6,8,79,3
661,2021,1,19,2,19,4,3,5,509,99,1,45,8,8,10,79,3
662,2021,1,19,2,8,2,1,5,501,99,2,28,4,4,6,24,3
663,2021,1,19,2,10,2,1,18,1804,99,1,32,5,5,7,79,3
664,2021,1,19,2,7,2,1,17,1704,99,1,43,7,7,9,79,3
665,2021,1,20,3,4,1,1,1,101,2,1,24,3,3,5,24,3
666,2021,1,20,3,8,2,1,1,101,9,2,22,3,3,5,79,3
667,2021,1,20,3,15,3,2,1,101,6,1,24,3,3,5,79,3
668,2021,1,20,3,5,1,1,1,101,10,1,18,2,2,4,24,3
669,2021,1,20,3,9,2,1,1,114,99,1,23,3,3,5,79,3
670,2021,1,20,3,18,4,3,22,2202,99,2,30,5,5,7,79,3
671,2021,1,20,3,6,2,1,5,509,99,1,26,4,4,6,24,3
672,2021,1,20,3,18,4,3,5,509,99,2,28,4,4,6,79,3
673,2021,1,20,3,5,1,1,5,501,99,1,23,3,3,5,24,3
674,2021,1,20,3,21,4,3,4,414,99,1,26,4,4,6,24,3
675,2021,1,21,4,10,2,1,1,101,12,1,28,4,4,6,24,3
676,2021,1,21,4,4,1,1,1,101,7,1,30,5,5,7,24,3
677,2021,1,21,4,10,2,1,1,101,11,1,30,5,5,7,79,3
678,2021,1,21,4,22,4,3,1,115,99,1,25,4,4,6,79,3
679,2021,1,21,4,22,4,3,1,116,99,1,25,4,4,6,24,3
680,2021,1,21,4,15,3,2,1,116,99,1,23,3,3,5,79,3
681,2021,1,22,5,4,1,1,1,101,8,1,30,5,5,7,79,3
682,2021,1,22,5,10,2,1,1,101,9,1,22,3,3,5,79,3
683,2021,1,22,5,18,4,3,1,101,1,1,39,6,6,8,79,3
684,2021,1,22,5,12,3,2,1,101,6,1,27,4,4,6,24,3
685,2021,1,22,5,7,2,1,1,101,5,1,27,4,4,6,79,3
686,2021,1,22,5,19,4,3,1,115,99,1,38,6,6,8,79,3
687,2021,1,22,5,15,3,2,5,514,99,1,37,6,6,8,79,3
688,2021,1,22,5,10,2,1,11,1101,99,2,38,6,6,8,24,3
689,2021,1,22,5,11,2,1,18,1801,99,2,38,6,6,8,79,3
690,2021,1,22,5,7,2,1,17,1707,99,1,63,11,11,13,79,3
691,2021,1,22,5,23,4,3,5,509,99,1,44,7,7,9,24,3
692,2021,1,22,5,21,4,3,22,2201,99,2,60,11,11,13,24,3
693,2021,1,22,5,14,3,2,1,101,11,1,33,5,5,7,79,3
694,2021,1,23,6,12,3,2,1,101,10,1,23,3,3,5,79,3
695,2021,1,23,6,6,2,1,1,117,99,2,23,3,3,5,79,3
696,2021,1,23,6,22,4,3,1,116,99,1,28,4,4,6,79,3
697,2021,1,23,6,20,4,3,1,108,99,1,27,4,4,6,79,3
698,2021,1,23,6,15,3,2,5,501,99,1,26,4,4,6,24,3
699,2021,1,23,6,17,3,2,5,509,99,2,40,7,7,9,24,3
700,2021,1,23,6,18,4,3,4,403,99,2,43,7,7,9,79,3
701,2021,1,23,6,18,4,3,1,103,99,1,48,8,8,10,79,3
702,2021,1,23,6,21,4,3,1,101,12,1,21,3,3,5,79,3
703,2021,1,23,6,20,4,3,5,503,99,1,35,6,6,8,24,3
704,2021,1,23,6,22,4,3,4,414,99,1,31,5,5,7,79,3
705,2021,1,23,6,17,3,2,4,412,99,1,57,10,10,12,79,3
706,2021,1,24,7,6,2,1,1,101,18,1,36,6,6,8,79,3
707,2021,1,24,7,22,4,3,1,108,99,1,49,8,8,10,79,3
708,2021,1,24,7,7,2,1,11,1107,99,2,64,11,11,13,79,3
709,2021,1,24,7,20,4,3,18,1801,99,1,27,4,4,6,24,3
710,2021,1,25,1,8,2,1,1,101,14,1,27,4,4,6,79,3
711,2021,1,25,1,12,3,2,1,115,99,1,24,3,3,5,24,3
712,2021,1,25,1,22,4,3,1,116,99,1,25,4,4,6,79,3
713,2021,1,25,1,20,4,3,1,116,99,1,45,8,8,10,79,3
714,2021,1,25,1,13,3,2,5,514,99,1,26,4,4,6,24,3
715,2021,1,25,1,20,4,3,5,501,99,1,26,4,4,6,24,3
716,2021,1,25,1,20,4,3,5,509,99,1,36,6,6,8,79,3
717,2021,1,26,2,4,1,1,1,101,9,1,25,4,4,6,24,3
718,2021,1,26,2,5,1,1,1,101,8,1,19,2,2,4,24,3
719,2021,1,26,2,9,2,1,1,101,9,1,27,4,4,6,79,3
720,2021,1,26,2,8,2,1,1,101,24,1,41,7,7,9,79,3
721,2021,1,26,2,10,2,1,1,101,14,1,60,11,11,13,79,3
722,2021,1,26,2,13,3,2,1,101,14,1,33,5,5,7,79,3
723,2021,1,26,2,9,2,1,1,101,12,1,56,10,10,12,79,3
724,2021,1,26,2,7,2,1,1,115,99,1,20,3,3,5,79,3
725,2021,1,26,2,21,4,3,1,115,99,1,23,3,3,5,79,3
726,2021,1,26,2,18,4,3,20,2001,99,1,29,4,4,6,24,3
727,2021,1,26,2,10,2,1,18,1804,99,1,66,11,12,14,79,3
728,2021,1,26,2,7,2,1,18,1805,99,1,25,4,4,6,24,3
729,2021,1,26,2,13,3,2,17,1701,99,1,34,5,5,7,79,3
730,2021,1,27,3,16,3,2,1,101,18,1,23,3,3,5,79,3
731,2021,1,27,3,13,3,2,1,116,99,1,27,4,4,6,79,3
732,2021,1,27,3,15,3,2,1,115,99,1,32,5,5,7,24,3
733,2021,1,27,3,21,4,3,1,116,99,1,21,3,3,5,24,3
734,2021,1,27,3,19,4,3,20,2001,99,1,29,4,4,6,24,3
735,2021,1,27,3,15,3,2,18,1805,99,1,21,3,3,5,79,3
736,2021,1,28,4,9,2,1,1,101,10,1,35,6,6,8,79,3
737,2021,1,28,4,17,3,2,1,101,5,1,32,5,5,7,79,3
738,2021,1,28,4,4,1,1,1,101,13,1,26,4,4,6,24,3
739,2021,1,28,4,13,3,2,1,101,7,1,32,5,5,7,24,3
740,2021,1,28,4,13,3,2,1,114,99,1,21,3,3,5,24,3
741,2021,1,28,4,11,2,1,18,1805,99,2,50,9,9,11,79,3
742,2021,1,28,4,7,2,1,18,1804,99,1,21,3,3,5,79,3
743,2021,1,29,5,20,4,3,1,101,6,1,43,7,7,9,79,3
744,2021,1,29,5,9,2,1,1,101,13,1,28,4,4,6,79,3
745,2021,1,29,5,20,4,3,1,101,14,1,30,5,5,7,79,3
746,2021,1,29,5,19,4,3,1,101,10,1,30,5,5,7,79,3
747,2021,1,29,5,17,3,2,1,101,12,1,20,3,3,5,79,3
748,2021,1,29,5,14,3,2,1,117,99,1,34,5,5,7,24,3
749,2021,1,29,5,18,4,3,5,505,99,1,33,5,5,7,24,3
750,2021,1,29,5,17,3,2,5,507,99,1,27,4,4,6,24,3
751,2021,1,29,5,20,4,3,5,511,99,1,32,5,5,7,79,3
752,2021,1,29,5,17,3,2,5,507,99,1,24,3,3,5,24,3
753,2021,1,30,6,15,3,2,1,101,10,1,29,4,4,6,24,3
754,2021,1,30,6,8,2,1,1,115,99,1,39,6,6,8,24,3
755,2021,1,30,6,5,1,1,1,101,11,1,23,3,3,5,79,3
756,2021,1,30,6,19,4,3,1,115,99,1,25,4,4,6,79,3
757,2021,1,30,6,19,4,3,5,501,99,1,27,4,4,6,79,3
758,2021,1,30,6,19,4,3,5,501,99,1,29,4,4,6,79,3
759,2021,1,30,6,11,2,1,18,1805,99,1,24,3,3,5,79,3
760,2021,1,30,6,15,3,2,18,1805,99,1,31,5,5,7,79,3
761,2021,1,30,6,7,2,1,17,1703,99,2,31,5,5,7,79,3
762,2021,1,31,7,10,2,1,1,115,99,1,38,6,6,8,79,3
763,2021,1,31,7,7,2,1,1,117,99,1,24,3,3,5,79,3
764,2021,1,31,7,15,3,2,19,1906,99,1,47,8,8,10,79,3
765,2021,1,31,7,8,2,1,5,507,99,1,27,4,4,6,24,3
766,2021,1,31,7,14,3,2,18,1805,99,1,22,3,3,5,79,3
767,2021,1,31,7,10,2,1,18,1801,99,1,25,4,4,6,79,3
768,2021,1,31,7,6,2,1,4,414,99,1,20,3,3,5,79,3
769,2021,1,31,7,6,2,1,4,414,99,1,20,3,3,5,79,3
770,2021,2,1,1,22,4,3,1,101,1,1,34,5,5,7,79,3
771,2021,2,1,1,16,3,2,1,101,6,1,34,5,5,7,79,3
772,2021,2,1,1,7,2,1,1,101,6,1,46,8,8,10,79,3
773,2021,2,1,1,6,2,1,1,101,10,1,32,5,5,7,24,3
774,2021,2,1,1,5,1,1,1,108,99,2,38,6,6,8,24,3
775,2021,2,1,1,11,2,1,5,501,99,1,63,11,11,13,24,3
776,2021,2,1,1,19,4,3,5,502,99,1,23,3,3,5,79,3
777,2021,2,1,1,18,4,3,2,202,99,1,63,11,11,13,79,3
778,2021,2,1,1,0,1,1,18,1801,99,1,41,7,7,9,24,3
779,2021,2,1,1,21,4,3,5,501,99,1,32,5,5,7,24,3
780,2021,2,2,2,19,4,3,1,101,18,1,21,3,3,5,24,3
781,2021,2,2,2,2,1,1,1,101,3,1,35,6,6,8,79,3
782,2021,2,2,2,6,2,1,1,101,15,1,30,5,5,7,24,3
783,2021,2,2,2,8,2,1,1,101,14,1,24,3,3,5,79,3
784,2021,2,2,2,13,3,2,1,113,99,1,26,4,4,6,24,3
785,2021,2,2,2,19,4,3,1,101,7,1,27,4,4,6,79,3
786,2021,2,2,2,15,3,2,1,116,99,1,21,3,3,5,24,3
787,2021,2,2,2,19,4,3,1,115,99,1,25,4,4,6,24,3
788,2021,2,2,2,15,3,2,1,116,99,1,28,4,4,6,79,3
789,2021,2,2,2,10,2,1,5,507,99,1,70,11,13,15,79,3
790,2021,2,2,2,19,4,3,5,501,99,1,34,5,5,7,24,3
791,2021,2,2,2,8,2,1,18,1801,99,1,18,2,2,4,24,3
792,2021,2,3,3,8,2,1,1,101,18,1,46,8,8,10,79,3
793,2021,2,3,3,15,3,2,1,101,9,1,21,3,3,5,79,3
794,2021,2,3,3,20,4,3,1,101,18,1,34,5,5,7,79,3
795,2021,2,3,3,21,4,3,1,101,18,1,24,3,3,5,79,3
796,2021,2,3,3,19,4,3,1,101,7,1,70,11,13,15,79,3
797,2021,2,3,3,18,4,3,1,101,19,2,34,5,5,7,79,3
798,2021,2,3,3,9,2,1,5,507,99,2,24,3,3,5,24,3
799,2021,2,3,3,19,4,3,5,509,99,2,21,3,3,5,79,3
800,2021,2,4,4,5,1,1,1,101,9,2,24,3,3,5,24,3
801,2021,2,4,4,11,2,1,1,101,9,1,51,9,9,11,24,3
802,2021,2,4,4,7,2,1,1,101,8,1,36,6,6,8,79,3
803,2021,2,4,4,9,2,1,1,101,9,1,50,9,9,11,79,3
804,2021,2,4,4,18,4,3,1,101,12,1,22,3,3,5,79,3
805,2021,2,4,4,14,3,2,1,115,99,1,37,6,6,8,79,3
806,2021,2,4,4,6,2,1,5,507,99,1,23,3,3,5,79,3
807,2021,2,4,4,5,1,1,5,501,99,1,26,4,4,6,24,3
808,2021,2,4,4,15,3,2,5,511,99,2,42,7,7,9,24,3
809,2021,2,4,4,6,2,1,10,1021,99,1,22,3,3,5,79,3
810,2021,2,4,4,21,4,3,10,1005,99,1,21,3,3,5,24,3
811,2021,2,4,4,7,2,1,11,1101,99,1,31,5,5,7,79,3
812,2021,2,4,4,10,2,1,9,901,99,1,999,12,16,18,79,3
813,2021,2,4,4,17,3,2,4,406,99,1,27,4,4,6,79,3
814,2021,2,5,5,4,1,1,1,101,4,1,22,3,3,5,24,3
815,2021,2,5,5,8,2,1,1,101,9,1,61,11,11,13,79,3
816,2021,2,5,5,20,4,3,1,101,7,1,30,5,5,7,24,3
817,2021,2,5,5,19,4,3,1,101,7,1,30,5,5,7,79,3
818,2021,2,5,5,5,1,1,1,114,99,1,23,3,3,5,24,3
819,2021,2,5,5,20,4,3,1,115,99,1,29,4,4,6,79,3
820,2021,2,5,5,3,1,1,1,108,99,1,27,4,4,6,24,3
821,2021,2,5,5,8,2,1,5,509,99,2,36,6,6,8,24,3
822,2021,2,5,5,0,1,1,15,1507,99,1,999,12,16,18,79,3
823,2021,2,5,5,21,4,3,18,1801,99,1,60,11,11,13,79,3
824,2021,2,5,5,20,4,3,4,414,99,1,25,4,4,6,79,3
825,2021,2,6,6,21,4,3,1,101,18,2,23,3,3,5,79,3
826,2021,2,6,6,18,4,3,1,101,18,1,27,4,4,6,24,3
827,2021,2,6,6,22,4,3,1,101,18,1,19,2,2,4,24,3
828,2021,2,6,6,17,3,2,1,101,12,1,23,3,3,5,79,3
829,2021,2,6,6,12,3,2,1,114,99,2,51,9,9,11,79,3
830,2021,2,6,6,4,1,1,1,108,99,1,28,4,4,6,24,3
831,2021,2,6,6,21,4,3,5,501,99,2,25,4,4,6,79,3
832,2021,2,6,6,15,3,2,5,507,99,1,44,7,7,9,24,3
833,2021,2,6,6,20,4,3,11,1101,99,1,18,2,2,4,24,3
834,2021,2,6,6,15,3,2,17,1703,99,2,32,5,5,7,79,3
835,2021,2,6,6,20,4,3,4,414,99,1,32,5,5,7,24,3
836,2021,2,7,7,16,3,2,1,101,6,1,56,10,10,12,79,3
837,2021,2,7,7,16,3,2,1,101,6,1,56,10,10,12,79,3
838,2021,2,7,7,16,3,2,1,115,99,2,27,4,4,6,79,3
839,2021,2,7,7,18,4,3,1,116,99,1,28,4,4,6,24,3
840,2021,2,7,7,22,4,3,1,108,99,1,26,4,4,6,24,3
841,2021,2,7,7,19,4,3,5,502,99,1,30,5,5,7,24,3
842,2021,2,7,7,18,4,3,5,501,99,2,24,3,3,5,79,3
843,2021,2,7,7,18,4,3,5,501,99,1,37,6,6,8,79,3
844,2021,2,7,7,5,1,1,5,514,99,1,21,3,3,5,79,3
845,2021,2,7,7,16,3,2,5,509,99,2,30,5,5,7,79,3
846,2021,2,7,7,3,1,1,10,1003,99,1,35,6,6,8,24,3
847,2021,2,7,7,21,4,3,11,1101,99,1,26,4,4,6,79,3
848,2021,2,7,7,22,4,3,9,919,99,1,33,5,5,7,79,3
849,2021,2,7,7,20,4,3,18,1801,99,1,20,3,3,5,24,3
850,2021,2,7,7,2,1,1,17,1703,99,1,25,4,4,6,79,3
851,2021,2,7,7,19,4,3,3,301,99,1,22,3,3,5,79,3
852,2021,2,8,1,6,2,1,1,101,1,1,44,7,7,9,79,3
853,2021,2,8,1,20,4,3,1,101,18,1,21,3,3,5,79,3
854,2021,2,8,1,7,2,1,1,101,13,1,21,3,3,5,79,3
855,2021,2,8,1,7,2,1,1,101,13,1,21,3,3,5,79,3
856,2021,2,8,1,10,2,1,1,101,10,1,26,4,4,6,79,3
857,2021,2,8,1,16,3,2,1,101,12,1,28,4,4,6,79,3
858,2021,2,8,1,0,1,1,1,117,99,1,32,5,5,7,79,3
859,2021,2,8,1,22,4,3,1,116,99,1,23,3,3,5,24,3
860,2021,2,8,1,22,4,3,1,117,99,1,999,12,16,18,24,3
861,2021,2,8,1,10,2,1,20,2001,99,2,999,12,16,18,79,3
862,2021,2,8,1,5,1,1,5,513,99,1,21,3,3,5,24,3
863,2021,2,8,1,4,1,1,10,1001,99,1,37,6,6,8,24,3
864,2021,2,8,1,12,3,2,17,1705,99,1,29,4,4,6,79,3
865,2021,2,8,1,21,4,3,4,414,99,1,24,3,3,5,79,3
866,2021,2,9,2,18,4,3,1,101,12,1,34,5,5,7,24,3
867,2021,2,9,2,1,1,1,19,1901,99,1,22,3,3,5,79,3
868,2021,2,9,2,0,1,1,19,1901,99,1,55,10,10,12,24,3
869,2021,2,9,2,6,2,1,5,501,99,1,21,3,3,5,24,3
870,2021,2,9,2,11,2,1,5,501,99,1,24,3,3,5,24,3
871,2021,2,9,2,18,4,3,4,414,99,1,33,5,5,7,24,3
872,2021,2,9,2,22,4,3,4,406,99,1,29,4,4,6,79,3
873,2021,2,10,3,17,3,2,1,101,1,1,27,4,4,6,79,3
874,2021,2,10,3,13,3,2,1,105,99,1,23,3,3,5,24,3
875,2021,2,10,3,5,1,1,1,103,99,1,20,3,3,5,79,3
876,2021,2,10,3,11,2,1,1,101,10,1,20,3,3,5,79,3
877,2021,2,10,3,5,1,1,1,101,12,1,29,4,4,6,24,3
878,2021,2,10,3,13,3,2,1,115,99,1,20,3,3,5,79,3
879,2021,2,10,3,1,1,1,1,117,99,1,23,3,3,5,79,3
880,2021,2,10,3,20,4,3,1,117,99,1,20,3,3,5,79,3
881,2021,2,10,3,20,4,3,1,116,99,1,23,3,3,5,24,3
882,2021,2,10,3,18,4,3,5,507,99,1,48,8,8,10,24,3
883,2021,2,10,3,19,4,3,18,1801,99,1,25,4,4,6,24,3
884,2021,2,11,4,11,2,1,1,101,1,1,52,9,9,11,79,3
885,2021,2,11,4,21,4,3,1,101,1,1,16,2,2,4,79,3
886,2021,2,11,4,11,2,1,1,101,5,1,48,8,8,10,24,3
887,2021,2,11,4,17,3,2,1,101,10,1,38,6,6,8,79,3
888,2021,2,11,4,13,3,2,1,101,7,1,26,4,4,6,79,3
889,2021,2,11,4,20,4,3,1,101,7,1,18,2,2,4,24,3
890,2021,2,11,4,15,3,2,1,116,99,1,44,7,7,9,79,3
891,2021,2,11,4,17,3,2,5,501,99,1,37,6,6,8,79,3
892,2021,2,11,4,18,4,3,6,602,99,1,21,3,3,5,24,3
893,2021,2,12,5,11,2,1,1,101,9,1,36,6,6,8,79,3
894,2021,2,12,5,20,4,3,1,101,3,2,29,4,4,6,24,3
895,2021,2,12,5,7,2,1,1,101,18,1,25,4,4,6,79,3
896,2021,2,12,5,19,4,3,1,108,99,1,25,4,4,6,24,3
897,2021,2,12,5,21,4,3,5,501,99,1,25,4,4,6,79,3
898,2021,2,12,5,20,4,3,18,1801,99,2,28,4,4,6,24,3
899,2021,2,12,5,13,3,2,17,1703,99,1,26,4,4,6,24,3
900,2021,2,12,5,16,3,2,17,1703,99,1,40,7,7,9,79,3
901,2021,2,12,5,3,1,1,3,309,99,1,26,4,4,6,79,3
902,2021,2,13,6,13,3,2,1,101,9,1,25,4,4,6,79,3
903,2021,2,13,6,23,4,3,1,101,18,1,28,4,4,6,79,3
904,2021,2,13,6,8,2,1,1,101,6,1,36,6,6,8,79,3
905,2021,2,13,6,22,4,3,1,101,13,1,28,4,4,6,79,3
906,2021,2,13,6,14,3,2,1,116,99,1,48,8,8,10,24,3
907,2021,2,14,7,8,2,1,1,101,8,1,24,3,3,5,79,3
908,2021,2,14,7,10,2,1,1,101,17,1,999,12,16,18,79,3
909,2021,2,14,7,1,1,1,1,101,10,1,21,3,3,5,79,3
910,2021,2,14,7,20,4,3,1,114,99,1,19,2,2,4,79,3
911,2021,2,14,7,13,3,2,1,108,99,1,28,4,4,6,79,3
912,2021,2,14,7,11,2,1,20,2009,99,1,57,10,10,12,79,3
913,2021,2,14,7,16,3,2,20,2001,99,1,30,5,5,7,79,3
914,2021,2,14,7,14,3,2,5,508,99,1,38,6,6,8,24,3
915,2021,2,14,7,5,1,1,5,501,99,1,65,11,12,14,79,3
916,2021,2,14,7,20,4,3,11,1105,99,1,37,6,6,8,79,3
917,2021,2,14,7,16,3,2,18,1805,99,1,38,6,6,8,24,3
918,2021,2,15,1,10,2,1,1,101,1,1,24,3,3,5,79,3
919,2021,2,15,1,11,2,1,1,101,3,1,39,6,6,8,79,3
920,2021,2,15,1,12,3,2,1,101,8,1,27,4,4,6,79,3
921,2021,2,15,1,19,4,3,1,101,18,1,32,5,5,7,79,3
922,2021,2,15,1,9,2,1,1,101,10,1,20,3,3,5,79,3
923,2021,2,15,1,5,1,1,1,101,12,1,32,5,5,7,24,3
924,2021,2,15,1,18,4,3,1,116,99,1,27,4,4,6,79,3
925,2021,2,16,2,9,2,1,1,101,2,1,30,5,5,7,79,3
926,2021,2,16,2,10,2,1,1,101,4,1,30,5,5,7,79,3
927,2021,2,16,2,21,4,3,1,101,1,1,24,3,3,5,79,3
928,2021,2,16,2,7,2,1,1,101,9,1,23,3,3,5,79,3
929,2021,2,16,2,19,4,3,1,105,99,1,26,4,4,6,79,3
930,2021,2,16,2,5,1,1,1,101,10,1,21,3,3,5,24,3
931,2021,2,16,2,4,1,1,1,101,11,1,47,8,8,10,24,3
932,2021,2,16,2,11,2,1,1,101,14,1,44,7,7,9,79,3
933,2021,2,16,2,17,3,2,1,101,12,1,33,5,5,7,24,3
934,2021,2,16,2,19,4,3,1,101,7,1,23,3,3,5,79,3
935,2021,2,16,2,4,1,1,5,507,99,1,19,2,2,4,79,3
936,2021,2,16,2,14,3,2,5,509,99,2,31,5,5,7,24,3
937,2021,2,16,2,11,2,1,5,509,99,1,22,3,3,5,24,3
938,2021,2,16,2,15,3,2,5,509,99,1,25,4,4,6,24,3
939,2021,2,16,2,16,3,2,17,1701,99,1,28,4,4,6,79,3
940,2021,2,16,2,16,3,2,14,1401,99,2,30,5,5,7,79,3
941,2021,2,17,3,12,3,2,1,101,10,1,29,4,4,6,79,3
942,2021,2,17,3,11,2,1,1,101,10,1,26,4,4,6,24,3
943,2021,2,17,3,10,2,1,1,101,10,1,33,5,5,7,79,3
944,2021,2,17,3,20,4,3,1,114,99,1,34,5,5,7,24,3
945,2021,2,17,3,2,1,1,1,108,99,1,21,3,3,5,24,3
946,2021,2,17,3,7,2,1,5,509,99,1,24,3,3,5,79,3
947,2021,2,17,3,14,3,2,11,1102,99,1,36,6,6,8,79,3
948,2021,2,17,3,12,3,2,13,1301,99,1,34,5,5,7,24,3
949,2021,2,18,4,14,3,2,1,101,3,1,72,11,13,15,24,3
950,2021,2,18,4,6,2,1,1,101,7,1,29,4,4,6,24,3
951,2021,2,18,4,21,4,3,1,101,7,1,24,3,3,5,79,3
952,2021,2,18,4,19,4,3,1,116,99,1,36,6,6,8,24,3
953,2021,2,18,4,9,2,1,1,116,99,2,33,5,5,7,79,3
954,2021,2,18,4,14,3,2,1,108,99,1,34,5,5,7,24,3
955,2021,2,18,4,22,4,3,22,2201,99,2,54,9,9,11,79,3
956,2021,2,18,4,4,1,1,5,501,99,1,25,4,4,6,24,3
957,2021,2,18,4,18,4,3,5,509,99,1,26,4,4,6,79,3
958,2021,2,18,4,14,3,2,5,501,99,1,26,4,4,6,24,3
959,2021,2,18,4,6,2,1,10,1006,99,1,39,6,6,8,24,3
960,2021,2,18,4,16,3,2,17,1703,99,2,79,11,14,16,79,3
961,2021,2,19,5,7,2,1,1,101,8,1,30,5,5,7,79,3
962,2021,2,19,5,8,2,1,1,101,6,1,48,8,8,10,79,3
963,2021,2,19,5,19,4,3,1,101,6,1,38,6,6,8,79,3
964,2021,2,19,5,14,3,2,1,101,10,1,20,3,3,5,79,3
965,2021,2,19,5,17,3,2,1,101,12,1,28,4,4,6,79,3
966,2021,2,19,5,21,4,3,1,101,7,1,33,5,5,7,79,3
967,2021,2,19,5,21,4,3,1,101,7,1,67,11,12,14,79,3
968,2021,2,19,5,8,2,1,22,2204,99,1,23,3,3,5,79,3
969,2021,2,19,5,23,4,3,20,2011,99,1,42,7,7,9,79,3
970,2021,2,19,5,21,4,3,20,2007,99,1,34,5,5,7,79,3
971,2021,2,19,5,7,2,1,9,901,99,1,21,3,3,5,24,3
972,2021,2,20,6,0,1,1,1,101,18,1,27,4,4,6,79,3
973,2021,2,20,6,9,2,1,1,101,18,1,21,3,3,5,79,3
974,2021,2,20,6,10,2,1,1,101,6,1,21,3,3,5,79,3
975,2021,2,20,6,20,4,3,1,101,10,1,20,3,3,5,79,3
976,2021,2,20,6,12,3,2,1,101,7,1,39,6,6,8,79,3
977,2021,2,20,6,23,4,3,1,101,7,1,46,8,8,10,79,3
978,2021,2,20,6,15,3,2,1,116,99,1,31,5,5,7,24,3
979,2021,2,20,6,17,3,2,1,115,99,1,39,6,6,8,79,3
980,2021,2,20,6,17,3,2,5,501,99,1,20,3,3,5,24,3
981,2021,2,20,6,15,3,2,5,501,99,1,64,11,11,13,79,3
982,2021,2,21,7,21,4,3,1,101,1,1,26,4,4,6,79,3
983,2021,2,21,7,7,2,1,1,101,17,2,40,7,7,9,79,3
984,2021,2,21,7,9,2,1,1,108,99,2,41,7,7,9,79,3
985,2021,2,21,7,19,4,3,19,1903,99,1,31,5,5,7,24,3
986,2021,2,21,7,18,4,3,5,501,99,1,29,4,4,6,24,3
987,2021,2,21,7,19,4,3,5,501,99,2,25,4,4,6,24,3
988,2021,2,22,1,2,1,1,1,101,18,1,23,3,3,5,79,3
989,2021,2,22,1,14,3,2,1,101,7,1,63,11,11,13,79,3
990,2021,2,22,1,7,2,1,1,101,7,1,22,3,3,5,79,3
991,2021,2,22,1,8,2,1,1,101,19,2,28,4,4,6,79,3
992,2021,2,22,1,6,2,1,1,108,99,2,32,5,5,7,79,3
993,2021,2,22,1,15,3,2,5,507,99,1,58,10,10,12,24,3
994,2021,2,22,1,21,4,3,5,501,99,1,20,3,3,5,24,3
995,2021,2,23,2,5,1,1,1,101,1,1,19,2,2,4,24,3
996,2021,2,23,2,7,2,1,1,101,9,1,31,5,5,7,79,3
997,2021,2,23,2,4,1,1,1,101,18,1,23,3,3,5,79,3
998,2021,2,23,2,23,4,3,1,101,5,1,30,5,5,7,79,3
999,2021,2,23,2,6,2,1,1,101,7,1,36,6,6,8,79,3
1000,2021,2,23,2,13,3,2,1,117,99,1,44,7,7,9,79,3
1001,2021,2,23,2,15,3,2,1,116,99,1,24,3,3,5,24,3
1002,2021,2,23,2,15,3,2,1,116,99,2,31,5,5,7,24,3
1003,2021,2,23,2,12,3,2,1,108,99,1,21,3,3,5,24,3
1004,2021,2,23,2,21,4,3,10,1001,99,1,16,2,2,4,79,3
1005,2021,2,23,2,6,2,1,18,1804,99,2,30,5,5,7,79,3
1006,2021,2,24,3,11,2,1,1,101,9,1,29,4,4,6,79,3
1007,2021,2,24,3,11,2,1,1,101,9,1,27,4,4,6,79,3
1008,2021,2,24,3,16,3,2,1,107,99,1,25,4,4,6,79,3
1009,2021,2,24,3,10,2,1,1,101,6,1,25,4,4,6,79,3
1010,2021,2,24,3,13,3,2,1,101,6,1,36,6,6,8,79,3
1011,2021,2,24,3,12,3,2,1,101,10,1,23,3,3,5,79,3
1012,2021,2,24,3,12,3,2,1,101,7,1,40,7,7,9,79,3
1013,2021,2,24,3,19,4,3,1,101,7,1,32,5,5,7,79,3
1014,2021,2,24,3,3,1,1,1,114,99,1,47,8,8,10,79,3
1015,2021,2,24,3,11,2,1,1,116,99,1,23,3,3,5,79,3
1016,2021,2,24,3,7,2,1,1,115,99,2,36,6,6,8,79,3
1017,2021,2,24,3,16,3,2,1,108,99,1,28,4,4,6,24,3
1018,2021,2,24,3,12,3,2,20,2007,99,1,999,12,16,18,79,3
1019,2021,2,24,3,16,3,2,5,501,99,1,31,5,5,7,79,3
1020,2021,2,24,3,10,2,1,18,1804,99,1,35,6,6,8,79,3
1021,2021,2,24,3,6,2,1,18,1805,99,1,29,4,4,6,79,3
1022,2021,2,25,4,19,4,3,1,101,7,1,29,4,4,6,79,3
1023,2021,2,25,4,13,3,2,1,101,12,1,31,5,5,7,24,3
1024,2021,2,25,4,16,3,2,5,501,99,1,36,6,6,8,24,3
1025,2021,2,25,4,20,4,3,5,501,99,1,24,3,3,5,24,3
1026,2021,2,26,5,6,2,1,1,101,1,1,43,7,7,9,79,3
1027,2021,2,26,5,11,2,1,1,101,4,2,28,4,4,6,24,3
1028,2021,2,26,5,5,1,1,1,101,6,1,33,5,5,7,79,3
1029,2021,2,26,5,9,2,1,1,101,6,1,26,4,4,6,79,3
1030,2021,2,26,5,19,4,3,1,102,99,1,21,3,3,5,24,3
1031,2021,2,26,5,5,1,1,1,101,10,2,37,6,6,8,24,3
1032,2021,2,26,5,3,1,1,1,102,99,1,35,6,6,8,79,3
1033,2021,2,26,5,20,4,3,1,101,7,1,32,5,5,7,79,3
1034,2021,2,26,5,5,1,1,1,101,12,1,25,4,4,6,24,3
1035,2021,2,26,5,20,4,3,1,115,99,1,21,3,3,5,79,3
1036,2021,2,26,5,21,4,3,18,1801,99,1,71,11,13,15,79,3
1037,2021,2,26,5,13,3,2,4,409,99,1,40,7,7,9,79,3
1038,2021,2,27,6,19,4,3,1,101,1,1,24,3,3,5,24,3
1039,2021,2,27,6,23,4,3,1,101,7,1,28,4,4,6,79,3
1040,2021,2,27,6,19,4,3,1,116,99,2,31,5,5,7,24,3
1041,2021,2,27,6,13,3,2,5,501,99,1,49,8,8,10,79,3
1042,2021,2,27,6,21,4,3,4,413,99,1,23,3,3,5,79,3
1043,2021,2,27,6,21,4,3,3,301,99,1,26,4,4,6,79,3
1044,2021,2,28,7,20,4,3,1,101,18,1,21,3,3,5,24,3
1045,2021,2,28,7,20,4,3,1,115,99,2,30,5,5,7,79,3
1046,2021,2,28,7,12,3,2,6,613,99,2,19,2,2,4,79,3
1047,2021,2,28,7,11,2,1,17,1701,99,1,22,3,3,5,79,3
1048,2021,2,28,7,3,1,1,17,1711,99,1,45,8,8,10,79,3
1049,2021,2,9,2,99,5,4,21,2101,99,2,34,5,5,7,15,5
1050,2021,2,27,6,99,5,4,21,2101,99,2,10,1,1,3,15,5
1051,2021,1,1,5,23,4,3,1,114,99,2,9,1,1,2,68,7
1052,2021,1,1,5,16,3,2,16,1615,99,1,12,1,1,3,68,7
1053,2021,1,3,7,12,3,2,19,1903,99,2,9,1,1,2,68,7
1054,2021,1,3,7,19,4,3,5,501,99,2,24,3,3,5,68,7
1055,2021,1,4,1,2,1,1,16,1609,99,2,13,1,1,3,68,7
1056,2021,1,4,1,12,3,2,14,1416,99,2,9,1,1,2,68,7
1057,2021,1,5,2,14,3,2,20,2001,99,2,15,2,2,4,68,7
1058,2021,1,5,2,15,3,2,14,1406,99,2,13,1,1,3,68,7
1059,2021,1,6,3,15,3,2,21,2101,99,2,7,1,1,2,68,7
1060,2021,1,8,5,22,4,3,1,115,99,2,999,12,16,18,68,7
1061,2021,1,8,5,23,4,3,5,502,99,2,7,1,1,2,68,7
1062,2021,1,9,6,11,2,1,1,115,99,1,32,5,5,7,68,7
1063,2021,1,11,1,0,1,1,16,1609,99,2,13,1,1,3,68,7
1064,2021,1,12,2,1,1,1,1,108,99,2,16,2,2,4,68,7
1065,2021,1,14,4,14,3,2,5,502,99,1,14,1,1,3,68,7
1066,2021,1,14,4,23,4,3,5,501,99,2,11,1,1,3,68,7
1067,2021,1,16,6,20,4,3,13,1325,99,2,43,7,7,9,68,7
1068,2021,1,17,7,8,2,1,5,505,99,2,18,2,2,4,68,7
1069,2021,1,17,7,13,3,2,9,917,99,2,13,1,1,3,68,7
1070,2021,1,18,1,0,1,1,6,601,99,2,17,2,2,4,68,7
1071,2021,1,18,1,1,1,1,17,1703,99,2,13,1,1,3,68,7
1072,2021,1,18,1,1,1,1,17,1709,99,2,23,3,3,5,68,7
1073,2021,1,18,1,1,1,1,17,1709,99,2,46,8,8,10,68,7
1074,2021,1,18,1,1,1,1,17,1709,99,2,35,6,6,8,68,7
1075,2021,1,19,2,15,3,2,10,1021,99,1,7,1,1,2,68,7
1076,2021,1,19,2,12,3,2,13,1317,99,2,6,1,1,2,68,7
1077,2021,1,20,3,9,2,1,13,1301,99,2,999,12,16,18,68,7
1078,2021,1,20,3,17,3,2,16,1604,99,1,13,1,1,3,68,7
1079,2021,1,22,5,13,3,2,14,1420,99,2,13,1,1,3,68,7
1080,2021,1,23,6,3,1,1,1,117,99,1,10,1,1,3,68,7
1081,2021,1,23,6,22,4,3,5,502,99,1,2,1,1,1,68,7
1082,2021,1,23,6,18,4,3,14,1413,99,2,14,1,1,3,68,7
1083,2021,1,24,7,0,1,1,14,1410,99,2,14,1,1,3,68,7
1084,2021,1,24,7,22,4,3,9,920,99,2,33,5,5,7,68,7
1085,2021,1,26,2,17,3,2,16,1609,99,2,12,1,1,3,68,7
1086,2021,1,26,2,12,3,2,2,203,99,2,37,6,6,8,68,7
1087,2021,1,27,3,23,4,3,5,510,99,2,11,1,1,3,68,7
1088,2021,1,27,3,23,4,3,16,1602,99,1,8,1,1,2,68,7
1089,2021,1,30,6,10,2,1,6,608,99,2,13,1,1,3,68,7
1090,2021,1,30,6,10,2,1,6,608,99,2,32,5,5,7,68,7
1091,2021,1,31,7,23,4,3,1,114,99,2,13,1,1,3,68,7
1092,2021,2,1,1,19,4,3,1,113,99,2,20,3,3,5,68,7
1093,2021,2,2,2,11,2,1,1,103,99,1,11,1,1,3,68,7
1094,2021,2,3,3,17,3,2,9,921,99,2,5,1,1,2,68,7
1095,2021,2,5,4,11,2,1,13,1309,99,2,20,3,3,5,68,7
1096,2021,2,5,4,10,2,1,13,1301,99,2,14,1,1,3,68,7
1097,2021,2,5,4,23,4,3,16,1604,99,2,12,1,1,3,68,7
1098,2021,2,9,2,13,3,2,12,1201,99,2,22,3,3,5,68,7
1099,2021,2,12,5,21,4,3,12,1230,99,2,3,1,1,1,68,7
1100,2021,2,12,5,0,1,1,16,1609,99,2,19,2,2,4,68,7
1101,2021,2,12,5,8,2,1,16,1601,99,2,27,4,4,6,68,7
1102,2021,2,13,6,15,3,2,1,106,99,2,11,1,1,3,68,7
1103,2021,2,13,6,18,4,3,5,501,99,2,10,1,1,3,68,7
1104,2021,2,13,6,10,2,1,9,920,99,2,13,1,1,3,68,7
1105,2021,2,14,7,16,3,2,16,1615,99,2,14,1,1,3,68,7
1106,2021,2,14,7,21,4,3,16,1601,99,2,15,2,2,4,68,7
1107,2021,2,14,7,11,2,1,18,1803,99,2,13,1,1,3,68,7
1108,2021,2,15,1,3,1,1,1,108,99,2,18,2,2,4,68,7
1109,2021,2,15,1,10,2,1,6,614,99,2,13,1,1,3,68,7
1110,2021,2,15,1,10,2,1,18,1804,99,2,9,1,1,2,68,7
1111,2021,2,16,2,10,2,1,15,1501,99,2,16,2,2,4,68,7
1112,2021,2,17,3,15,3,2,12,1226,99,2,11,1,1,3,68,7
1113,2021,2,17,3,19,4,3,13,1301,99,2,19,2,2,4,68,7
1114,2021,2,20,6,7,2,1,22,2201,99,2,16,2,2,4,68,7
1115,2021,2,20,6,3,1,1,5,509,99,2,28,4,4,6,68,7
1116,2021,2,20,6,16,3,2,5,502,99,2,23,3,3,5,68,7
1117,2021,2,20,6,20,4,3,10,1011,99,2,18,2,2,4,68,7
1118,2021,2,20,6,1,1,1,17,1709,99,2,18,2,2,4,68,7
1119,2021,2,21,7,5,1,1,3,301,99,2,25,4,4,6,68,7
1120,2021,2,21,7,0,1,1,9,919,99,2,15,2,2,4,68,7
1121,2021,2,22,1,22,4,3,12,1201,99,2,23,3,3,5,68,7
1122,2021,2,23,2,13,3,2,22,2201,99,2,40,7,7,9,68,7
1123,2021,2,23,2,1,1,1,12,1230,99,2,18,2,2,4,68,7
1124,2021,2,24,3,18,4,3,1,101,7,2,20,3,3,5,68,7
1125,2021,2,24,3,18,4,3,9,910,99,2,14,1,1,3,68,7
1126,2021,2,24,3,18,4,3,9,908,99,2,999,12,16,18,68,7
1127,2021,2,24,3,19,4,3,12,1217,99,2,13,1,1,3,68,7
1128,2021,2,25,4,14,3,2,6,606,99,2,30,5,5,7,68,7
1129,2021,2,26,5,17,3,2,21,2101,99,1,12,1,1,3,68,7
1130,2021,2,26,5,14,3,2,14,1410,99,2,13,1,1,3,68,7
1131,2021,2,28,7,14,3,2,5,502,99,2,35,6,6,8,68,7
1132,2021,1,1,5,8,2,1,1,101,18,2,37,6,6,8,71,5
1133,2021,1,1,5,10,2,1,1,115,99,2,19,2,2,4,71,5
1134,2021,1,1,5,10,2,1,1,115,99,1,0,1,1,1,71,5
1135,2021,1,1,5,4,1,1,1,114,99,2,23,3,3,5,71,5
1136,2021,1,1,5,19,4,3,20,2009,99,1,17,2,2,4,71,5
1137,2021,1,1,5,17,3,2,5,514,99,2,13,1,1,3,71,5
1138,2021,1,2,6,5,1,1,1,115,99,2,13,1,1,3,71,5
1139,2021,1,2,6,21,4,3,1,110,99,2,14,1,1,3,71,5
1140,2021,1,2,6,9,2,1,22,2202,99,1,9,1,1,2,71,5
1141,2021,1,2,6,18,4,3,18,1801,99,1,70,11,13,15,71,5
1142,2021,1,2,6,18,4,3,17,1706,99,2,13,1,1,3,71,5
1143,2021,1,2,6,14,3,2,17,1701,99,1,9,1,1,2,71,5
1144,2021,1,3,7,18,4,3,1,107,99,2,15,2,2,4,71,5
1145,2021,1,3,7,10,2,1,1,108,99,1,15,2,2,4,71,5
1146,2021,1,3,7,19,4,3,1,108,99,1,23,3,3,5,71,5
1147,2021,1,3,7,19,4,3,19,1903,99,2,14,1,1,3,71,5
1148,2021,1,3,7,19,4,3,13,1302,99,2,9,1,1,2,71,5
1149,2021,1,3,7,18,4,3,8,805,99,2,999,12,16,18,71,5
1150,2021,1,3,7,18,4,3,8,805,99,1,999,12,16,18,71,5
1151,2021,1,3,7,13,3,2,18,1805,99,1,45,8,8,10,71,5
1152,2021,1,4,1,9,2,1,1,115,99,2,16,2,2,4,71,5
1153,2021,1,4,1,2,1,1,1,114,99,2,35,6,6,8,71,5
1154,2021,1,4,1,6,2,1,1,115,99,2,50,9,9,11,71,5
1155,2021,1,4,1,23,4,3,19,1905,99,2,20,3,3,5,71,5
1156,2021,1,4,1,12,3,2,16,1601,99,1,18,2,2,4,71,5
1157,2021,1,5,2,23,4,3,1,115,99,2,16,2,2,4,71,5
1158,2021,1,5,2,7,2,1,1,101,7,2,22,3,3,5,71,5
1159,2021,1,5,2,7,2,1,1,101,7,2,9,1,1,2,71,5
1160,2021,1,5,2,12,3,2,7,702,99,1,22,3,3,5,71,5
1161,2021,1,6,3,13,3,2,1,105,99,2,13,1,1,3,71,5
1162,2021,1,6,3,14,3,2,1,101,7,1,17,2,2,4,71,5
1163,2021,1,6,3,8,2,1,20,2007,99,2,13,1,1,3,71,5
1164,2021,1,6,3,11,2,1,20,2007,99,1,47,8,8,10,71,5
1165,2021,1,6,3,16,3,2,15,1501,99,1,20,3,3,5,71,5
1166,2021,1,6,3,10,2,1,14,1420,99,2,15,2,2,4,71,5
1167,2021,1,7,4,20,4,3,1,108,99,2,15,2,2,4,71,5
1168,2021,1,7,4,11,2,1,19,1901,99,1,44,7,7,9,71,5
1169,2021,1,7,4,14,3,2,17,1713,99,2,15,2,2,4,71,5
1170,2021,1,8,5,15,3,2,1,115,99,2,14,1,1,3,71,5
1171,2021,1,8,5,18,4,3,1,115,99,2,15,2,2,4,71,5
1172,2021,1,8,5,20,4,3,1,110,99,2,19,2,2,4,71,5
1173,2021,1,8,5,11,2,1,1,108,99,1,82,11,15,17,71,5
1174,2021,1,8,5,16,3,2,1,108,99,1,13,1,1,3,71,5
1175,2021,1,8,5,16,3,2,5,511,99,2,15,2,2,4,71,5
1176,2021,1,8,5,17,3,2,5,501,99,1,18,2,2,4,71,5
1177,2021,1,8,5,12,3,2,10,1020,99,2,18,2,2,4,71,5
1178,2021,1,8,5,17,3,2,4,414,99,1,10,1,1,3,71,5
1179,2021,1,9,6,21,4,3,1,101,6,1,11,1,1,3,71,5
1180,2021,1,9,6,17,3,2,1,105,99,2,15,2,2,4,71,5
1181,2021,1,9,6,19,4,3,1,101,7,2,26,4,4,6,71,5
1182,2021,1,9,6,21,4,3,16,1615,99,2,13,1,1,3,71,5
1183,2021,1,9,6,22,4,3,18,1801,99,1,27,4,4,6,71,5
1184,2021,1,9,6,19,4,3,17,1707,99,2,15,2,2,4,71,5
1185,2021,1,9,6,3,1,1,17,1711,99,1,4,1,1,1,71,5
1186,2021,1,10,7,0,1,1,1,101,12,1,17,2,2,4,71,5
1187,2021,1,10,7,8,2,1,2,206,99,1,13,1,1,3,71,5
1188,2021,1,10,7,14,3,2,2,207,99,2,14,1,1,3,71,5
1189,2021,1,10,7,9,2,1,17,1713,99,1,33,5,5,7,71,5
1190,2021,1,10,7,18,4,3,4,401,99,2,13,1,1,3,71,5
1191,2021,1,10,7,14,3,2,4,406,99,1,15,2,2,4,71,5
1192,2021,1,10,7,19,4,3,4,401,99,1,27,4,4,6,71,5
1193,2021,1,10,7,17,3,2,4,406,99,2,13,1,1,3,71,5
1194,2021,1,11,1,23,4,3,1,110,99,2,13,1,1,3,71,5
1195,2021,1,11,1,16,3,2,5,509,99,2,17,2,2,4,71,5
1196,2021,1,11,1,11,2,1,5,511,99,2,15,2,2,4,71,5
1197,2021,1,11,1,5,1,1,4,406,99,2,19,2,2,4,71,5
1198,2021,1,11,1,23,4,3,17,1705,99,2,13,1,1,3,71,5
1199,2021,1,11,1,9,2,1,13,1301,99,1,54,9,9,11,71,5
1200,2021,1,12,2,9,2,1,1,101,21,1,13,1,1,3,71,5
1201,2021,1,12,2,8,2,1,1,115,99,1,21,3,3,5,71,5
1202,2021,1,12,2,19,4,3,11,1107,99,1,33,5,5,7,71,5
1203,2021,1,12,2,9,2,1,16,1601,99,2,24,3,3,5,71,5
1204,2021,1,12,2,15,3,2,2,205,99,2,17,2,2,4,71,5
1205,2021,1,12,2,20,4,3,4,404,99,1,25,4,4,6,71,5
1206,2021,1,13,3,20,4,3,1,115,99,2,5,1,1,2,71,5
1207,2021,1,13,3,20,4,3,1,115,99,2,8,1,1,2,71,5
1208,2021,1,13,3,12,3,2,13,1302,99,2,28,4,4,6,71,5
1209,2021,1,13,3,17,3,2,17,1710,99,2,45,8,8,10,71,5
1210,2021,1,13,3,22,4,3,17,1712,99,2,16,2,2,4,71,5
1211,2021,1,13,3,14,3,2,4,416,99,2,22,3,3,5,71,5
1212,2021,1,14,4,20,4,3,1,113,99,2,15,2,2,4,71,5
1213,2021,1,14,4,23,4,3,1,110,99,1,15,2,2,4,71,5
1214,2021,1,14,4,19,4,3,22,2202,99,2,13,1,1,3,71,5
1215,2021,1,14,4,4,1,1,17,1703,99,2,17,2,2,4,71,5
1216,2021,1,14,4,11,2,1,14,1404,99,1,13,1,1,3,71,5
1217,2021,1,14,4,7,2,1,4,401,99,1,43,7,7,9,71,5
1218,2021,1,15,5,10,2,1,1,101,3,2,37,6,6,8,71,5
1219,2021,1,15,5,10,2,1,1,101,3,2,6,1,1,2,71,5
1220,2021,1,15,5,9,2,1,1,115,99,2,13,1,1,3,71,5
1221,2021,1,15,5,12,3,2,1,101,19,2,15,2,2,4,71,5
1222,2021,1,15,5,10,2,1,5,505,99,1,8,1,1,2,71,5
1223,2021,1,15,5,12,3,2,15,1501,99,1,61,11,11,13,71,5
1224,2021,1,15,5,12,3,2,15,1501,99,1,10,1,1,3,71,5
1225,2021,1,15,5,12,3,2,15,1501,99,1,5,1,1,2,71,5
1226,2021,1,16,6,12,3,2,1,101,17,1,26,4,4,6,71,5
1227,2021,1,16,6,9,2,1,1,115,99,2,15,2,2,4,71,5
1228,2021,1,16,6,12,3,2,21,2101,99,1,15,2,2,4,71,5
1229,2021,1,16,6,13,3,2,11,1105,99,2,18,2,2,4,71,5
1230,2021,1,16,6,11,2,1,16,1610,99,2,12,1,1,3,71,5
1231,2021,1,16,6,22,4,3,17,1711,99,1,64,11,11,13,71,5
1232,2021,1,16,6,23,4,3,14,1413,99,1,5,1,1,2,71,5
1233,2021,1,16,6,23,4,3,14,1413,99,2,9,1,1,2,71,5
1234,2021,1,17,7,8,2,1,1,115,99,2,26,4,4,6,71,5
1235,2021,1,17,7,20,4,3,1,101,12,2,16,2,2,4,71,5
1236,2021,1,17,7,20,4,3,1,117,99,2,18,2,2,4,71,5
1237,2021,1,17,7,16,3,2,1,115,99,2,17,2,2,4,71,5
1238,2021,1,17,7,16,3,2,1,108,99,2,28,4,4,6,71,5
1239,2021,1,17,7,21,4,3,2,207,99,1,25,4,4,6,71,5
1240,2021,1,17,7,13,3,2,2,207,99,2,16,2,2,4,71,5
1241,2021,1,18,1,14,3,2,1,101,6,2,1,1,1,1,71,5
1242,2021,1,18,1,5,1,1,11,1105,99,1,30,5,5,7,71,5
1243,2021,1,18,1,18,4,3,4,401,99,2,28,4,4,6,71,5
1244,2021,1,18,1,5,1,1,4,401,99,2,28,4,4,6,71,5
1245,2021,1,19,2,17,3,2,1,101,17,1,34,5,5,7,71,5
1246,2021,1,19,2,15,3,2,22,2201,99,1,21,3,3,5,71,5
1247,2021,1,19,2,7,2,1,22,2201,99,2,15,2,2,4,71,5
1248,2021,1,19,2,15,3,2,13,1301,99,2,31,5,5,7,71,5
1249,2021,1,19,2,15,3,2,13,1301,99,1,12,1,1,3,71,5
1250,2021,1,19,2,15,3,2,13,1301,99,1,11,1,1,3,71,5
1251,2021,1,19,2,15,3,2,13,1301,99,1,8,1,1,2,71,5
1252,2021,1,19,2,16,3,2,18,1803,99,1,15,2,2,4,71,5
1253,2021,1,19,2,14,3,2,4,401,99,2,15,2,2,4,71,5
1254,2021,1,20,3,16,3,2,1,101,2,2,25,4,4,6,71,5
1255,2021,1,20,3,6,2,1,1,108,99,1,15,2,2,4,71,5
1256,2021,1,20,3,22,4,3,22,2201,99,2,40,7,7,9,71,5
1257,2021,1,20,3,7,2,1,20,2001,99,1,15,2,2,4,71,5
1258,2021,1,20,3,10,2,1,16,1609,99,2,16,2,2,4,71,5
1259,2021,1,21,4,19,4,3,1,101,24,2,14,1,1,3,71,5
1260,2021,1,21,4,15,3,2,1,116,99,2,50,9,9,11,71,5
1261,2021,1,21,4,16,3,2,5,501,99,2,13,1,1,3,71,5
1262,2021,1,21,4,12,3,2,10,1002,99,1,14,1,1,3,71,5
1263,2021,1,21,4,8,2,1,4,415,99,1,33,5,5,7,71,5
1264,2021,1,21,4,10,2,1,4,414,99,2,12,1,1,3,71,5
1265,2021,1,22,5,18,4,3,1,117,99,2,22,3,3,5,71,5
1266,2021,1,22,5,15,3,2,1,108,99,2,14,1,1,3,71,5
1267,2021,1,22,5,1,1,1,1,108,99,1,14,1,1,3,71,5
1268,2021,1,22,5,11,2,1,2,205,99,2,12,1,1,3,71,5
1269,2021,1,22,5,15,3,2,17,1705,99,2,13,1,1,3,71,5
1270,2021,1,23,6,13,3,2,1,101,5,2,17,2,2,4,71,5
1271,2021,1,23,6,8,2,1,1,115,99,1,2,1,1,1,71,5
1272,2021,1,23,6,6,2,1,22,2201,99,1,62,11,11,13,71,5
1273,2021,1,23,6,7,2,1,16,1602,99,2,20,3,3,5,71,5
1274,2021,1,23,6,11,2,1,15,1505,99,2,17,2,2,4,71,5
1275,2021,1,23,6,19,4,3,17,1703,99,2,19,2,2,4,71,5
1276,2021,1,24,7,18,4,3,1,101,7,2,17,2,2,4,71,5
1277,2021,1,24,7,18,4,3,1,101,7,1,0,1,1,1,71,5
1278,2021,1,24,7,18,4,3,1,101,21,2,14,1,1,3,71,5
1279,2021,1,24,7,20,4,3,5,502,99,2,16,2,2,4,71,5
1280,2021,1,24,7,19,4,3,16,1609,99,2,24,3,3,5,71,5
1281,2021,1,24,7,19,4,3,16,1609,99,1,3,1,1,1,71,5
1282,2021,1,24,7,10,2,1,2,207,99,2,56,10,10,12,71,5
1283,2021,1,24,7,17,3,2,18,1801,99,1,12,1,1,3,71,5
1284,2021,1,25,1,15,3,2,5,507,99,2,16,2,2,4,71,5
1285,2021,1,25,1,23,4,3,13,1312,99,1,13,1,1,3,71,5
1286,2021,1,25,1,11,2,1,4,401,99,1,15,2,2,4,71,5
1287,2021,1,26,2,7,2,1,1,116,99,1,16,2,2,4,71,5
1288,2021,1,26,2,18,4,3,1,108,99,1,16,2,2,4,71,5
1289,2021,1,26,2,12,3,2,1,108,99,1,47,8,8,10,71,5
1290,2021,1,26,2,13,3,2,1,117,99,2,15,2,2,4,71,5
1291,2021,1,26,2,7,2,1,18,1805,99,1,25,4,4,6,71,5
1292,2021,1,26,2,14,3,2,7,701,99,2,19,2,2,4,71,5
1293,2021,1,26,2,14,3,2,7,701,99,1,1,1,1,1,71,5
1294,2021,1,27,3,16,3,2,1,115,99,2,18,2,2,4,71,5
1295,2021,1,27,3,22,4,3,1,110,99,2,20,3,3,5,71,5
1296,2021,1,27,3,5,1,1,1,109,99,2,15,2,2,4,71,5
1297,2021,1,27,3,13,3,2,20,2005,99,2,15,2,2,4,71,5
1298,2021,1,27,3,11,2,1,6,606,99,1,16,2,2,4,71,5
1299,2021,1,27,3,23,4,3,13,1302,99,2,22,3,3,5,71,5
1300,2021,1,27,3,18,4,3,2,207,99,2,25,4,4,6,71,5
1301,2021,1,27,3,18,4,3,2,207,99,1,3,1,1,1,71,5
1302,2021,1,27,3,20,4,3,17,1708,99,2,16,2,2,4,71,5
1303,2021,1,28,4,14,3,2,1,101,1,1,37,6,6,8,71,5
1304,2021,1,28,4,15,3,2,11,1107,99,1,65,11,12,14,71,5
1305,2021,1,29,5,17,3,2,1,101,18,2,27,4,4,6,71,5
1306,2021,1,29,5,16,3,2,1,101,25,1,53,9,9,11,71,5
1307,2021,1,29,5,9,2,1,1,115,99,2,55,10,10,12,71,5
1308,2021,1,29,5,14,3,2,5,501,99,1,34,5,5,7,71,5
1309,2021,1,29,5,15,3,2,6,608,99,2,14,1,1,3,71,5
1310,2021,1,30,6,8,2,1,1,101,19,1,26,4,4,6,71,5
1311,2021,1,30,6,10,2,1,1,108,99,1,15,2,2,4,71,5
1312,2021,1,30,6,14,3,2,22,2201,99,2,31,5,5,7,71,5
1313,2021,1,30,6,18,4,3,5,501,99,2,78,11,14,16,71,5
1314,2021,1,30,6,5,1,1,16,1602,99,2,15,2,2,4,71,5
1315,2021,1,31,7,20,4,3,1,115,99,2,12,1,1,3,71,5
1316,2021,1,31,7,19,4,3,1,108,99,2,15,2,2,4,71,5
1317,2021,1,31,7,17,3,2,19,1902,99,2,13,1,1,3,71,5
1318,2021,1,31,7,5,1,1,6,614,99,2,9,1,1,2,71,5
1319,2021,1,31,7,19,4,3,6,601,99,2,14,1,1,3,71,5
1320,2021,2,1,1,11,2,1,1,108,99,1,38,6,6,8,71,5
1321,2021,2,1,1,15,3,2,20,2001,99,2,18,2,2,4,71,5
1322,2021,2,1,1,23,4,3,11,1101,99,1,18,2,2,4,71,5
1323,2021,2,1,1,13,3,2,17,1701,99,1,35,6,6,8,71,5
1324,2021,2,1,1,15,3,2,4,416,99,2,18,2,2,4,71,5
1325,2021,2,1,1,6,2,1,4,412,99,2,15,2,2,4,71,5
1326,2021,2,2,2,15,3,2,1,108,99,2,15,2,2,4,71,5
1327,2021,2,2,2,10,2,1,1,110,99,2,15,2,2,4,71,5
1328,2021,2,2,2,10,2,1,10,1017,99,1,14,1,1,3,71,5
1329,2021,2,2,2,15,3,2,11,1101,99,1,23,3,3,5,71,5
1330,2021,2,2,2,7,2,1,13,1321,99,2,20,3,3,5,71,5
1331,2021,2,2,2,7,2,1,13,1321,99,1,3,1,1,1,71,5
1332,2021,2,2,2,7,2,1,13,1321,99,1,2,1,1,1,71,5
1333,2021,2,2,2,4,1,1,7,706,99,2,15,2,2,4,71,5
1334,2021,2,2,2,7,2,1,4,408,99,2,17,2,2,4,71,5
1335,2021,2,3,3,6,2,1,1,101,18,2,15,2,2,4,71,5
1336,2021,2,3,3,11,2,1,1,115,99,2,38,6,6,8,71,5
1337,2021,2,3,3,11,2,1,1,115,99,2,12,1,1,3,71,5
1338,2021,2,3,3,6,2,1,1,110,99,2,15,2,2,4,71,5
1339,2021,2,3,3,15,3,2,22,2205,99,1,29,4,4,6,71,5
1340,2021,2,3,3,9,2,1,2,205,99,2,23,3,3,5,71,5
1341,2021,2,3,3,9,2,1,7,715,99,2,26,4,4,6,71,5
1342,2021,2,4,4,9,2,1,1,101,7,2,19,2,2,4,71,5
1343,2021,2,4,4,17,3,2,20,2001,99,2,45,8,8,10,71,5
1344,2021,2,4,4,9,2,1,19,1901,99,2,35,6,6,8,71,5
1345,2021,2,4,4,22,4,3,2,201,99,2,18,2,2,4,71,5
1346,2021,2,5,5,7,2,1,1,102,99,1,22,3,3,5,71,5
1347,2021,2,5,5,12,3,2,1,117,99,2,6,1,1,2,71,5
1348,2021,2,5,5,6,2,1,4,401,99,1,11,1,1,3,71,5
1349,2021,2,6,6,19,4,3,1,115,99,2,31,5,5,7,71,5
1350,2021,2,6,6,9,2,1,1,108,99,1,24,3,3,5,71,5
1351,2021,2,6,6,4,1,1,20,2002,99,2,15,2,2,4,71,5
1352,2021,2,6,6,16,3,2,10,1005,99,2,15,2,2,4,71,5
1353,2021,2,6,6,15,3,2,16,1601,99,1,3,1,1,1,71,5
1354,2021,2,7,7,8,2,1,1,116,99,2,37,6,6,8,71,5
1355,2021,2,7,7,7,2,1,11,1102,99,2,17,2,2,4,71,5
1356,2021,2,7,7,16,3,2,13,1306,99,1,41,7,7,9,71,5
1357,2021,2,8,1,18,4,3,1,101,13,2,17,2,2,4,71,5
1358,2021,2,8,1,23,4,3,1,101,7,2,17,2,2,4,71,5
1359,2021,2,8,1,23,4,3,1,116,99,2,15,2,2,4,71,5
1360,2021,2,8,1,23,4,3,1,116,99,1,17,2,2,4,71,5
1361,2021,2,8,1,14,3,2,22,2202,99,2,18,2,2,4,71,5
1362,2021,2,8,1,18,4,3,10,1001,99,2,18,2,2,4,71,5
1363,2021,2,8,1,8,2,1,11,1101,99,2,23,3,3,5,71,5
1364,2021,2,8,1,8,2,1,11,1101,99,1,4,1,1,1,71,5
1365,2021,2,8,1,8,2,1,11,1101,99,1,1,1,1,1,71,5
1366,2021,2,8,1,16,3,2,2,203,99,2,16,2,2,4,71,5
1367,2021,2,8,1,10,2,1,17,1710,99,2,13,1,1,3,71,5
1368,2021,2,8,1,13,3,2,4,412,99,1,15,2,2,4,71,5
1369,2021,2,9,2,11,2,1,1,101,21,2,20,3,3,5,71,5
1370,2021,2,9,2,11,2,1,1,101,21,2,3,1,1,1,71,5
1371,2021,2,9,2,20,4,3,1,110,99,2,17,2,2,4,71,5
1372,2021,2,9,2,21,4,3,22,2211,99,1,68,11,12,14,71,5
1373,2021,2,9,2,13,3,2,20,2009,99,2,14,1,1,3,71,5
1374,2021,2,9,2,17,3,2,20,2011,99,2,53,9,9,11,71,5
1375,2021,2,9,2,9,2,1,11,1101,99,1,28,4,4,6,71,5
1376,2021,2,9,2,10,2,1,16,1603,99,2,16,2,2,4,71,5
1377,2021,2,9,2,10,2,1,16,1603,99,2,15,2,2,4,71,5
1378,2021,2,9,2,10,2,1,17,1711,99,2,8,1,1,2,71,5
1379,2021,2,9,2,8,2,1,7,717,99,1,30,5,5,7,71,5
1380,2021,2,9,2,20,4,3,4,401,99,1,26,4,4,6,71,5
1381,2021,2,10,3,13,3,2,1,114,99,1,16,2,2,4,71,5
1382,2021,2,10,3,9,2,1,20,2006,99,1,39,6,6,8,71,5
1383,2021,2,11,4,20,4,3,1,101,18,2,15,2,2,4,71,5
1384,2021,2,11,4,20,4,3,1,101,18,1,0,1,1,1,71,5
1385,2021,2,11,4,20,4,3,1,101,18,1,0,1,1,1,71,5
1386,2021,2,11,4,19,4,3,1,101,7,2,12,1,1,3,71,5
1387,2021,2,11,4,15,3,2,1,101,21,2,12,1,1,3,71,5
1388,2021,2,11,4,16,3,2,1,116,99,2,18,2,2,4,71,5
1389,2021,2,11,4,19,4,3,22,2214,99,2,14,1,1,3,71,5
1390,2021,2,11,4,14,3,2,22,2213,99,2,13,1,1,3,71,5
1391,2021,2,11,4,8,2,1,5,507,99,1,16,2,2,4,71,5
1392,2021,2,11,4,9,2,1,8,801,99,1,60,11,11,13,71,5
1393,2021,2,11,4,13,3,2,17,1701,99,2,12,1,1,3,71,5
1394,2021,2,11,4,21,4,3,14,1414,99,1,15,2,2,4,71,5
1395,2021,2,11,4,5,1,1,4,401,99,2,17,2,2,4,71,5
1396,2021,2,11,4,5,1,1,4,401,99,2,14,1,1,3,71,5
1397,2021,2,11,4,5,1,1,4,414,99,2,16,2,2,4,71,5
1398,2021,2,12,5,13,3,2,14,1413,99,2,15,2,2,4,71,5
1399,2021,2,13,6,21,4,3,1,115,99,2,15,2,2,4,71,5
1400,2021,2,13,6,4,1,1,1,108,99,1,29,4,4,6,71,5
1401,2021,2,13,6,22,4,3,4,401,99,1,39,6,6,8,71,5
1402,2021,2,14,7,1,1,1,22,2206,99,2,14,1,1,3,71,5
1403,2021,2,14,7,14,3,2,19,1903,99,1,999,12,16,18,71,5
1404,2021,2,15,1,9,2,1,1,101,5,1,56,10,10,12,71,5
1405,2021,2,15,1,19,4,3,1,117,99,2,16,2,2,4,71,5
1406,2021,2,15,1,0,1,1,1,108,99,2,28,4,4,6,71,5
1407,2021,2,15,1,0,1,1,19,1904,99,2,15,2,2,4,71,5
1408,2021,2,15,1,6,2,1,6,602,99,2,15,2,2,4,71,5
1409,2021,2,15,1,19,4,3,10,1020,99,2,26,4,4,6,71,5
1410,2021,2,15,1,12,3,2,16,1601,99,2,16,2,2,4,71,5
1411,2021,2,15,1,14,3,2,4,407,99,1,47,8,8,10,71,5
1412,2021,2,15,1,3,1,1,4,408,99,1,29,4,4,6,71,5
1413,2021,2,16,2,8,2,1,1,115,99,2,26,4,4,6,71,5
1414,2021,2,16,2,8,2,1,1,114,99,2,16,2,2,4,71,5
1415,2021,2,16,2,5,1,1,1,114,99,2,14,1,1,3,71,5
1416,2021,2,16,2,19,4,3,1,117,99,1,27,4,4,6,71,5
1417,2021,2,16,2,19,4,3,22,2214,99,2,12,1,1,3,71,5
1418,2021,2,16,2,20,4,3,22,2201,99,2,14,1,1,3,71,5
1419,2021,2,16,2,10,2,1,19,1904,99,2,21,3,3,5,71,5
1420,2021,2,16,2,21,4,3,5,511,99,2,14,1,1,3,71,5
1421,2021,2,16,2,15,3,2,6,602,99,2,24,3,3,5,71,5
1422,2021,2,16,2,23,4,3,2,205,99,2,15,2,2,4,71,5
1423,2021,2,16,2,9,2,1,14,1407,99,2,19,2,2,4,71,5
1424,2021,2,17,3,6,2,1,1,115,99,2,16,2,2,4,71,5
1425,2021,2,17,3,20,4,3,1,115,99,2,66,11,12,14,71,5
1426,2021,2,17,3,8,2,1,1,109,99,2,15,2,2,4,71,5
1427,2021,2,17,3,10,2,1,1,101,19,1,17,2,2,4,71,5
1428,2021,2,17,3,12,3,2,5,502,99,2,17,2,2,4,71,5
1429,2021,2,17,3,12,3,2,5,502,99,2,1,1,1,1,71,5
1430,2021,2,17,3,15,3,2,2,201,99,1,24,3,3,5,71,5
1431,2021,2,18,4,0,1,1,1,115,99,2,14,1,1,3,71,5
1432,2021,2,18,4,2,1,1,1,115,99,1,16,2,2,4,71,5
1433,2021,2,18,4,11,2,1,22,2205,99,1,47,8,8,10,71,5
1434,2021,2,18,4,17,3,2,10,1003,99,1,11,1,1,3,71,5
1435,2021,2,18,4,21,4,3,16,1608,99,2,17,2,2,4,71,5
1436,2021,2,18,4,14,3,2,2,201,99,1,15,2,2,4,71,5
1437,2021,2,18,4,22,4,3,18,1805,99,2,12,1,1,3,71,5
1438,2021,2,18,4,19,4,3,17,1712,99,2,15,2,2,4,71,5
1439,2021,2,19,5,18,4,3,1,115,99,2,15,2,2,4,71,5
1440,2021,2,19,5,18,4,3,1,115,99,2,20,3,3,5,71,5
1441,2021,2,19,5,11,2,1,1,108,99,1,85,11,15,17,71,5
1442,2021,2,19,5,14,3,2,1,110,99,2,16,2,2,4,71,5
1443,2021,2,19,5,7,2,1,13,1301,99,1,25,4,4,6,71,5
1444,2021,2,19,5,22,4,3,16,1612,99,2,15,2,2,4,71,5
1445,2021,2,19,5,5,1,1,18,1804,99,1,47,8,8,10,71,5
1446,2021,2,19,5,11,2,1,18,1803,99,1,999,12,16,18,71,5
1447,2021,2,20,6,22,4,3,1,115,99,2,15,2,2,4,71,5
1448,2021,2,20,6,11,2,1,16,1609,99,1,17,2,2,4,71,5
1449,2021,2,20,6,2,1,1,14,1401,99,1,16,2,2,4,71,5
1450,2021,2,20,6,21,4,3,1,115,99,2,17,2,2,4,71,5
1451,2021,2,20,6,21,4,3,1,115,99,2,8,1,1,2,71,5
1452,2021,2,21,7,14,3,2,2,203,99,1,17,2,2,4,71,5
1453,2021,2,21,7,14,3,2,17,1701,99,2,35,6,6,8,71,5
1454,2021,2,21,7,14,3,2,17,1701,99,2,3,1,1,1,71,5
1455,2021,2,21,7,19,4,3,7,701,99,2,31,5,5,7,71,5
1456,2021,2,21,7,14,3,2,4,406,99,1,20,3,3,5,71,5
1457,2021,2,21,7,15,3,2,1,101,18,1,14,1,1,3,71,5
1458,2021,2,21,7,22,4,3,1,101,18,2,4,1,1,1,71,5
1459,2021,2,22,1,16,3,2,1,101,5,1,13,1,1,3,71,5
1460,2021,2,22,1,10,2,1,15,1508,99,2,18,2,2,4,71,5
1461,2021,2,22,1,14,3,2,8,806,99,1,19,2,2,4,71,5
1462,2021,2,22,1,20,4,3,1,110,99,1,19,2,2,4,71,5
1463,2021,2,23,2,8,2,1,1,101,6,2,13,1,1,3,71,5
1464,2021,2,23,2,17,3,2,1,101,12,2,32,5,5,7,71,5
1465,2021,2,23,2,15,3,2,1,115,99,1,27,4,4,6,71,5
1466,2021,2,23,2,17,3,2,1,115,99,2,15,2,2,4,71,5
1467,2021,2,23,2,17,3,2,1,115,99,2,17,2,2,4,71,5
1468,2021,2,23,2,8,2,1,22,2201,99,1,47,8,8,10,71,5
1469,2021,2,23,2,0,1,1,22,2201,99,1,999,12,16,18,71,5
1470,2021,2,23,2,15,3,2,4,401,99,1,2,1,1,1,71,5
1471,2021,2,24,3,7,2,1,1,101,12,1,35,6,6,8,71,5
1472,2021,2,24,3,15,3,2,1,108,99,2,13,1,1,3,71,5
1473,2021,2,24,3,7,2,1,1,116,99,2,22,3,3,5,71,5
1474,2021,2,24,3,15,3,2,4,409,99,2,53,9,9,11,71,5
1475,2021,2,24,3,19,4,3,4,409,99,1,38,6,6,8,71,5
1476,2021,2,24,3,21,4,3,4,414,99,2,15,2,2,4,71,5
1477,2021,2,25,4,15,3,2,1,115,99,2,16,2,2,4,71,5
1478,2021,2,25,4,9,2,1,1,110,99,1,78,11,14,16,71,5
1479,2021,2,25,4,7,2,1,1,115,99,1,42,7,7,9,71,5
1480,2021,2,25,4,13,3,2,1,108,99,2,17,2,2,4,71,5
1481,2021,2,25,4,9,2,1,20,2009,99,2,14,1,1,3,71,5
1482,2021,2,25,4,20,4,3,5,507,99,2,13,1,1,3,71,5
1483,2021,2,25,4,15,3,2,11,1106,99,2,26,4,4,6,71,5
1484,2021,2,25,4,7,2,1,18,1801,99,2,16,2,2,4,71,5
1485,2021,2,25,4,8,2,1,4,403,99,2,9,1,1,2,71,5
1486,2021,2,26,5,9,2,1,1,115,99,1,12,1,1,3,71,5
1487,2021,2,26,5,5,1,1,1,108,99,1,18,2,2,4,71,5
1488,2021,2,26,5,6,2,1,20,2011,99,2,20,3,3,5,71,5
1489,2021,2,26,5,11,2,1,5,510,99,1,39,6,6,8,71,5
1490,2021,2,26,5,18,4,3,13,1302,99,2,22,3,3,5,71,5
1491,2021,2,27,6,14,3,2,5,501,99,1,42,7,7,9,71,5
1492,2021,2,27,6,10,2,1,1,101,18,1,23,3,3,5,71,5
1493,2021,2,27,6,19,4,3,1,116,99,2,12,1,1,3,71,5
1494,2021,2,27,6,14,3,2,18,1801,99,2,16,2,2,4,71,5
1495,2021,2,27,6,14,3,2,18,1801,99,2,13,1,1,3,71,5
1496,2021,2,28,7,0,1,1,1,108,99,1,33,5,5,7,71,5
1497,2021,2,28,7,17,3,2,1,108,99,2,26,4,4,6,71,5
1498,2021,2,28,7,0,1,1,1,108,99,1,16,2,2,4,71,5
1499,2021,2,28,7,18,4,3,8,805,99,1,28,4,4,6,71,5
1500,2021,2,28,7,9,2,1,17,1711,99,2,7,1,1,2,71,5
1501,2021,2,28,7,11,2,1,7,707,99,1,29,4,4,6,71,5
1502,2021,2,28,7,17,3,2,4,401,99,1,23,3,3,5,71,5
1503,2021,1,1,5,17,3,2,1,101,3,1,25,4,4,6,79,3
1504,2021,1,1,5,14,3,2,1,101,7,1,26,4,4,6,79,3
1505,2021,1,1,5,16,3,2,1,116,99,1,33,5,5,7,79,3
1506,2021,1,1,5,9,2,1,20,2001,99,1,22,3,3,5,79,3
1507,2021,1,1,5,9,2,1,5,502,99,1,38,6,6,8,79,3
1508,2021,1,1,5,2,1,1,5,502,99,1,23,3,3,5,79,3
1509,2021,1,1,5,11,2,1,5,507,99,2,21,3,3,5,24,3
1510,2021,1,1,5,19,4,3,5,501,99,1,40,7,7,9,24,3
1511,2021,1,1,5,22,4,3,5,501,99,1,21,3,3,5,79,3
1512,2021,1,1,5,17,3,2,5,502,99,1,26,4,4,6,79,3
1513,2021,1,1,5,17,3,2,18,1804,99,1,26,4,4,6,79,3
1514,2021,1,1,5,9,2,1,18,1801,99,1,30,5,5,7,79,3
1515,2021,1,1,5,13,3,2,18,1801,99,2,50,9,9,11,79,3
1516,2021,1,1,5,16,3,2,17,1702,99,1,66,11,12,14,79,3
1517,2021,1,1,5,19,4,3,18,1801,99,1,28,4,4,6,79,3
1518,2021,1,1,5,19,4,3,1,109,99,1,32,5,5,7,24,3
1519,2021,1,1,5,14,3,2,5,509,99,1,24,3,3,5,79,3
1520,2021,1,2,6,6,2,1,1,101,8,1,23,3,3,5,79,3
1521,2021,1,2,6,5,1,1,1,101,18,1,30,5,5,7,24,3
1522,2021,1,2,6,21,4,3,1,115,99,2,42,7,7,9,24,3
1523,2021,1,2,6,17,3,2,5,507,99,1,32,5,5,7,24,3
1524,2021,1,2,6,16,3,2,5,507,99,1,23,3,3,5,24,3
1525,2021,1,2,6,16,3,2,5,507,99,1,21,3,3,5,24,3
1526,2021,1,2,6,17,3,2,5,501,99,1,31,5,5,7,24,3
1527,2021,1,2,6,8,2,1,22,2201,99,1,37,6,6,8,79,3
1528,2021,1,2,6,22,4,3,1,117,99,1,37,6,6,8,24,3
1529,2021,1,3,7,2,1,1,1,101,7,1,30,5,5,7,79,3
1530,2021,1,3,7,15,3,2,1,115,99,2,35,6,6,8,79,3
1531,2021,1,3,7,9,2,1,11,1101,99,1,39,6,6,8,79,3
1532,2021,1,3,7,20,4,3,11,1101,99,2,33,5,5,7,79,3
1533,2021,1,3,7,17,3,2,12,1215,99,1,30,5,5,7,79,3
1534,2021,1,3,7,16,3,2,18,1804,99,1,24,3,3,5,79,3
1535,2021,1,3,7,16,3,2,18,1804,99,1,29,4,4,6,79,3
1536,2021,1,4,1,11,2,1,1,101,10,1,38,6,6,8,79,3
1537,2021,1,4,1,13,3,2,1,101,14,1,30,5,5,7,79,3
1538,2021,1,4,1,10,2,1,1,115,99,1,24,3,3,5,79,3
1539,2021,1,4,1,22,4,3,1,108,99,1,29,4,4,6,79,3
1540,2021,1,4,1,10,2,1,13,1301,99,2,23,3,3,5,24,3
1541,2021,1,4,1,13,3,2,18,1804,99,2,29,4,4,6,79,3
1542,2021,1,5,2,5,1,1,1,102,99,2,68,11,12,14,79,3
1543,2021,1,5,2,18,4,3,1,115,99,1,30,5,5,7,79,3
1544,2021,1,5,2,20,4,3,1,117,99,1,43,7,7,9,79,3
1545,2021,1,5,2,17,3,2,1,116,99,1,25,4,4,6,79,3
1546,2021,1,5,2,21,4,3,1,101,21,1,33,5,5,7,79,3
1547,2021,1,6,3,11,2,1,1,101,9,1,34,5,5,7,79,3
1548,2021,1,6,3,5,1,1,1,101,13,1,34,5,5,7,79,3
1549,2021,1,6,3,15,3,2,1,116,99,1,39,6,6,8,24,3
1550,2021,1,6,3,10,2,1,1,115,99,1,35,6,6,8,79,3
1551,2021,1,6,3,19,4,3,1,115,99,2,34,5,5,7,79,3
1552,2021,1,6,3,14,3,2,1,108,99,1,21,3,3,5,79,3
1553,2021,1,6,3,16,3,2,18,1801,99,1,27,4,4,6,24,3
1554,2021,1,6,3,20,4,3,4,401,99,1,999,12,16,18,24,3
1555,2021,1,6,3,18,4,3,1,115,99,1,21,3,3,5,79,3
1556,2021,1,6,3,11,2,1,5,507,99,2,37,6,6,8,24,3
1557,2021,1,6,3,19,4,3,5,509,99,1,24,3,3,5,79,3
1558,2021,1,6,3,21,4,3,11,1101,99,1,22,3,3,5,79,3
1559,2021,1,7,4,10,2,1,1,101,10,1,24,3,3,5,79,3
1560,2021,1,7,4,14,3,2,1,101,7,1,23,3,3,5,79,3
1561,2021,1,7,4,6,2,1,1,115,99,1,32,5,5,7,24,3
1562,2021,1,7,4,20,4,3,1,116,99,1,35,6,6,8,24,3
1563,2021,1,7,4,16,3,2,5,507,99,1,47,8,8,10,24,3
1564,2021,1,7,4,9,2,1,16,1616,99,1,48,8,8,10,79,3
1565,2021,1,7,4,8,2,1,5,501,99,1,30,5,5,7,79,3
1566,2021,1,7,4,18,4,3,4,407,99,1,28,4,4,6,79,3
1567,2021,1,7,4,12,3,2,1,101,10,1,32,5,5,7,79,3
1568,2021,1,8,5,12,3,2,1,101,9,1,999,12,16,18,79,3
1569,2021,1,8,5,0,1,1,1,101,6,1,29,4,4,6,24,3
1570,2021,1,8,5,0,1,1,1,101,6,1,38,6,6,8,24,3
1571,2021,1,8,5,13,3,2,1,101,10,1,29,4,4,6,79,3
1572,2021,1,8,5,21,4,3,1,101,10,1,48,8,8,10,24,3
1573,2021,1,8,5,15,3,2,1,101,7,1,25,4,4,6,79,3
1574,2021,1,8,5,11,2,1,1,108,99,1,29,4,4,6,79,3
1575,2021,1,8,5,22,4,3,1,101,12,1,21,3,3,5,24,3
1576,2021,1,8,5,17,3,2,1,115,99,1,28,4,4,6,79,3
1577,2021,1,8,5,19,4,3,5,501,99,1,48,8,8,10,24,3
1578,2021,1,9,6,8,2,1,1,101,6,1,22,3,3,5,79,3
1579,2021,1,9,6,10,2,1,1,101,18,1,44,7,7,9,79,3
1580,2021,1,9,6,21,4,3,19,1901,99,1,53,9,9,11,79,3
1581,2021,1,9,6,14,3,2,10,1001,99,1,28,4,4,6,79,3
1582,2021,1,9,6,12,3,2,5,503,99,1,25,4,4,6,24,3
1583,2021,1,9,6,8,2,1,18,1801,99,1,30,5,5,7,79,3
1584,2021,1,9,6,20,4,3,17,1703,99,1,50,9,9,11,79,3
1585,2021,1,9,6,19,4,3,3,302,99,1,26,4,4,6,24,3
1586,2021,1,9,6,20,4,3,1,116,99,2,23,3,3,5,79,3
1587,2021,1,9,6,22,4,3,1,116,99,1,24,3,3,5,79,3
1588,2021,1,9,6,18,4,3,1,101,6,1,40,7,7,9,79,3
1589,2021,1,9,6,7,2,1,1,101,11,1,29,4,4,6,79,3
1590,2021,1,9,6,3,1,1,5,509,99,1,40,7,7,9,24,3
1591,2021,1,9,6,19,4,3,1,101,12,1,36,6,6,8,79,3
1592,2021,1,9,6,19,4,3,4,401,99,1,30,5,5,7,79,3
1593,2021,1,9,6,14,3,2,1,101,2,1,33,5,5,7,79,3
1594,2021,1,9,6,14,3,2,18,1804,99,2,40,7,7,9,79,3
1595,2021,1,10,7,8,2,1,1,115,99,1,20,3,3,5,24,3
1596,2021,1,10,7,16,3,2,1,101,11,2,31,5,5,7,79,3
1597,2021,1,10,7,22,4,3,5,507,99,1,30,5,5,7,79,3
1598,2021,1,10,7,15,3,2,5,501,99,1,63,11,11,13,24,3
1599,2021,1,10,7,20,4,3,5,501,99,1,63,11,11,13,24,3
1600,2021,1,10,7,21,4,3,5,501,99,1,25,4,4,6,24,3
1601,2021,1,10,7,21,4,3,18,1801,99,2,41,7,7,9,24,3
1602,2021,1,10,7,5,1,1,11,1106,99,1,35,6,6,8,79,3
1603,2021,1,11,1,4,1,1,1,101,10,1,24,3,3,5,24,3
1604,2021,1,11,1,21,4,3,1,101,13,1,21,3,3,5,24,3
1605,2021,1,11,1,3,1,1,1,108,99,1,24,3,3,5,79,3
1606,2021,1,11,1,4,1,1,6,606,99,1,36,6,6,8,79,3
1607,2021,1,11,1,14,3,2,6,606,99,1,29,4,4,6,79,3
1608,2021,1,11,1,5,1,1,10,1005,99,1,41,7,7,9,79,3
1609,2021,1,11,1,5,1,1,18,1802,99,1,30,5,5,7,79,3
1610,2021,1,11,1,6,2,1,18,1802,99,1,30,5,5,7,79,3
1611,2021,1,11,1,10,2,1,1,108,99,1,25,4,4,6,79,3
1612,2021,1,11,1,19,4,3,18,1801,99,2,43,7,7,9,79,3
1613,2021,1,11,1,20,4,3,22,2202,99,1,19,2,2,4,79,3
1614,2021,1,11,1,18,4,3,5,505,99,1,25,4,4,6,79,3
1615,2021,1,11,1,23,4,3,1,101,7,1,28,4,4,6,79,3
1616,2021,1,11,1,0,1,1,1,108,99,1,26,4,4,6,24,3
1617,2021,1,11,1,11,2,1,4,401,99,1,39,6,6,8,79,3
1618,2021,1,12,2,5,1,1,1,101,10,1,25,4,4,6,24,3
1619,2021,1,12,2,8,2,1,1,101,10,1,28,4,4,6,79,3
1620,2021,1,12,2,10,2,1,1,114,99,1,19,2,2,4,79,3
1621,2021,1,12,2,19,4,3,1,116,99,1,27,4,4,6,79,3
1622,2021,1,12,2,13,3,2,22,2201,99,1,22,3,3,5,79,3
1623,2021,1,12,2,5,1,1,5,507,99,2,25,4,4,6,24,3
1624,2021,1,12,2,22,4,3,5,501,99,1,28,4,4,6,24,3
1625,2021,1,12,2,15,3,2,9,901,99,2,21,3,3,5,79,3
1626,2021,1,12,2,7,2,1,18,1803,99,1,41,7,7,9,79,3
1627,2021,1,12,2,17,3,2,1,108,99,1,20,3,3,5,79,3
1628,2021,1,12,2,20,4,3,5,504,99,1,31,5,5,7,24,3
1629,2021,1,12,2,20,4,3,5,505,99,1,18,2,2,4,79,3
1630,2021,1,12,2,20,4,3,4,401,99,1,44,7,7,9,79,3
1631,2021,1,13,3,11,2,1,1,114,99,1,42,7,7,9,79,3
1632,2021,1,13,3,23,4,3,5,501,99,1,35,6,6,8,24,3
1633,2021,1,13,3,11,2,1,5,501,99,1,22,3,3,5,79,3
1634,2021,1,13,3,12,3,2,5,501,99,1,26,4,4,6,79,3
1635,2021,1,13,3,16,3,2,5,501,99,1,34,5,5,7,79,3
1636,2021,1,14,4,11,2,1,1,101,10,1,25,4,4,6,79,3
1637,2021,1,14,4,15,3,2,1,115,99,1,31,5,5,7,24,3
1638,2021,1,14,4,17,3,2,1,101,7,1,27,4,4,6,79,3
1639,2021,1,14,4,17,3,2,1,114,99,1,42,7,7,9,79,3
1640,2021,1,14,4,8,2,1,5,507,99,1,44,7,7,9,24,3
1641,2021,1,14,4,8,2,1,18,1802,99,2,28,4,4,6,79,3
1642,2021,1,14,4,2,1,1,4,414,99,1,33,5,5,7,79,3
1643,2021,1,14,4,8,2,1,4,401,99,1,27,4,4,6,79,3
1644,2021,1,14,4,20,4,3,18,1804,99,1,43,7,7,9,79,3
1645,2021,1,15,5,22,4,3,1,101,1,1,35,6,6,8,24,3
1646,2021,1,15,5,4,1,1,1,101,18,1,61,11,11,13,79,3
1647,2021,1,15,5,10,2,1,1,101,16,1,24,3,3,5,79,3
1648,2021,1,15,5,19,4,3,1,116,99,1,22,3,3,5,24,3
1649,2021,1,15,5,21,4,3,1,115,99,1,30,5,5,7,79,3
1650,2021,1,15,5,5,1,1,5,501,99,1,22,3,3,5,24,3
1651,2021,1,15,5,8,2,1,11,1108,99,1,27,4,4,6,24,3
1652,2021,1,15,5,14,3,2,13,1301,99,2,999,12,16,18,79,3
1653,2021,1,15,5,10,2,1,18,1801,99,1,44,7,7,9,79,3
1654,2021,1,15,5,5,1,1,18,1804,99,1,21,3,3,5,79,3
1655,2021,1,15,5,21,4,3,3,310,99,1,24,3,3,5,24,3
1656,2021,1,15,5,22,4,3,1,115,99,1,26,4,4,6,79,3
1657,2021,1,16,6,16,3,2,1,101,6,2,59,10,10,12,79,3
1658,2021,1,16,6,6,2,1,1,101,11,1,25,4,4,6,24,3
1659,2021,1,16,6,16,3,2,1,115,99,2,47,8,8,10,79,3
1660,2021,1,16,6,19,4,3,1,116,99,1,21,3,3,5,79,3
1661,2021,1,16,6,18,4,3,1,108,99,1,57,10,10,12,79,3
1662,2021,1,16,6,6,2,1,5,501,99,1,16,2,2,4,79,3
1663,2021,1,16,6,5,1,1,5,501,99,1,28,4,4,6,24,3
1664,2021,1,16,6,15,3,2,5,512,99,1,33,5,5,7,24,3
1665,2021,1,16,6,17,3,2,10,1006,99,2,36,6,6,8,24,3
1666,2021,1,16,6,18,4,3,18,1801,99,1,52,9,9,11,24,3
1667,2021,1,16,6,19,4,3,18,1801,99,1,39,6,6,8,79,3
1668,2021,1,16,6,14,3,2,17,1701,99,1,19,2,2,4,79,3
1669,2021,1,17,7,19,4,3,1,101,7,1,30,5,5,7,24,3
1670,2021,1,17,7,19,4,3,1,115,99,1,21,3,3,5,79,3
1671,2021,1,17,7,18,4,3,1,114,99,1,26,4,4,6,79,3
1672,2021,1,17,7,13,3,2,1,117,99,1,33,5,5,7,24,3
1673,2021,1,17,7,17,3,2,1,108,99,1,69,11,12,14,79,3
1674,2021,1,17,7,20,4,3,1,108,99,2,43,7,7,9,24,3
1675,2021,1,17,7,8,2,1,20,2001,99,1,31,5,5,7,79,3
1676,2021,1,17,7,6,2,1,5,510,99,1,19,2,2,4,24,3
1677,2021,1,17,7,5,1,1,5,502,99,1,42,7,7,9,79,3
1678,2021,1,17,7,20,4,3,5,503,99,1,23,3,3,5,24,3
1679,2021,1,17,7,9,2,1,5,501,99,1,34,5,5,7,79,3
1680,2021,1,17,7,8,2,1,4,409,99,1,20,3,3,5,24,3
1681,2021,1,18,1,6,2,1,1,101,10,1,31,5,5,7,24,3
1682,2021,1,18,1,10,2,1,1,101,13,1,34,5,5,7,79,3
1683,2021,1,18,1,21,4,3,1,101,12,1,19,2,2,4,24,3
1684,2021,1,18,1,16,3,2,1,114,99,2,31,5,5,7,79,3
1685,2021,1,18,1,5,1,1,1,115,99,2,39,6,6,8,79,3
1686,2021,1,18,1,19,4,3,1,116,99,1,31,5,5,7,79,3
1687,2021,1,18,1,10,2,1,1,108,99,1,35,6,6,8,24,3
1688,2021,1,18,1,22,4,3,22,2202,99,1,18,2,2,4,79,3
1689,2021,1,18,1,13,3,2,19,1903,99,2,34,5,5,7,79,3
1690,2021,1,18,1,11,2,1,5,501,99,1,26,4,4,6,24,3
1691,2021,1,18,1,6,2,1,5,501,99,1,24,3,3,5,79,3
1692,2021,1,18,1,13,3,2,13,1301,99,1,37,6,6,8,79,3
1693,2021,1,18,1,22,4,3,1,117,99,1,31,5,5,7,79,3
1694,2021,1,19,2,17,3,2,1,101,18,1,36,6,6,8,24,3
1695,2021,1,19,2,8,2,1,1,115,99,1,20,3,3,5,24,3
1696,2021,1,19,2,19,4,3,1,115,99,1,38,6,6,8,79,3
1697,2021,1,19,2,19,4,3,5,509,99,1,45,8,8,10,79,3
1698,2021,1,19,2,8,2,1,5,501,99,2,28,4,4,6,24,3
1699,2021,1,19,2,10,2,1,18,1804,99,1,32,5,5,7,79,3
1700,2021,1,19,2,7,2,1,17,1704,99,1,43,7,7,9,79,3
1701,2021,1,20,3,4,1,1,1,101,2,1,24,3,3,5,24,3
1702,2021,1,20,3,8,2,1,1,101,9,2,22,3,3,5,79,3
1703,2021,1,20,3,15,3,2,1,101,6,1,24,3,3,5,79,3
1704,2021,1,20,3,5,1,1,1,101,10,1,18,2,2,4,24,3
1705,2021,1,20,3,9,2,1,1,114,99,1,23,3,3,5,79,3
1706,2021,1,20,3,18,4,3,22,2202,99,2,30,5,5,7,79,3
1707,2021,1,20,3,6,2,1,5,509,99,1,26,4,4,6,24,3
1708,2021,1,20,3,18,4,3,5,509,99,2,28,4,4,6,79,3
1709,2021,1,20,3,5,1,1,5,501,99,1,23,3,3,5,24,3
1710,2021,1,20,3,21,4,3,4,414,99,1,26,4,4,6,24,3
1711,2021,1,21,4,10,2,1,1,101,12,1,28,4,4,6,24,3
1712,2021,1,21,4,4,1,1,1,101,7,1,30,5,5,7,24,3
1713,2021,1,21,4,10,2,1,1,101,11,1,30,5,5,7,79,3
1714,2021,1,21,4,22,4,3,1,115,99,1,25,4,4,6,79,3
1715,2021,1,21,4,22,4,3,1,116,99,1,25,4,4,6,24,3
1716,2021,1,21,4,15,3,2,1,116,99,1,23,3,3,5,79,3
1717,2021,1,22,5,4,1,1,1,101,8,1,30,5,5,7,79,3
1718,2021,1,22,5,10,2,1,1,101,9,1,22,3,3,5,79,3
1719,2021,1,22,5,18,4,3,1,101,1,1,39,6,6,8,79,3
1720,2021,1,22,5,12,3,2,1,101,6,1,27,4,4,6,24,3
1721,2021,1,22,5,7,2,1,1,101,5,1,27,4,4,6,79,3
1722,2021,1,22,5,19,4,3,1,115,99,1,38,6,6,8,79,3
1723,2021,1,22,5,15,3,2,5,514,99,1,37,6,6,8,79,3
1724,2021,1,22,5,10,2,1,11,1101,99,2,38,6,6,8,24,3
1725,2021,1,22,5,11,2,1,18,1801,99,2,38,6,6,8,79,3
1726,2021,1,22,5,7,2,1,17,1707,99,1,63,11,11,13,79,3
1727,2021,1,22,5,23,4,3,5,509,99,1,44,7,7,9,24,3
1728,2021,1,22,5,21,4,3,22,2201,99,2,60,11,11,13,24,3
1729,2021,1,22,5,14,3,2,1,101,11,1,33,5,5,7,79,3
1730,2021,1,23,6,12,3,2,1,101,10,1,23,3,3,5,79,3
1731,2021,1,23,6,6,2,1,1,117,99,2,23,3,3,5,79,3
1732,2021,1,23,6,22,4,3,1,116,99,1,28,4,4,6,79,3
1733,2021,1,23,6,20,4,3,1,108,99,1,27,4,4,6,79,3
1734,2021,1,23,6,15,3,2,5,501,99,1,26,4,4,6,24,3
1735,2021,1,23,6,17,3,2,5,509,99,2,40,7,7,9,24,3
1736,2021,1,23,6,18,4,3,4,403,99,2,43,7,7,9,79,3
1737,2021,1,23,6,18,4,3,1,103,99,1,48,8,8,10,79,3
1738,2021,1,23,6,21,4,3,1,101,12,1,21,3,3,5,79,3
1739,2021,1,23,6,20,4,3,5,503,99,1,35,6,6,8,24,3
1740,2021,1,23,6,22,4,3,4,414,99,1,31,5,5,7,79,3
1741,2021,1,23,6,17,3,2,4,412,99,1,57,10,10,12,79,3
1742,2021,1,24,7,6,2,1,1,101,18,1,36,6,6,8,79,3
1743,2021,1,24,7,22,4,3,1,108,99,1,49,8,8,10,79,3
1744,2021,1,24,7,7,2,1,11,1107,99,2,64,11,11,13,79,3
1745,2021,1,24,7,20,4,3,18,1801,99,1,27,4,4,6,24,3
1746,2021,1,25,1,8,2,1,1,101,14,1,27,4,4,6,79,3
1747,2021,1,25,1,12,3,2,1,115,99,1,24,3,3,5,24,3
1748,2021,1,25,1,22,4,3,1,116,99,1,25,4,4,6,79,3
1749,2021,1,25,1,20,4,3,1,116,99,1,45,8,8,10,79,3
1750,2021,1,25,1,13,3,2,5,514,99,1,26,4,4,6,24,3
1751,2021,1,25,1,20,4,3,5,501,99,1,26,4,4,6,24,3
1752,2021,1,25,1,20,4,3,5,509,99,1,36,6,6,8,79,3
1753,2021,1,26,2,4,1,1,1,101,9,1,25,4,4,6,24,3
1754,2021,1,26,2,5,1,1,1,101,8,1,19,2,2,4,24,3
1755,2021,1,26,2,9,2,1,1,101,9,1,27,4,4,6,79,3
1756,2021,1,26,2,8,2,1,1,101,24,1,41,7,7,9,79,3
1757,2021,1,26,2,10,2,1,1,101,14,1,60,11,11,13,79,3
1758,2021,1,26,2,13,3,2,1,101,14,1,33,5,5,7,79,3
1759,2021,1,26,2,9,2,1,1,101,12,1,56,10,10,12,79,3
1760,2021,1,26,2,7,2,1,1,115,99,1,20,3,3,5,79,3
1761,2021,1,26,2,21,4,3,1,115,99,1,23,3,3,5,79,3
1762,2021,1,26,2,18,4,3,20,2001,99,1,29,4,4,6,24,3
1763,2021,1,26,2,10,2,1,18,1804,99,1,66,11,12,14,79,3
1764,2021,1,26,2,7,2,1,18,1805,99,1,25,4,4,6,24,3
1765,2021,1,26,2,13,3,2,17,1701,99,1,34,5,5,7,79,3
1766,2021,1,27,3,16,3,2,1,101,18,1,23,3,3,5,79,3
1767,2021,1,27,3,13,3,2,1,116,99,1,27,4,4,6,79,3
1768,2021,1,27,3,15,3,2,1,115,99,1,32,5,5,7,24,3
1769,2021,1,27,3,21,4,3,1,116,99,1,21,3,3,5,24,3
1770,2021,1,27,3,19,4,3,20,2001,99,1,29,4,4,6,24,3
1771,2021,1,27,3,15,3,2,18,1805,99,1,21,3,3,5,79,3
1772,2021,1,28,4,9,2,1,1,101,10,1,35,6,6,8,79,3
1773,2021,1,28,4,17,3,2,1,101,5,1,32,5,5,7,79,3
1774,2021,1,28,4,4,1,1,1,101,13,1,26,4,4,6,24,3
1775,2021,1,28,4,13,3,2,1,101,7,1,32,5,5,7,24,3
1776,2021,1,28,4,13,3,2,1,114,99,1,21,3,3,5,24,3
1777,2021,1,28,4,11,2,1,18,1805,99,2,50,9,9,11,79,3
1778,2021,1,28,4,7,2,1,18,1804,99,1,21,3,3,5,79,3
1779,2021,1,29,5,20,4,3,1,101,6,1,43,7,7,9,79,3
1780,2021,1,29,5,9,2,1,1,101,13,1,28,4,4,6,79,3
1781,2021,1,29,5,20,4,3,1,101,14,1,30,5,5,7,79,3
1782,2021,1,29,5,19,4,3,1,101,10,1,30,5,5,7,79,3
1783,2021,1,29,5,17,3,2,1,101,12,1,20,3,3,5,79,3
1784,2021,1,29,5,14,3,2,1,117,99,1,34,5,5,7,24,3
1785,2021,1,29,5,18,4,3,5,505,99,1,33,5,5,7,24,3
1786,2021,1,29,5,17,3,2,5,507,99,1,27,4,4,6,24,3
1787,2021,1,29,5,20,4,3,5,511,99,1,32,5,5,7,79,3
1788,2021,1,29,5,17,3,2,5,507,99,1,24,3,3,5,24,3
1789,2021,1,30,6,15,3,2,1,101,10,1,29,4,4,6,24,3
1790,2021,1,30,6,8,2,1,1,115,99,1,39,6,6,8,24,3
1791,2021,1,30,6,5,1,1,1,101,11,1,23,3,3,5,79,3
1792,2021,1,30,6,19,4,3,1,115,99,1,25,4,4,6,79,3
1793,2021,1,30,6,19,4,3,5,501,99,1,27,4,4,6,79,3
1794,2021,1,30,6,19,4,3,5,501,99,1,29,4,4,6,79,3
1795,2021,1,30,6,11,2,1,18,1805,99,1,24,3,3,5,79,3
1796,2021,1,30,6,15,3,2,18,1805,99,1,31,5,5,7,79,3
1797,2021,1,30,6,7,2,1,17,1703,99,2,31,5,5,7,79,3
1798,2021,1,31,7,10,2,1,1,115,99,1,38,6,6,8,79,3
1799,2021,1,31,7,7,2,1,1,117,99,1,24,3,3,5,79,3
1800,2021,1,31,7,15,3,2,19,1906,99,1,47,8,8,10,79,3
1801,2021,1,31,7,8,2,1,5,507,99,1,27,4,4,6,24,3
1802,2021,1,31,7,14,3,2,18,1805,99,1,22,3,3,5,79,3
1803,2021,1,31,7,10,2,1,18,1801,99,1,25,4,4,6,79,3
1804,2021,1,31,7,6,2,1,4,414,99,1,20,3,3,5,79,3
1805,2021,1,31,7,6,2,1,4,414,99,1,20,3,3,5,79,3
1806,2021,2,1,1,22,4,3,1,101,1,1,34,5,5,7,79,3
1807,2021,2,1,1,16,3,2,1,101,6,1,34,5,5,7,79,3
1808,2021,2,1,1,7,2,1,1,101,6,1,46,8,8,10,79,3
1809,2021,2,1,1,6,2,1,1,101,10,1,32,5,5,7,24,3
1810,2021,2,1,1,5,1,1,1,108,99,2,38,6,6,8,24,3
1811,2021,2,1,1,11,2,1,5,501,99,1,63,11,11,13,24,3
1812,2021,2,1,1,19,4,3,5,502,99,1,23,3,3,5,79,3
1813,2021,2,1,1,18,4,3,2,202,99,1,63,11,11,13,79,3
1814,2021,2,1,1,0,1,1,18,1801,99,1,41,7,7,9,24,3
1815,2021,2,1,1,21,4,3,5,501,99,1,32,5,5,7,24,3
1816,2021,2,2,2,19,4,3,1,101,18,1,21,3,3,5,24,3
1817,2021,2,2,2,2,1,1,1,101,3,1,35,6,6,8,79,3
1818,2021,2,2,2,6,2,1,1,101,15,1,30,5,5,7,24,3
1819,2021,2,2,2,8,2,1,1,101,14,1,24,3,3,5,79,3
1820,2021,2,2,2,13,3,2,1,113,99,1,26,4,4,6,24,3
1821,2021,2,2,2,19,4,3,1,101,7,1,27,4,4,6,79,3
1822,2021,2,2,2,15,3,2,1,116,99,1,21,3,3,5,24,3
1823,2021,2,2,2,19,4,3,1,115,99,1,25,4,4,6,24,3
1824,2021,2,2,2,15,3,2,1,116,99,1,28,4,4,6,79,3
1825,2021,2,2,2,10,2,1,5,507,99,1,70,11,13,15,79,3
1826,2021,2,2,2,19,4,3,5,501,99,1,34,5,5,7,24,3
1827,2021,2,2,2,8,2,1,18,1801,99,1,18,2,2,4,24,3
1828,2021,2,3,3,8,2,1,1,101,18,1,46,8,8,10,79,3
1829,2021,2,3,3,15,3,2,1,101,9,1,21,3,3,5,79,3
1830,2021,2,3,3,20,4,3,1,101,18,1,34,5,5,7,79,3
1831,2021,2,3,3,21,4,3,1,101,18,1,24,3,3,5,79,3
1832,2021,2,3,3,19,4,3,1,101,7,1,70,11,13,15,79,3
1833,2021,2,3,3,18,4,3,1,101,19,2,34,5,5,7,79,3
1834,2021,2,3,3,9,2,1,5,507,99,2,24,3,3,5,24,3
1835,2021,2,3,3,19,4,3,5,509,99,2,21,3,3,5,79,3
1836,2021,2,4,4,5,1,1,1,101,9,2,24,3,3,5,24,3
1837,2021,2,4,4,11,2,1,1,101,9,1,51,9,9,11,24,3
1838,2021,2,4,4,7,2,1,1,101,8,1,36,6,6,8,79,3
1839,2021,2,4,4,9,2,1,1,101,9,1,50,9,9,11,79,3
1840,2021,2,4,4,18,4,3,1,101,12,1,22,3,3,5,79,3
1841,2021,2,4,4,14,3,2,1,115,99,1,37,6,6,8,79,3
1842,2021,2,4,4,6,2,1,5,507,99,1,23,3,3,5,79,3
1843,2021,2,4,4,5,1,1,5,501,99,1,26,4,4,6,24,3
1844,2021,2,4,4,15,3,2,5,511,99,2,42,7,7,9,24,3
1845,2021,2,4,4,6,2,1,10,1021,99,1,22,3,3,5,79,3
1846,2021,2,4,4,21,4,3,10,1005,99,1,21,3,3,5,24,3
1847,2021,2,4,4,7,2,1,11,1101,99,1,31,5,5,7,79,3
1848,2021,2,4,4,10,2,1,9,901,99,1,999,12,16,18,79,3
1849,2021,2,4,4,17,3,2,4,406,99,1,27,4,4,6,79,3
1850,2021,2,5,5,4,1,1,1,101,4,1,22,3,3,5,24,3
1851,2021,2,5,5,8,2,1,1,101,9,1,61,11,11,13,79,3
1852,2021,2,5,5,20,4,3,1,101,7,1,30,5,5,7,24,3
1853,2021,2,5,5,19,4,3,1,101,7,1,30,5,5,7,79,3
1854,2021,2,5,5,5,1,1,1,114,99,1,23,3,3,5,24,3
1855,2021,2,5,5,20,4,3,1,115,99,1,29,4,4,6,79,3
1856,2021,2,5,5,3,1,1,1,108,99,1,27,4,4,6,24,3
1857,2021,2,5,5,8,2,1,5,509,99,2,36,6,6,8,24,3
1858,2021,2,5,5,0,1,1,15,1507,99,1,999,12,16,18,79,3
1859,2021,2,5,5,21,4,3,18,1801,99,1,60,11,11,13,79,3
1860,2021,2,5,5,20,4,3,4,414,99,1,25,4,4,6,79,3
1861,2021,2,6,6,21,4,3,1,101,18,2,23,3,3,5,79,3
1862,2021,2,6,6,18,4,3,1,101,18,1,27,4,4,6,24,3
1863,2021,2,6,6,22,4,3,1,101,18,1,19,2,2,4,24,3
1864,2021,2,6,6,17,3,2,1,101,12,1,23,3,3,5,79,3
1865,2021,2,6,6,12,3,2,1,114,99,2,51,9,9,11,79,3
1866,2021,2,6,6,4,1,1,1,108,99,1,28,4,4,6,24,3
1867,2021,2,6,6,21,4,3,5,501,99,2,25,4,4,6,79,3
1868,2021,2,6,6,15,3,2,5,507,99,1,44,7,7,9,24,3
1869,2021,2,6,6,20,4,3,11,1101,99,1,18,2,2,4,24,3
1870,2021,2,6,6,15,3,2,17,1703,99,2,32,5,5,7,79,3
1871,2021,2,6,6,20,4,3,4,414,99,1,32,5,5,7,24,3
1872,2021,2,7,7,16,3,2,1,101,6,1,56,10,10,12,79,3
1873,2021,2,7,7,16,3,2,1,101,6,1,56,10,10,12,79,3
1874,2021,2,7,7,16,3,2,1,115,99,2,27,4,4,6,79,3
1875,2021,2,7,7,18,4,3,1,116,99,1,28,4,4,6,24,3
1876,2021,2,7,7,22,4,3,1,108,99,1,26,4,4,6,24,3
1877,2021,2,7,7,19,4,3,5,502,99,1,30,5,5,7,24,3
1878,2021,2,7,7,18,4,3,5,501,99,2,24,3,3,5,79,3
1879,2021,2,7,7,18,4,3,5,501,99,1,37,6,6,8,79,3
1880,2021,2,7,7,5,1,1,5,514,99,1,21,3,3,5,79,3
1881,2021,2,7,7,16,3,2,5,509,99,2,30,5,5,7,79,3
1882,2021,2,7,7,3,1,1,10,1003,99,1,35,6,6,8,24,3
1883,2021,2,7,7,21,4,3,11,1101,99,1,26,4,4,6,79,3
1884,2021,2,7,7,22,4,3,9,919,99,1,33,5,5,7,79,3
1885,2021,2,7,7,20,4,3,18,1801,99,1,20,3,3,5,24,3
1886,2021,2,7,7,2,1,1,17,1703,99,1,25,4,4,6,79,3
1887,2021,2,7,7,19,4,3,3,301,99,1,22,3,3,5,79,3
1888,2021,2,8,1,6,2,1,1,101,1,1,44,7,7,9,79,3
1889,2021,2,8,1,20,4,3,1,101,18,1,21,3,3,5,79,3
1890,2021,2,8,1,7,2,1,1,101,13,1,21,3,3,5,79,3
1891,2021,2,8,1,7,2,1,1,101,13,1,21,3,3,5,79,3
1892,2021,2,8,1,10,2,1,1,101,10,1,26,4,4,6,79,3
1893,2021,2,8,1,16,3,2,1,101,12,1,28,4,4,6,79,3
1894,2021,2,8,1,0,1,1,1,117,99,1,32,5,5,7,79,3
1895,2021,2,8,1,22,4,3,1,116,99,1,23,3,3,5,24,3
1896,2021,2,8,1,22,4,3,1,117,99,1,999,12,16,18,24,3
1897,2021,2,8,1,10,2,1,20,2001,99,2,999,12,16,18,79,3
1898,2021,2,8,1,5,1,1,5,513,99,1,21,3,3,5,24,3
1899,2021,2,8,1,4,1,1,10,1001,99,1,37,6,6,8,24,3
1900,2021,2,8,1,12,3,2,17,1705,99,1,29,4,4,6,79,3
1901,2021,2,8,1,21,4,3,4,414,99,1,24,3,3,5,79,3
1902,2021,2,9,2,18,4,3,1,101,12,1,34,5,5,7,24,3
1903,2021,2,9,2,1,1,1,19,1901,99,1,22,3,3,5,79,3
1904,2021,2,9,2,0,1,1,19,1901,99,1,55,10,10,12,24,3
1905,2021,2,9,2,6,2,1,5,501,99,1,21,3,3,5,24,3
1906,2021,2,9,2,11,2,1,5,501,99,1,24,3,3,5,24,3
1907,2021,2,9,2,18,4,3,4,414,99,1,33,5,5,7,24,3
1908,2021,2,9,2,22,4,3,4,406,99,1,29,4,4,6,79,3
1909,2021,2,10,3,17,3,2,1,101,1,1,27,4,4,6,79,3
1910,2021,2,10,3,13,3,2,1,105,99,1,23,3,3,5,24,3
1911,2021,2,10,3,5,1,1,1,103,99,1,20,3,3,5,79,3
1912,2021,2,10,3,11,2,1,1,101,10,1,20,3,3,5,79,3
1913,2021,2,10,3,5,1,1,1,101,12,1,29,4,4,6,24,3
1914,2021,2,10,3,13,3,2,1,115,99,1,20,3,3,5,79,3
1915,2021,2,10,3,1,1,1,1,117,99,1,23,3,3,5,79,3
1916,2021,2,10,3,20,4,3,1,117,99,1,20,3,3,5,79,3
1917,2021,2,10,3,20,4,3,1,116,99,1,23,3,3,5,24,3
1918,2021,2,10,3,18,4,3,5,507,99,1,48,8,8,10,24,3
1919,2021,2,10,3,19,4,3,18,1801,99,1,25,4,4,6,24,3
1920,2021,2,11,4,11,2,1,1,101,1,1,52,9,9,11,79,3
1921,2021,2,11,4,21,4,3,1,101,1,1,16,2,2,4,79,3
1922,2021,2,11,4,11,2,1,1,101,5,1,48,8,8,10,24,3
1923,2021,2,11,4,17,3,2,1,101,10,1,38,6,6,8,79,3
1924,2021,2,11,4,13,3,2,1,101,7,1,26,4,4,6,79,3
1925,2021,2,11,4,20,4,3,1,101,7,1,18,2,2,4,24,3
1926,2021,2,11,4,15,3,2,1,116,99,1,44,7,7,9,79,3
1927,2021,2,11,4,17,3,2,5,501,99,1,37,6,6,8,79,3
1928,2021,2,11,4,18,4,3,6,602,99,1,21,3,3,5,24,3
1929,2021,2,12,5,11,2,1,1,101,9,1,36,6,6,8,79,3
1930,2021,2,12,5,20,4,3,1,101,3,2,29,4,4,6,24,3
1931,2021,2,12,5,7,2,1,1,101,18,1,25,4,4,6,79,3
1932,2021,2,12,5,19,4,3,1,108,99,1,25,4,4,6,24,3
1933,2021,2,12,5,21,4,3,5,501,99,1,25,4,4,6,79,3
1934,2021,2,12,5,20,4,3,18,1801,99,2,28,4,4,6,24,3
1935,2021,2,12,5,13,3,2,17,1703,99,1,26,4,4,6,24,3
1936,2021,2,12,5,16,3,2,17,1703,99,1,40,7,7,9,79,3
1937,2021,2,12,5,3,1,1,3,309,99,1,26,4,4,6,79,3
1938,2021,2,13,6,13,3,2,1,101,9,1,25,4,4,6,79,3
1939,2021,2,13,6,23,4,3,1,101,18,1,28,4,4,6,79,3
1940,2021,2,13,6,8,2,1,1,101,6,1,36,6,6,8,79,3
1941,2021,2,13,6,22,4,3,1,101,13,1,28,4,4,6,79,3
1942,2021,2,13,6,14,3,2,1,116,99,1,48,8,8,10,24,3
1943,2021,2,14,7,8,2,1,1,101,8,1,24,3,3,5,79,3
1944,2021,2,14,7,10,2,1,1,101,17,1,999,12,16,18,79,3
1945,2021,2,14,7,1,1,1,1,101,10,1,21,3,3,5,79,3
1946,2021,2,14,7,20,4,3,1,114,99,1,19,2,2,4,79,3
1947,2021,2,14,7,13,3,2,1,108,99,1,28,4,4,6,79,3
1948,2021,2,14,7,11,2,1,20,2009,99,1,57,10,10,12,79,3
1949,2021,2,14,7,16,3,2,20,2001,99,1,30,5,5,7,79,3
1950,2021,2,14,7,14,3,2,5,508,99,1,38,6,6,8,24,3
1951,2021,2,14,7,5,1,1,5,501,99,1,65,11,12,14,79,3
1952,2021,2,14,7,20,4,3,11,1105,99,1,37,6,6,8,79,3
1953,2021,2,14,7,16,3,2,18,1805,99,1,38,6,6,8,24,3
1954,2021,2,15,1,10,2,1,1,101,1,1,24,3,3,5,79,3
1955,2021,2,15,1,11,2,1,1,101,3,1,39,6,6,8,79,3
1956,2021,2,15,1,12,3,2,1,101,8,1,27,4,4,6,79,3
1957,2021,2,15,1,19,4,3,1,101,18,1,32,5,5,7,79,3
1958,2021,2,15,1,9,2,1,1,101,10,1,20,3,3,5,79,3
1959,2021,2,15,1,5,1,1,1,101,12,1,32,5,5,7,24,3
1960,2021,2,15,1,18,4,3,1,116,99,1,27,4,4,6,79,3
1961,2021,2,16,2,9,2,1,1,101,2,1,30,5,5,7,79,3
1962,2021,2,16,2,10,2,1,1,101,4,1,30,5,5,7,79,3
1963,2021,2,16,2,21,4,3,1,101,1,1,24,3,3,5,79,3
1964,2021,2,16,2,7,2,1,1,101,9,1,23,3,3,5,79,3
1965,2021,2,16,2,19,4,3,1,105,99,1,26,4,4,6,79,3
1966,2021,2,16,2,5,1,1,1,101,10,1,21,3,3,5,24,3
1967,2021,2,16,2,4,1,1,1,101,11,1,47,8,8,10,24,3
1968,2021,2,16,2,11,2,1,1,101,14,1,44,7,7,9,79,3
1969,2021,2,16,2,17,3,2,1,101,12,1,33,5,5,7,24,3
1970,2021,2,16,2,19,4,3,1,101,7,1,23,3,3,5,79,3
1971,2021,2,16,2,4,1,1,5,507,99,1,19,2,2,4,79,3
1972,2021,2,16,2,14,3,2,5,509,99,2,31,5,5,7,24,3
1973,2021,2,16,2,11,2,1,5,509,99,1,22,3,3,5,24,3
1974,2021,2,16,2,15,3,2,5,509,99,1,25,4,4,6,24,3
1975,2021,2,16,2,16,3,2,17,1701,99,1,28,4,4,6,79,3
1976,2021,2,16,2,16,3,2,14,1401,99,2,30,5,5,7,79,3
1977,2021,2,17,3,12,3,2,1,101,10,1,29,4,4,6,79,3
1978,2021,2,17,3,11,2,1,1,101,10,1,26,4,4,6,24,3
1979,2021,2,17,3,10,2,1,1,101,10,1,33,5,5,7,79,3
1980,2021,2,17,3,20,4,3,1,114,99,1,34,5,5,7,24,3
1981,2021,2,17,3,2,1,1,1,108,99,1,21,3,3,5,24,3
1982,2021,2,17,3,7,2,1,5,509,99,1,24,3,3,5,79,3
1983,2021,2,17,3,14,3,2,11,1102,99,1,36,6,6,8,79,3
1984,2021,2,17,3,12,3,2,13,1301,99,1,34,5,5,7,24,3
1985,2021,2,18,4,14,3,2,1,101,3,1,72,11,13,15,24,3
1986,2021,2,18,4,6,2,1,1,101,7,1,29,4,4,6,24,3
1987,2021,2,18,4,21,4,3,1,101,7,1,24,3,3,5,79,3
1988,2021,2,18,4,19,4,3,1,116,99,1,36,6,6,8,24,3
1989,2021,2,18,4,9,2,1,1,116,99,2,33,5,5,7,79,3
1990,2021,2,18,4,14,3,2,1,108,99,1,34,5,5,7,24,3
1991,2021,2,18,4,22,4,3,22,2201,99,2,54,9,9,11,79,3
1992,2021,2,18,4,4,1,1,5,501,99,1,25,4,4,6,24,3
1993,2021,2,18,4,18,4,3,5,509,99,1,26,4,4,6,79,3
1994,2021,2,18,4,14,3,2,5,501,99,1,26,4,4,6,24,3
1995,2021,2,18,4,6,2,1,10,1006,99,1,39,6,6,8,24,3
1996,2021,2,18,4,16,3,2,17,1703,99,2,79,11,14,16,79,3
1997,2021,2,19,5,7,2,1,1,101,8,1,30,5,5,7,79,3
1998,2021,2,19,5,8,2,1,1,101,6,1,48,8,8,10,79,3
1999,2021,2,19,5,19,4,3,1,101,6,1,38,6,6,8,79,3
2000,2021,2,19,5,14,3,2,1,101,10,1,20,3,3,5,79,3
2001,2021,2,19,5,17,3,2,1,101,12,1,28,4,4,6,79,3
2002,2021,2,19,5,21,4,3,1,101,7,1,33,5,5,7,79,3
2003,2021,2,19,5,21,4,3,1,101,7,1,67,11,12,14,79,3
2004,2021,2,19,5,8,2,1,22,2204,99,1,23,3,3,5,79,3
2005,2021,2,19,5,23,4,3,20,2011,99,1,42,7,7,9,79,3
2006,2021,2,19,5,21,4,3,20,2007,99,1,34,5,5,7,79,3
2007,2021,2,19,5,7,2,1,9,901,99,1,21,3,3,5,24,3
2008,2021,2,20,6,0,1,1,1,101,18,1,27,4,4,6,79,3
2009,2021,2,20,6,9,2,1,1,101,18,1,21,3,3,5,79,3
2010,2021,2,20,6,10,2,1,1,101,6,1,21,3,3,5,79,3
2011,2021,2,20,6,20,4,3,1,101,10,1,20,3,3,5,79,3
2012,2021,2,20,6,12,3,2,1,101,7,1,39,6,6,8,79,3
2013,2021,2,20,6,23,4,3,1,101,7,1,46,8,8,10,79,3
2014,2021,2,20,6,15,3,2,1,116,99,1,31,5,5,7,24,3
2015,2021,2,20,6,17,3,2,1,115,99,1,39,6,6,8,79,3
2016,2021,2,20,6,17,3,2,5,501,99,1,20,3,3,5,24,3
2017,2021,2,20,6,15,3,2,5,501,99,1,64,11,11,13,79,3
2018,2021,2,21,7,21,4,3,1,101,1,1,26,4,4,6,79,3
2019,2021,2,21,7,7,2,1,1,101,17,2,40,7,7,9,79,3
2020,2021,2,21,7,9,2,1,1,108,99,2,41,7,7,9,79,3
2021,2021,2,21,7,19,4,3,19,1903,99,1,31,5,5,7,24,3
2022,2021,2,21,7,18,4,3,5,501,99,1,29,4,4,6,24,3
2023,2021,2,21,7,19,4,3,5,501,99,2,25,4,4,6,24,3
2024,2021,2,22,1,2,1,1,1,101,18,1,23,3,3,5,79,3
2025,2021,2,22,1,14,3,2,1,101,7,1,63,11,11,13,79,3
2026,2021,2,22,1,7,2,1,1,101,7,1,22,3,3,5,79,3
2027,2021,2,22,1,8,2,1,1,101,19,2,28,4,4,6,79,3
2028,2021,2,22,1,6,2,1,1,108,99,2,32,5,5,7,79,3
2029,2021,2,22,1,15,3,2,5,507,99,1,58,10,10,12,24,3
2030,2021,2,22,1,21,4,3,5,501,99,1,20,3,3,5,24,3
2031,2021,2,23,2,5,1,1,1,101,1,1,19,2,2,4,24,3
2032,2021,2,23,2,7,2,1,1,101,9,1,31,5,5,7,79,3
2033,2021,2,23,2,4,1,1,1,101,18,1,23,3,3,5,79,3
2034,2021,2,23,2,23,4,3,1,101,5,1,30,5,5,7,79,3
2035,2021,2,23,2,6,2,1,1,101,7,1,36,6,6,8,79,3
2036,2021,2,23,2,13,3,2,1,117,99,1,44,7,7,9,79,3
2037,2021,2,23,2,15,3,2,1,116,99,1,24,3,3,5,24,3
2038,2021,2,23,2,15,3,2,1,116,99,2,31,5,5,7,24,3
2039,2021,2,23,2,12,3,2,1,108,99,1,21,3,3,5,24,3
2040,2021,2,23,2,21,4,3,10,1001,99,1,16,2,2,4,79,3
2041,2021,2,23,2,6,2,1,18,1804,99,2,30,5,5,7,79,3
2042,2021,2,24,3,11,2,1,1,101,9,1,29,4,4,6,79,3
2043,2021,2,24,3,11,2,1,1,101,9,1,27,4,4,6,79,3
2044,2021,2,24,3,16,3,2,1,107,99,1,25,4,4,6,79,3
2045,2021,2,24,3,10,2,1,1,101,6,1,25,4,4,6,79,3
2046,2021,2,24,3,13,3,2,1,101,6,1,36,6,6,8,79,3
2047,2021,2,24,3,12,3,2,1,101,10,1,23,3,3,5,79,3
2048,2021,2,24,3,12,3,2,1,101,7,1,40,7,7,9,79,3
2049,2021,2,24,3,19,4,3,1,101,7,1,32,5,5,7,79,3
2050,2021,2,24,3,3,1,1,1,114,99,1,47,8,8,10,79,3
2051,2021,2,24,3,11,2,1,1,116,99,1,23,3,3,5,79,3
2052,2021,2,24,3,7,2,1,1,115,99,2,36,6,6,8,79,3
2053,2021,2,24,3,16,3,2,1,108,99,1,28,4,4,6,24,3
2054,2021,2,24,3,12,3,2,20,2007,99,1,999,12,16,18,79,3
2055,2021,2,24,3,16,3,2,5,501,99,1,31,5,5,7,79,3
2056,2021,2,24,3,10,2,1,18,1804,99,1,35,6,6,8,79,3
2057,2021,2,24,3,6,2,1,18,1805,99,1,29,4,4,6,79,3
2058,2021,2,25,4,19,4,3,1,101,7,1,29,4,4,6,79,3
2059,2021,2,25,4,13,3,2,1,101,12,1,31,5,5,7,24,3
2060,2021,2,25,4,16,3,2,5,501,99,1,36,6,6,8,24,3
2061,2021,2,25,4,20,4,3,5,501,99,1,24,3,3,5,24,3
2062,2021,2,26,5,6,2,1,1,101,1,1,43,7,7,9,79,3
2063,2021,2,26,5,11,2,1,1,101,4,2,28,4,4,6,24,3
2064,2021,2,26,5,5,1,1,1,101,6,1,33,5,5,7,79,3
2065,2021,2,26,5,9,2,1,1,101,6,1,26,4,4,6,79,3
2066,2021,2,26,5,19,4,3,1,102,99,1,21,3,3,5,24,3
2067,2021,2,26,5,5,1,1,1,101,10,2,37,6,6,8,24,3
2068,2021,2,26,5,3,1,1,1,102,99,1,35,6,6,8,79,3
2069,2021,2,26,5,20,4,3,1,101,7,1,32,5,5,7,79,3
2070,2021,2,26,5,5,1,1,1,101,12,1,25,4,4,6,24,3
2071,2021,2,26,5,20,4,3,1,115,99,1,21,3,3,5,79,3
2072,2021,2,26,5,21,4,3,18,1801,99,1,71,11,13,15,79,3
2073,2021,2,26,5,13,3,2,4,409,99,1,40,7,7,9,79,3
2074,2021,2,27,6,19,4,3,1,101,1,1,24,3,3,5,24,3
2075,2021,2,27,6,23,4,3,1,101,7,1,28,4,4,6,79,3
2076,2021,2,27,6,19,4,3,1,116,99,2,31,5,5,7,24,3
2077,2021,2,27,6,13,3,2,5,501,99,1,49,8,8,10,79,3
2078,2021,2,27,6,21,4,3,4,413,99,1,23,3,3,5,79,3
2079,2021,2,27,6,21,4,3,3,301,99,1,26,4,4,6,79,3
2080,2021,2,28,7,20,4,3,1,101,18,1,21,3,3,5,24,3
2081,2021,2,28,7,20,4,3,1,115,99,2,30,5,5,7,79,3
2082,2021,2,28,7,12,3,2,6,613,99,2,19,2,2,4,79,3
2083,2021,2,28,7,11,2,1,17,1701,99,1,22,3,3,5,79,3
2084,2021,1,1,5,23,4,3,1,114,99,2,9,1,1,2,68,7
2085,2021,1,1,5,16,3,2,16,1615,99,1,12,1,1,3,68,7
2086,2021,1,3,7,12,3,2,19,1903,99,2,9,1,1,2,68,7
2087,2021,1,3,7,19,4,3,5,501,99,2,24,3,3,5,68,7
2088,2021,1,4,1,2,1,1,16,1609,99,2,13,1,1,3,68,7
2089,2021,1,4,1,12,3,2,14,1416,99,2,9,1,1,2,68,7
2090,2021,1,5,2,14,3,2,20,2001,99,2,15,2,2,4,68,7
2091,2021,1,5,2,15,3,2,14,1406,99,2,13,1,1,3,68,7
2092,2021,1,6,3,15,3,2,21,2101,99,2,7,1,1,2,68,7
2093,2021,1,8,5,22,4,3,1,115,99,2,999,12,16,18,68,7
2094,2021,1,8,5,23,4,3,5,502,99,2,7,1,1,2,68,7
2095,2021,1,9,6,11,2,1,1,115,99,1,32,5,5,7,68,7
2096,2021,1,11,1,0,1,1,16,1609,99,2,13,1,1,3,68,7
2097,2021,1,12,2,1,1,1,1,108,99,2,16,2,2,4,68,7
2098,2021,1,14,4,14,3,2,5,502,99,1,14,1,1,3,68,7
2099,2021,1,14,4,23,4,3,5,501,99,2,11,1,1,3,68,7
2100,2021,1,16,6,20,4,3,13,1325,99,2,43,7,7,9,68,7
2101,2021,1,17,7,8,2,1,5,505,99,2,18,2,2,4,68,7
2102,2021,1,17,7,13,3,2,9,917,99,2,13,1,1,3,68,7
2103,2021,1,18,1,0,1,1,6,601,99,2,17,2,2,4,68,7
2104,2021,1,18,1,1,1,1,17,1703,99,2,13,1,1,3,68,7
2105,2021,1,18,1,1,1,1,17,1709,99,2,23,3,3,5,68,7
2106,2021,1,18,1,1,1,1,17,1709,99,2,46,8,8,10,68,7
2107,2021,1,18,1,1,1,1,17,1709,99,2,35,6,6,8,68,7
2108,2021,1,19,2,15,3,2,10,1021,99,1,7,1,1,2,68,7
2109,2021,1,19,2,12,3,2,13,1317,99,2,6,1,1,2,68,7
2110,2021,1,20,3,9,2,1,13,1301,99,2,999,12,16,18,68,7
2111,2021,1,20,3,17,3,2,16,1604,99,1,13,1,1,3,68,7
2112,2021,1,22,5,13,3,2,14,1420,99,2,13,1,1,3,68,7
2113,2021,1,23,6,3,1,1,1,117,99,1,10,1,1,3,68,7
2114,2021,1,23,6,22,4,3,5,502,99,1,2,1,1,1,68,7
2115,2021,1,23,6,18,4,3,14,1413,99,2,14,1,1,3,68,7
2116,2021,1,24,7,0,1,1,14,1410,99,2,14,1,1,3,68,7
2117,2021,1,24,7,22,4,3,9,920,99,2,33,5,5,7,68,7
2118,2021,1,26,2,17,3,2,16,1609,99,2,12,1,1,3,68,7
2119,2021,1,26,2,12,3,2,2,203,99,2,37,6,6,8,68,7
2120,2021,1,27,3,23,4,3,5,510,99,2,11,1,1,3,68,7
2121,2021,1,27,3,23,4,3,16,1602,99,1,8,1,1,2,68,7
2122,2021,1,30,6,10,2,1,6,608,99,2,13,1,1,3,68,7
2123,2021,1,30,6,10,2,1,6,608,99,2,32,5,5,7,68,7
2124,2021,1,31,7,23,4,3,1,114,99,2,13,1,1,3,68,7
2125,2021,2,1,1,19,4,3,1,113,99,2,20,3,3,5,68,7
2126,2021,2,2,2,11,2,1,1,103,99,1,11,1,1,3,68,7
2127,2021,2,3,3,17,3,2,9,921,99,2,5,1,1,2,68,7
2128,2021,2,5,4,11,2,1,13,1309,99,2,20,3,3,5,68,7
2129,2021,2,5,4,10,2,1,13,1301,99,2,14,1,1,3,68,7
2130,2021,2,5,4,23,4,3,16,1604,99,2,12,1,1,3,68,7
2131,2021,2,9,2,13,3,2,12,1201,99,2,22,3,3,5,68,7
2132,2021,2,12,5,21,4,3,12,1230,99,2,3,1,1,1,68,7
2133,2021,2,12,5,0,1,1,16,1609,99,2,19,2,2,4,68,7
2134,2021,2,12,5,8,2,1,16,1601,99,2,27,4,4,6,68,7
2135,2021,2,13,6,15,3,2,1,106,99,2,11,1,1,3,68,7
2136,2021,2,13,6,18,4,3,5,501,99,2,10,1,1,3,68,7
2137,2021,2,13,6,10,2,1,9,920,99,2,13,1,1,3,68,7
2138,2021,2,14,7,16,3,2,16,1615,99,2,14,1,1,3,68,7
2139,2021,2,14,7,21,4,3,16,1601,99,2,15,2,2,4,68,7
2140,2021,2,14,7,11,2,1,18,1803,99,2,13,1,1,3,68,7
2141,2021,2,15,1,3,1,1,1,108,99,2,18,2,2,4,68,7
2142,2021,2,15,1,10,2,1,6,614,99,2,13,1,1,3,68,7
2143,2021,2,15,1,10,2,1,18,1804,99,2,9,1,1,2,68,7
2144,2021,2,16,2,10,2,1,15,1501,99,2,16,2,2,4,68,7
2145,2021,2,17,3,15,3,2,12,1226,99,2,11,1,1,3,68,7
2146,2021,2,17,3,19,4,3,13,1301,99,2,19,2,2,4,68,7
2147,2021,2,20,6,7,2,1,22,2201,99,2,16,2,2,4,68,7
2148,2021,2,20,6,3,1,1,5,509,99,2,28,4,4,6,68,7
2149,2021,2,20,6,16,3,2,5,502,99,2,23,3,3,5,68,7
2150,2021,2,20,6,20,4,3,10,1011,99,2,18,2,2,4,68,7
2151,2021,2,20,6,1,1,1,17,1709,99,2,18,2,2,4,68,7
2152,2021,2,21,7,5,1,1,3,301,99,2,25,4,4,6,68,7
2153,2021,2,21,7,0,1,1,9,919,99,2,15,2,2,4,68,7
2154,2021,2,22,1,22,4,3,12,1201,99,2,23,3,3,5,68,7
2155,2021,2,23,2,13,3,2,22,2201,99,2,40,7,7,9,68,7
2156,2021,2,23,2,1,1,1,12,1230,99,2,18,2,2,4,68,7
2157,2021,2,24,3,18,4,3,1,101,7,2,20,3,3,5,68,7
2158,2021,2,24,3,18,4,3,9,910,99,2,14,1,1,3,68,7
2159,2021,2,24,3,18,4,3,9,908,99,2,999,12,16,18,68,7
2160,2021,2,24,3,19,4,3,12,1217,99,2,13,1,1,3,68,7
2161,2021,2,25,4,14,3,2,6,606,99,2,30,5,5,7,68,7
2162,2021,2,26,5,17,3,2,21,2101,99,1,12,1,1,3,68,7
2163,2021,2,26,5,14,3,2,14,1410,99,2,13,1,1,3,68,7
2164,2021,2,28,7,14,3,2,5,502,99,2,35,6,6,8,68,7
2165,2021,1,2,6,15,3,2,1,108,99,1,34,5,5,7,22,3
2166,2021,1,2,6,2,1,1,1,101,7,1,42,7,7,9,83,3
2167,2021,1,3,7,99,5,4,1,106,99,1,31,5,5,7,83,3
2168,2021,1,3,7,18,4,3,1,101,15,1,35,6,6,8,22,3
2169,2021,1,3,7,2,1,1,1,114,99,1,48,8,8,10,22,3
2170,2021,1,3,7,2,1,1,1,101,7,1,52,9,9,11,83,3
2171,2021,1,3,7,12,3,2,1,108,99,2,41,7,7,9,83,3
2172,2021,1,4,1,12,3,2,1,101,25,2,31,5,5,7,22,3
2173,2021,1,4,1,14,3,2,1,101,11,1,33,5,5,7,83,3
2174,2021,1,4,1,19,4,3,1,101,7,2,37,6,6,8,83,3
2175,2021,1,4,1,20,4,3,1,117,99,1,32,5,5,7,83,3
2176,2021,1,4,1,22,4,3,1,115,99,1,22,3,3,5,83,3
2177,2021,1,5,2,6,2,1,1,101,8,1,27,4,4,6,83,3
2178,2021,1,5,2,19,4,3,1,114,99,1,24,3,3,5,83,3
2179,2021,1,5,2,22,4,3,1,101,7,1,23,3,3,5,83,3
2180,2021,1,5,2,22,4,3,1,101,7,1,29,4,4,6,22,3
2181,2021,1,5,2,9,2,1,1,101,11,2,31,5,5,7,83,3
2182,2021,1,5,2,22,4,3,2,208,99,1,43,7,7,9,83,3
2183,2021,1,5,2,4,1,1,1,117,99,1,27,4,4,6,83,3
2184,2021,1,6,3,3,1,1,1,101,9,1,64,11,11,13,83,3
2185,2021,1,6,3,20,4,3,1,114,99,1,52,9,9,11,22,3
2186,2021,1,6,3,10,2,1,1,101,12,2,21,3,3,5,83,3
2187,2021,1,7,4,22,4,3,1,108,99,1,27,4,4,6,22,3
2188,2021,1,7,4,10,2,1,1,108,99,1,28,4,4,6,83,3
2189,2021,1,7,4,23,4,3,1,108,99,1,22,3,3,5,22,3
2190,2021,1,7,4,5,1,1,1,101,4,1,38,6,6,8,83,3
2191,2021,1,7,4,7,2,1,1,101,9,1,42,7,7,9,83,3
2192,2021,1,7,4,10,2,1,1,101,18,1,39,6,6,8,83,3
2193,2021,1,7,4,18,4,3,5,501,99,1,42,7,7,9,83,3
2194,2021,1,8,5,18,4,3,1,101,25,1,26,4,4,6,22,3
2195,2021,1,8,5,11,2,1,1,101,11,2,33,5,5,7,83,3
2196,2021,1,8,5,22,4,3,1,101,18,1,35,6,6,8,22,3
2197,2021,1,9,6,13,3,2,1,101,1,1,35,6,6,8,83,3
2198,2021,1,9,6,20,4,3,1,101,7,2,35,6,6,8,22,3
2199,2021,1,9,6,13,3,2,1,101,7,1,41,7,7,9,83,3
2200,2021,1,9,6,23,4,3,1,101,21,1,48,8,8,10,22,3
2201,2021,1,9,6,12,3,2,1,117,99,2,30,5,5,7,83,3
2202,2021,1,9,6,10,2,1,17,1706,99,2,39,6,6,8,83,3
2203,2021,1,9,6,13,3,2,9,903,99,1,32,5,5,7,83,3
2204,2021,1,10,7,1,1,1,1,117,99,2,27,4,4,6,83,3
2205,2021,1,10,7,0,1,1,1,108,99,2,29,4,4,6,83,3
2206,2021,1,10,7,21,4,3,1,101,7,1,23,3,3,5,83,3
2207,2021,1,10,7,22,4,3,1,101,11,1,25,4,4,6,83,3
2208,2021,1,11,1,11,2,1,1,101,2,1,44,7,7,9,83,3
2209,2021,1,11,1,15,3,2,1,108,99,1,18,2,2,4,22,3
2210,2021,1,11,1,22,4,3,1,108,99,1,44,7,7,9,83,3
2211,2021,1,12,2,10,2,1,1,101,12,1,42,7,7,9,83,3
2212,2021,1,12,2,3,1,1,1,108,99,1,47,8,8,10,22,3
2213,2021,1,12,2,5,1,1,1,108,99,1,50,9,9,11,22,3
2214,2021,1,12,2,20,4,3,17,1701,99,1,30,5,5,7,22,3
2215,2021,1,12,2,8,2,1,3,308,99,2,46,8,8,10,83,3
2216,2021,1,12,2,22,4,3,1,101,11,1,60,11,11,13,83,3
2217,2021,1,12,2,12,3,2,5,502,99,1,46,8,8,10,83,3
2218,2021,1,12,2,22,4,3,1,115,99,1,46,8,8,10,83,3
2219,2021,1,13,3,17,3,2,1,101,9,1,26,4,4,6,83,3
2220,2021,1,13,3,16,3,2,1,114,99,1,22,3,3,5,22,3
2221,2021,1,13,3,19,4,3,1,116,99,1,69,11,12,14,83,3
2222,2021,1,13,3,17,3,2,1,116,99,1,39,6,6,8,22,3
2223,2021,1,13,3,8,2,1,1,108,99,1,32,5,5,7,83,3
2224,2021,1,13,3,22,4,3,1,108,99,1,29,4,4,6,22,3
2225,2021,1,14,4,8,2,1,1,101,18,1,28,4,4,6,83,3
2226,2021,1,14,4,3,1,1,1,101,11,1,56,10,10,12,22,3
2227,2021,1,14,4,22,4,3,1,108,99,1,42,7,7,9,22,3
2228,2021,1,14,4,15,3,2,1,108,99,2,24,3,3,5,22,3
2229,2021,1,14,4,13,3,2,3,301,99,1,27,4,4,6,83,3
2230,2021,1,15,5,4,1,1,1,101,9,2,35,6,6,8,83,3
2231,2021,1,15,5,9,2,1,1,101,18,1,42,7,7,9,83,3
2232,2021,1,15,5,18,4,3,1,101,7,1,38,6,6,8,83,3
2233,2021,1,15,5,13,3,2,1,115,99,1,24,3,3,5,83,3
2234,2021,1,15,5,18,4,3,1,108,99,1,31,5,5,7,83,3
2235,2021,1,15,5,22,4,3,1,108,99,1,35,6,6,8,22,3
2236,2021,1,15,5,12,3,2,13,1301,99,1,30,5,5,7,83,3
2237,2021,1,15,5,13,3,2,3,301,99,1,26,4,4,6,83,3
2238,2021,1,16,6,3,1,1,1,101,18,1,43,7,7,9,83,3
2239,2021,1,16,6,0,1,1,1,101,17,1,42,7,7,9,83,3
2240,2021,1,16,6,8,2,1,1,101,7,1,49,8,8,10,83,3
2241,2021,1,16,6,13,3,2,4,416,99,1,68,11,12,14,22,3
2242,2021,1,16,6,23,4,3,2,207,99,1,26,4,4,6,83,3
2243,2021,1,16,6,16,3,2,1,101,1,1,47,8,8,10,83,3
2244,2021,1,17,7,20,4,3,1,101,17,1,61,11,11,13,83,3
2245,2021,1,17,7,9,2,1,1,101,12,1,34,5,5,7,83,3
2246,2021,1,17,7,11,2,1,1,101,19,1,72,11,13,15,83,3
2247,2021,1,17,7,22,4,3,1,108,99,1,33,5,5,7,22,3
2248,2021,1,18,1,18,4,3,1,101,11,1,55,10,10,12,22,3
2249,2021,1,18,1,12,3,2,1,116,99,1,40,7,7,9,83,3
2250,2021,1,18,1,8,2,1,5,505,99,1,31,5,5,7,22,3
2251,2021,1,18,1,21,4,3,1,108,99,1,28,4,4,6,22,3
2252,2021,1,18,1,11,2,1,1,101,11,2,37,6,6,8,83,3
2253,2021,1,18,1,6,2,1,1,115,99,1,36,6,6,8,83,3
2254,2021,1,19,2,3,1,1,1,101,7,1,55,10,10,12,22,3
2255,2021,1,19,2,3,1,1,1,101,21,1,40,7,7,9,22,3
2256,2021,1,19,2,21,4,3,1,115,99,1,40,7,7,9,22,3
2257,2021,1,19,2,22,4,3,1,108,99,1,62,11,11,13,83,3
2258,2021,1,19,2,14,3,2,13,1301,99,1,35,6,6,8,83,3
2259,2021,1,20,3,18,4,3,1,106,99,1,27,4,4,6,22,3
2260,2021,1,20,3,17,3,2,1,101,14,1,20,3,3,5,83,3
2261,2021,1,20,3,19,4,3,1,115,99,1,38,6,6,8,83,3
2262,2021,1,20,3,5,1,1,1,108,99,1,37,6,6,8,22,3
2263,2021,1,20,3,22,4,3,2,207,99,1,40,7,7,9,83,3
2264,2021,1,21,4,13,3,2,1,101,15,2,41,7,7,9,22,3
2265,2021,1,21,4,21,4,3,1,101,14,1,53,9,9,11,22,3
2266,2021,1,21,4,15,3,2,1,101,21,1,22,3,3,5,83,3
2267,2021,1,21,4,8,2,1,1,101,11,1,25,4,4,6,83,3
2268,2021,1,21,4,13,3,2,10,1001,99,1,53,9,9,11,83,3
2269,2021,1,21,4,21,4,3,1,108,99,1,34,5,5,7,22,3
2270,2021,1,21,4,17,3,2,1,101,7,1,44,7,7,9,83,3
2271,2021,1,22,5,11,2,1,1,101,1,1,999,12,16,18,83,3
2272,2021,1,22,5,20,4,3,1,115,99,2,26,4,4,6,22,3
2273,2021,1,22,5,9,2,1,1,108,99,1,38,6,6,8,22,3
2274,2021,1,22,5,18,4,3,1,108,99,1,27,4,4,6,22,3
2275,2021,1,23,2,21,4,3,1,101,6,1,35,6,6,8,83,3
2276,2021,1,23,6,22,4,3,1,101,11,2,31,5,5,7,83,3
2277,2021,1,23,6,22,4,3,1,101,12,1,33,5,5,7,83,3
2278,2021,1,23,6,19,4,3,1,108,99,1,19,2,2,4,22,3
2279,2021,1,24,7,7,2,1,18,1804,99,1,55,10,10,12,22,3
2280,2021,1,25,1,2,1,1,1,115,99,1,37,6,6,8,22,3
2281,2021,1,25,1,20,4,3,1,108,99,1,38,6,6,8,83,3
2282,2021,1,25,1,15,3,2,1,108,99,1,25,4,4,6,83,3
2283,2021,1,26,2,12,3,2,1,101,8,1,43,7,7,9,83,3
2284,2021,1,26,2,23,4,3,1,101,18,1,48,8,8,10,22,3
2285,2021,1,26,2,5,1,1,1,101,12,1,43,7,7,9,22,3
2286,2021,1,26,2,14,3,2,1,101,7,2,40,7,7,9,83,3
2287,2021,1,26,2,16,3,2,1,117,99,2,49,8,8,10,83,3
2288,2021,1,26,2,13,3,2,1,108,99,2,25,4,4,6,22,3
2289,2021,1,26,2,10,2,1,12,1215,99,1,28,4,4,6,83,3
2290,2021,1,26,2,10,2,1,4,401,99,1,24,3,3,5,22,3
2291,2021,1,26,2,12,3,2,1,115,99,1,36,6,6,8,83,3
2292,2021,1,27,3,16,3,2,1,101,5,1,45,8,8,10,22,3
2293,2021,1,27,3,9,2,1,1,101,15,2,46,8,8,10,22,3
2294,2021,1,27,3,99,5,4,1,101,21,2,50,9,9,11,83,3
2295,2021,1,27,3,23,4,3,1,101,7,1,42,7,7,9,83,3
2296,2021,1,27,3,15,3,2,5,509,99,1,39,6,6,8,22,3
2297,2021,1,27,3,4,1,1,2,207,99,1,999,12,16,18,83,3
2298,2021,1,27,3,6,2,1,2,207,99,1,999,12,16,18,83,3
2299,2021,1,28,4,6,2,1,1,101,1,1,35,6,6,8,83,3
2300,2021,1,28,4,7,2,1,1,101,13,1,24,3,3,5,83,3
2301,2021,1,28,4,5,1,1,1,108,99,1,44,7,7,9,22,3
2302,2021,1,28,4,14,3,2,3,301,99,1,29,4,4,6,83,3
2303,2021,1,29,5,7,2,1,1,101,18,2,18,2,2,4,83,3
2304,2021,1,29,5,19,4,3,1,101,11,2,50,9,9,11,83,3
2305,2021,1,29,5,7,2,1,1,115,99,1,48,8,8,10,83,3
2306,2021,1,29,5,19,4,3,1,108,99,1,36,6,6,8,22,3
2307,2021,1,29,5,20,4,3,6,602,99,1,42,7,7,9,22,3
2308,2021,1,30,6,12,3,2,5,501,99,1,35,6,6,8,83,3
2309,2021,1,31,7,11,2,1,1,110,99,1,23,3,3,5,22,3
2310,2021,2,1,1,16,3,2,1,101,4,2,28,4,4,6,83,3
2311,2021,2,1,1,18,4,3,1,117,99,2,40,7,7,9,83,3
2312,2021,2,1,1,6,2,1,1,108,99,1,65,11,12,14,22,3
2313,2021,2,1,1,14,3,2,12,1215,99,1,33,5,5,7,83,3
2314,2021,2,1,1,5,1,1,8,801,99,1,35,6,6,8,22,3
2315,2021,2,1,1,22,4,3,18,1805,99,1,35,6,6,8,22,3
2316,2021,2,1,1,21,4,3,4,414,99,1,18,2,2,4,83,3
2317,2021,2,1,1,12,3,2,1,101,1,2,999,12,16,18,83,3
2318,2021,2,1,1,21,4,3,1,101,1,1,999,12,16,18,83,3
2319,2021,2,1,1,7,2,1,1,101,8,1,47,8,8,10,83,3
2320,2021,2,2,2,99,5,4,2,201,99,1,44,7,7,9,83,3
2321,2021,2,3,3,4,1,1,1,101,9,1,40,7,7,9,83,3
2322,2021,2,3,3,10,2,1,1,115,99,1,19,2,2,4,83,3
2323,2021,2,3,3,4,1,1,1,101,11,1,32,5,5,7,22,3
2324,2021,2,3,3,12,3,2,1,108,99,1,57,10,10,12,22,3
2325,2021,2,3,3,10,2,1,22,2201,99,1,31,5,5,7,83,3
2326,2021,2,3,3,18,4,3,1,101,12,2,45,8,8,10,83,3
2327,2021,2,3,3,17,3,2,19,1903,99,1,31,5,5,7,83,3
2328,2021,2,4,4,9,2,1,1,101,18,1,43,7,7,9,83,3
2329,2021,2,4,4,6,2,1,1,105,99,1,37,6,6,8,83,3
2330,2021,2,4,4,7,2,1,1,101,7,1,43,7,7,9,83,3
2331,2021,2,4,4,17,3,2,1,108,99,1,36,6,6,8,83,3
2332,2021,2,4,4,17,3,2,1,108,99,1,36,6,6,8,83,3
2333,2021,2,4,4,22,4,3,1,101,13,2,42,7,7,9,83,3
2334,2021,2,4,4,15,3,2,1,115,99,1,48,8,8,10,83,3
2335,2021,2,4,4,14,3,2,1,101,9,1,39,6,6,8,83,3
2336,2021,2,4,4,13,3,2,1,101,11,1,51,9,9,11,83,3
2337,2021,2,5,5,8,2,1,1,101,3,1,47,8,8,10,22,3
2338,2021,2,5,5,11,2,1,1,101,9,1,68,11,12,14,83,3
2339,2021,2,5,5,12,3,2,1,101,3,1,31,5,5,7,83,3
2340,2021,2,6,6,4,1,1,1,101,9,1,48,8,8,10,83,3
2341,2021,2,6,6,6,2,1,1,101,7,1,22,3,3,5,22,3
2342,2021,2,6,6,7,2,1,1,101,7,2,50,9,9,11,83,3
2343,2021,2,6,6,8,2,1,9,924,99,2,36,6,6,8,83,3
2344,2021,2,6,6,22,4,3,6,608,99,1,73,11,13,15,22,3
2345,2021,2,7,7,18,4,3,9,901,99,2,26,4,4,6,83,3
2346,2021,2,7,7,10,2,1,1,101,12,1,23,3,3,5,83,3
2347,2021,2,7,7,21,4,3,1,101,18,2,37,6,6,8,83,3
2348,2021,2,7,7,20,4,3,1,101,25,1,30,5,5,7,83,3
2349,2021,2,8,1,5,1,1,1,101,6,2,30,5,5,7,22,3
2350,2021,2,8,1,22,4,3,1,101,18,1,45,8,8,10,83,3
2351,2021,2,8,1,9,2,1,1,101,5,1,44,7,7,9,22,3
2352,2021,2,8,1,5,1,1,1,108,99,2,58,10,10,12,83,3
2353,2021,2,8,1,18,4,3,1,117,99,2,40,7,7,9,83,3
2354,2021,2,8,1,17,3,2,1,115,99,1,53,9,9,11,83,3
2355,2021,2,9,2,3,1,1,1,105,99,1,35,6,6,8,83,3
2356,2021,2,9,2,21,4,3,1,101,11,1,34,5,5,7,83,3
2357,2021,2,9,2,21,4,3,5,502,99,1,26,4,4,6,83,3
2358,2021,2,9,2,21,4,3,1,115,99,1,30,5,5,7,22,3
2359,2021,2,9,2,23,4,3,13,1302,99,1,23,3,3,5,22,3
2360,2021,2,10,3,4,1,1,1,101,9,1,34,5,5,7,83,3
2361,2021,2,10,3,10,2,1,1,101,9,1,61,11,11,13,83,3
2362,2021,2,10,3,1,1,1,1,101,12,1,27,4,4,6,83,3
2363,2021,2,10,3,8,2,1,1,101,12,1,30,5,5,7,22,3
2364,2021,2,10,3,17,3,2,1,116,99,1,23,3,3,5,83,3
2365,2021,2,10,3,9,2,1,1,101,7,1,46,8,8,10,83,3
2366,2021,2,10,3,6,2,1,6,613,99,1,38,6,6,8,83,3
2367,2021,2,10,3,6,2,1,12,1202,99,1,43,7,7,9,83,3
2368,2021,2,11,4,16,3,2,1,105,99,1,35,6,6,8,22,3
2369,2021,2,11,4,1,1,1,1,115,99,1,27,4,4,6,83,3
2370,2021,2,11,4,8,2,1,1,108,99,1,25,4,4,6,83,3
2371,2021,2,11,4,16,3,2,1,108,99,2,42,7,7,9,22,3
2372,2021,2,11,4,23,4,3,1,108,99,1,37,6,6,8,83,3
2373,2021,2,11,4,13,3,2,1,108,99,2,33,5,5,7,22,3
2374,2021,2,11,4,22,4,3,12,1213,99,1,45,8,8,10,83,3
2375,2021,2,12,5,10,2,1,1,101,9,1,50,9,9,11,83,3
2376,2021,2,12,5,9,2,1,1,101,6,2,46,8,8,10,83,3
2377,2021,2,12,5,5,1,1,1,101,10,1,30,5,5,7,22,3
2378,2021,2,12,5,20,4,3,1,101,15,1,54,9,9,11,83,3
2379,2021,2,12,5,19,4,3,1,101,12,1,35,6,6,8,22,3
2380,2021,2,12,5,6,2,1,1,101,12,1,41,7,7,9,83,3
2381,2021,2,12,5,12,3,2,1,101,11,1,39,6,6,8,83,3
2382,2021,2,12,5,5,1,1,1,115,99,1,47,8,8,10,83,3
2383,2021,2,12,5,18,4,3,1,108,99,1,25,4,4,6,83,3
2384,2021,2,12,5,10,2,1,5,501,99,1,35,6,6,8,22,3
2385,2021,2,13,6,14,3,2,1,101,1,2,28,4,4,6,83,3
2386,2021,2,13,6,5,1,1,1,101,18,2,35,6,6,8,83,3
2387,2021,2,14,7,23,4,3,1,101,6,2,44,7,7,9,83,3
2388,2021,2,14,7,17,3,2,1,101,13,1,42,7,7,9,83,3
2389,2021,2,14,7,10,2,1,1,101,5,1,30,5,5,7,22,3
2390,2021,2,14,7,18,4,3,1,108,99,1,29,4,4,6,22,3
2391,2021,2,14,7,22,4,3,5,501,99,1,36,6,6,8,22,3
2392,2021,2,14,7,12,3,2,1,101,11,2,24,3,3,5,83,3
2393,2021,2,15,1,16,3,2,1,101,6,1,25,4,4,6,83,3
2394,2021,2,15,1,7,2,1,1,101,5,1,61,11,11,13,83,3
2395,2021,2,15,1,20,4,3,1,101,7,1,27,4,4,6,22,3
2396,2021,2,15,1,9,2,1,1,101,19,1,27,4,4,6,83,3
2397,2021,2,15,1,18,4,3,1,101,11,2,31,5,5,7,83,3
2398,2021,2,15,1,18,4,3,2,208,99,1,35,6,6,8,83,3
2399,2021,2,16,2,23,4,3,1,101,11,1,41,7,7,9,83,3
2400,2021,2,16,2,12,3,2,5,501,99,1,46,8,8,10,83,3
2401,2021,2,16,2,11,2,1,3,303,99,1,40,7,7,9,22,3
2402,2021,2,17,3,11,2,1,1,101,1,1,58,10,10,12,83,3
2403,2021,2,17,3,7,2,1,1,101,9,2,26,4,4,6,83,3
2404,2021,2,17,3,5,1,1,1,101,17,1,52,9,9,11,83,3
2405,2021,2,17,3,11,2,1,1,114,99,1,37,6,6,8,22,3
2406,2021,2,17,3,1,1,1,5,501,99,1,50,9,9,11,22,3
2407,2021,2,17,3,19,4,3,18,1805,99,1,35,6,6,8,22,3
2408,2021,2,17,3,20,4,3,1,108,99,1,37,6,6,8,83,3
2409,2021,2,18,4,11,2,1,1,101,6,2,72,11,13,15,83,3
2410,2021,2,18,4,9,2,1,1,101,5,1,61,11,11,13,83,3
2411,2021,2,18,4,8,2,1,1,101,14,1,53,9,9,11,83,3
2412,2021,2,18,4,15,3,2,12,1202,99,1,31,5,5,7,83,3
2413,2021,2,18,4,23,4,3,1,101,17,1,39,6,6,8,83,3
2414,2021,2,18,4,22,4,3,1,101,12,1,28,4,4,6,83,3
2415,2021,2,19,5,18,4,3,1,102,99,1,23,3,3,5,22,3
2416,2021,2,19,5,7,2,1,1,101,21,1,21,3,3,5,83,3
2417,2021,2,19,5,19,4,3,1,114,99,2,39,6,6,8,83,3
2418,2021,2,19,5,21,4,3,1,115,99,1,33,5,5,7,22,3
2419,2021,2,19,5,5,1,1,1,101,11,1,30,5,5,7,22,3
2420,2021,2,19,5,10,2,1,18,1805,99,1,35,6,6,8,22,3
2421,2021,2,20,6,2,1,1,1,101,8,1,34,5,5,7,83,3
2422,2021,2,20,6,0,1,1,1,115,99,2,31,5,5,7,22,3
2423,2021,2,20,6,21,4,3,1,108,99,1,47,8,8,10,22,3
2424,2021,2,20,6,10,2,1,1,115,99,1,23,3,3,5,83,3
2425,2021,2,21,6,20,4,3,18,1801,99,1,52,9,9,11,22,3
2426,2021,2,22,1,22,4,3,1,101,1,1,44,7,7,9,83,3
2427,2021,2,22,1,8,2,1,1,101,18,1,32,5,5,7,83,3
2428,2021,2,22,1,99,5,4,1,115,99,1,38,6,6,8,83,3
2429,2021,2,22,1,15,3,2,5,511,99,1,35,6,6,8,22,3
2430,2021,2,22,1,9,2,1,5,501,99,1,52,9,9,11,83,3
2431,2021,2,22,1,12,3,2,2,203,99,1,49,8,8,10,22,3
2432,2021,2,22,1,21,4,3,2,207,99,1,47,8,8,10,22,3
2433,2021,2,23,2,6,2,1,1,101,13,1,50,9,9,11,83,3
2434,2021,2,23,2,20,4,3,1,108,99,1,22,3,3,5,83,3
2435,2021,2,23,2,12,3,2,9,903,99,1,53,9,9,11,83,3
2436,2021,2,23,2,11,2,1,9,924,99,1,35,6,6,8,83,3
2437,2021,2,23,2,11,2,1,1,101,13,1,48,8,8,10,83,3
2438,2021,2,23,2,2,1,1,1,101,13,1,45,8,8,10,83,3
2439,2021,2,24,3,14,3,2,1,101,1,2,26,4,4,6,83,3
2440,2021,2,24,3,13,3,2,1,101,11,2,46,8,8,10,83,3
2441,2021,2,24,3,10,2,1,1,116,99,1,36,6,6,8,83,3
2442,2021,2,24,3,20,4,3,1,115,99,1,38,6,6,8,22,3
2443,2021,2,25,4,11,2,1,1,101,1,1,36,6,6,8,83,3
2444,2021,2,25,4,13,3,2,1,101,8,2,22,3,3,5,83,3
2445,2021,2,25,4,14,3,2,1,101,9,1,22,3,3,5,83,3
2446,2021,2,25,4,18,4,3,1,101,17,2,44,7,7,9,83,3
2447,2021,2,25,4,18,4,3,1,116,99,2,50,9,9,11,22,3
2448,2021,2,25,4,6,2,1,1,108,99,2,63,11,11,13,22,3
2449,2021,2,25,1,9,2,1,1,101,13,1,29,4,4,6,22,3
2450,2021,2,26,5,8,2,1,1,101,10,1,44,7,7,9,83,3
2451,2021,2,26,5,12,3,2,1,101,7,1,60,11,11,13,22,3
2452,2021,2,26,5,9,2,1,1,115,99,2,45,8,8,10,83,3
2453,2021,2,26,5,15,3,2,3,304,99,1,32,5,5,7,83,3
2454,2021,2,26,5,21,4,3,3,301,99,1,20,3,3,5,83,3
2455,2021,2,27,6,9,2,1,1,101,7,2,28,4,4,6,83,3
2456,2021,2,28,7,15,3,2,3,301,99,1,30,5,5,7,83,3
2457,2021,1,1,5,5,1,1,1,106,99,1,31,5,5,7,2,1
2458,2021,1,1,5,0,1,1,1,101,6,1,19,2,2,4,1,1
2459,2021,1,1,5,6,2,1,1,101,25,1,24,3,3,5,1,1
2460,2021,1,1,5,21,4,3,1,103,99,1,29,4,4,6,1,1
2461,2021,1,1,5,21,4,3,1,103,99,2,20,3,3,5,1,1
2462,2021,1,1,5,17,3,2,1,114,99,1,12,1,1,3,1,1
2463,2021,1,1,5,15,3,2,1,114,99,1,18,2,2,4,1,1
2464,2021,1,1,5,7,2,1,22,2211,99,1,60,11,11,13,2,1
2465,2021,1,1,5,2,1,1,22,2201,99,1,46,8,8,10,2,1
2466,2021,1,1,5,19,4,3,22,2214,99,2,28,4,4,6,1,1
2467,2021,1,1,5,7,2,1,21,2102,99,1,34,5,5,7,2,1
2468,2021,1,1,5,3,1,1,19,1905,99,2,31,5,5,7,1,1
2469,2021,1,1,5,3,1,1,19,1905,99,1,9,1,1,2,1,1
2470,2021,1,1,5,0,1,1,19,1909,99,1,57,10,10,12,2,1
2471,2021,1,1,5,6,2,1,5,506,99,1,26,4,4,6,1,1
2472,2021,1,1,5,20,4,3,5,506,99,1,25,4,4,6,1,1
2473,2021,1,1,5,20,4,3,5,506,99,1,20,3,3,5,1,1
2474,2021,1,1,5,11,2,1,6,606,99,1,21,3,3,5,2,1
2475,2021,1,1,5,10,2,1,10,1006,99,1,32,5,5,7,2,1
2476,2021,1,1,5,0,1,1,9,917,99,1,20,3,3,5,2,1
2477,2021,1,1,5,9,2,1,9,910,99,1,27,4,4,6,2,1
2478,2021,1,1,5,7,2,1,13,1319,99,1,34,5,5,7,1,1
2479,2021,1,1,5,10,2,1,2,208,99,1,53,9,9,11,1,1
2480,2021,1,1,5,5,1,1,18,1803,99,1,32,5,5,7,1,1
2481,2021,1,1,5,13,3,2,18,1802,99,1,61,11,11,13,2,1
2482,2021,1,1,5,2,1,1,18,1805,99,1,45,8,8,10,1,1
2483,2021,1,1,5,12,3,2,14,1404,99,2,11,1,1,3,1,1
2484,2021,1,1,5,0,1,1,1,101,6,2,11,1,1,3,7,2
2485,2021,1,1,5,15,3,2,1,101,18,2,3,1,1,1,8,2
2486,2021,1,1,5,7,2,1,1,101,13,1,34,5,5,7,7,2
2487,2021,1,1,5,20,4,3,1,103,99,1,23,3,3,5,9,2
2488,2021,1,1,5,6,2,1,1,101,14,1,999,12,16,18,8,2
2489,2021,1,1,5,12,3,2,1,117,99,1,28,4,4,6,126,2
2490,2021,1,1,5,0,1,1,22,2201,99,1,28,4,4,6,8,2
2491,2021,1,1,5,6,2,1,21,2101,99,1,42,7,7,9,8,2
2492,2021,1,1,5,0,1,1,20,2004,99,2,45,8,8,10,8,2
2493,2021,1,1,5,0,1,1,20,2004,99,1,23,3,3,5,8,2
2494,2021,1,1,5,0,1,1,20,2004,99,1,17,2,2,4,8,2
2495,2021,1,1,5,3,1,1,19,1905,99,2,14,1,1,3,7,2
2496,2021,1,1,5,0,1,1,19,1909,99,2,28,4,4,6,8,2
2497,2021,1,1,5,6,2,1,5,506,99,1,19,2,2,4,7,2
2498,2021,1,1,5,3,1,1,5,506,99,1,33,5,5,7,7,2
2499,2021,1,1,5,20,4,3,5,506,99,1,37,6,6,8,7,2
2500,2021,1,1,5,20,4,3,5,506,99,1,41,7,7,9,7,2
2501,2021,1,1,5,21,4,3,5,502,99,1,39,6,6,8,7,2
2502,2021,1,1,5,3,1,1,6,601,99,1,33,5,5,7,8,2
2503,2021,1,1,5,6,2,1,12,1215,99,1,37,6,6,8,9,2
2504,2021,1,1,5,2,1,1,2,208,99,1,20,3,3,5,8,2
2505,2021,1,1,5,2,1,1,2,208,99,1,19,2,2,4,8,2
2506,2021,1,1,5,3,1,1,2,207,99,1,22,3,3,5,9,2
2507,2021,1,1,5,5,1,1,18,1803,99,2,20,3,3,5,7,2
2508,2021,1,1,5,2,1,1,18,1805,99,1,29,4,4,6,7,2
2509,2021,1,1,5,3,1,1,18,1803,99,1,42,7,7,9,8,2
2510,2021,1,1,5,9,2,1,18,1803,99,1,60,11,11,13,9,2
2511,2021,1,1,5,1,1,1,17,1701,99,1,31,5,5,7,9,2
2512,2021,1,1,5,1,1,1,4,407,99,1,22,3,3,5,8,2
2513,2021,1,2,6,8,2,1,21,2102,99,1,42,7,7,9,2,1
2514,2021,1,2,6,22,4,3,20,2001,99,1,58,10,10,12,1,1
2515,2021,1,2,6,20,4,3,19,1904,99,1,31,5,5,7,3,1
2516,2021,1,2,6,22,4,3,5,513,99,1,30,5,5,7,1,1
2517,2021,1,2,6,22,4,3,1,101,18,1,35,6,6,8,8,2
2518,2021,1,2,6,2,1,1,1,115,99,1,35,6,6,8,9,2
2519,2021,1,2,6,19,4,3,22,2216,99,1,60,11,11,13,7,2
2520,2021,1,2,6,7,2,1,21,2101,99,1,28,4,4,6,8,2
2521,2021,1,2,6,22,4,3,20,2001,99,1,25,4,4,6,7,2
2522,2021,1,2,6,12,3,2,5,501,99,1,26,4,4,6,7,2
2523,2021,1,2,6,21,4,3,6,602,99,1,23,3,3,5,7,2
2524,2021,1,2,6,19,4,3,12,1230,99,1,30,5,5,7,7,2
2525,2021,1,2,6,14,3,2,16,1607,99,1,35,6,6,8,8,2
2526,2021,1,2,6,18,4,3,14,1410,99,1,46,8,8,10,8,2
2527,2021,1,2,6,15,3,2,7,701,99,1,28,4,4,6,8,2
2528,2021,1,2,6,15,3,2,7,701,99,1,25,4,4,6,8,2
2529,2021,1,3,7,21,4,3,1,102,99,1,45,8,8,10,1,1
2530,2021,1,3,7,11,2,1,9,917,99,1,25,4,4,6,1,1
2531,2021,1,3,7,13,3,2,16,1601,99,1,30,5,5,7,7,2
2532,2021,1,3,7,22,4,3,17,1703,99,1,31,5,5,7,8,2
2533,2021,1,4,1,22,4,3,1,101,18,2,31,5,5,7,1,1
2534,2021,1,4,1,18,4,3,1,116,99,2,43,7,7,9,1,1
2535,2021,1,4,1,17,3,2,1,115,99,2,19,2,2,4,1,1
2536,2021,1,4,1,11,2,1,17,1704,99,1,39,6,6,8,1,1
2537,2021,1,4,1,3,1,1,5,511,99,1,32,5,5,7,7,2
2538,2021,1,4,1,20,4,3,11,1101,99,1,44,7,7,9,7,2
2539,2021,1,5,2,8,2,1,1,115,99,1,57,10,10,12,3,1
2540,2021,1,5,2,22,4,3,19,1909,99,1,39,6,6,8,1,1
2541,2021,1,5,2,22,4,3,19,1909,99,1,36,6,6,8,1,1
2542,2021,1,5,2,7,2,1,16,1615,99,1,25,4,4,6,1,1
2543,2021,1,5,2,22,4,3,18,1804,99,1,18,2,2,4,1,1
2544,2021,1,5,2,17,3,2,17,1710,99,1,999,12,16,18,2,1
2545,2021,1,5,2,19,4,3,1,101,9,1,26,4,4,6,7,2
2546,2021,1,5,2,2,1,1,1,107,99,1,32,5,5,7,8,2
2547,2021,1,5,2,0,1,1,1,101,5,1,22,3,3,5,7,2
2548,2021,1,5,2,17,3,2,17,1705,99,1,71,11,13,15,8,2
2549,2021,1,6,3,12,3,2,1,115,99,1,22,3,3,5,1,1
2550,2021,1,6,3,6,2,1,20,2005,99,1,29,4,4,6,1,1
2551,2021,1,6,3,8,2,1,5,509,99,1,26,4,4,6,1,1
2552,2021,1,6,3,5,1,1,6,613,99,1,62,11,11,13,1,1
2553,2021,1,6,3,4,1,1,1,115,99,1,28,4,4,6,7,2
2554,2021,1,6,3,8,2,1,5,509,99,1,55,10,10,12,7,2
2555,2021,1,6,3,22,4,3,5,506,99,1,10,1,1,3,7,2
2556,2021,1,6,3,12,3,2,6,609,99,1,39,6,6,8,7,2
2557,2021,1,7,4,15,3,2,1,101,18,2,30,5,5,7,1,1
2558,2021,1,7,4,16,3,2,1,108,99,1,21,3,3,5,1,1
2559,2021,1,7,4,18,4,3,1,108,99,1,22,3,3,5,1,1
2560,2021,1,7,4,12,3,2,5,501,99,1,32,5,5,7,1,1
2561,2021,1,7,4,18,4,3,6,602,99,2,24,3,3,5,5,1
2562,2021,1,7,4,9,2,1,13,1312,99,2,999,12,16,18,2,1
2563,2021,1,7,4,6,2,1,1,101,13,1,23,3,3,5,7,2
2564,2021,1,7,4,16,3,2,1,108,99,2,15,2,2,4,7,2
2565,2021,1,7,4,16,3,2,1,108,99,2,31,5,5,7,7,2
2566,2021,1,7,4,16,3,2,1,108,99,1,13,1,1,3,7,2
2567,2021,1,7,4,18,4,3,1,108,99,1,13,1,1,3,7,2
2568,2021,1,7,4,0,1,1,5,506,99,1,17,2,2,4,7,2
2569,2021,1,7,4,13,3,2,17,1710,99,1,33,5,5,7,7,2
2570,2021,1,7,4,4,1,1,17,1705,99,2,25,4,4,6,8,2
2571,2021,1,7,4,21,4,3,17,1710,99,1,999,12,16,18,8,2
2572,2021,1,8,5,19,4,3,1,101,3,2,20,3,3,5,1,1
2573,2021,1,8,5,15,3,2,1,101,18,1,25,4,4,6,5,1
2574,2021,1,8,5,18,4,3,1,101,13,1,45,8,8,10,1,1
2575,2021,1,8,5,17,3,2,1,114,99,1,28,4,4,6,1,1
2576,2021,1,8,5,17,3,2,1,114,99,1,40,7,7,9,1,1
2577,2021,1,8,5,17,3,2,1,114,99,1,32,5,5,7,1,1
2578,2021,1,8,5,5,1,1,21,2101,99,1,68,11,12,14,1,1
2579,2021,1,8,5,5,1,1,1,101,4,1,28,4,4,6,8,2
2580,2021,1,8,5,20,4,3,1,101,8,1,30,5,5,7,9,2
2581,2021,1,8,5,22,4,3,1,101,1,1,24,3,3,5,9,2
2582,2021,1,8,5,15,3,2,1,106,99,1,21,3,3,5,7,2
2583,2021,1,8,5,23,4,3,1,101,11,1,22,3,3,5,8,2
2584,2021,1,8,5,22,4,3,1,115,99,1,49,8,8,10,9,2
2585,2021,1,9,6,13,3,2,1,101,24,1,19,2,2,4,1,1
2586,2021,1,9,6,21,4,3,1,101,21,1,45,8,8,10,1,1
2587,2021,1,9,6,21,4,3,1,101,21,1,14,1,1,3,1,1
2588,2021,1,9,6,16,3,2,10,1002,99,1,40,7,7,9,1,1
2589,2021,1,9,6,21,4,3,1,101,21,1,34,5,5,7,7,2
2590,2021,1,9,6,21,4,3,1,101,21,1,16,2,2,4,7,2
2591,2021,1,9,6,23,4,3,11,1108,99,1,35,6,6,8,7,2
2592,2021,1,10,7,0,1,1,1,103,99,1,999,12,16,18,1,1
2593,2021,1,10,7,20,4,3,1,108,99,2,27,4,4,6,1,1
2594,2021,1,10,7,15,3,2,22,2201,99,1,17,2,2,4,1,1
2595,2021,1,10,7,9,2,1,5,511,99,2,54,9,9,11,1,1
2596,2021,1,10,7,9,2,1,5,501,99,1,32,5,5,7,3,1
2597,2021,1,10,7,1,1,1,5,501,99,2,43,7,7,9,1,1
2598,2021,1,10,7,8,2,1,6,608,99,1,39,6,6,8,1,1
2599,2021,1,10,7,8,2,1,6,608,99,1,14,1,1,3,1,1
2600,2021,1,10,7,8,2,1,11,1107,99,1,29,4,4,6,1,1
2601,2021,1,10,7,16,3,2,16,1609,99,1,31,5,5,7,2,1
2602,2021,1,10,7,20,4,3,18,1803,99,1,999,12,16,18,2,1
2603,2021,1,10,7,8,2,1,1,101,1,1,47,8,8,10,126,2
2604,2021,1,10,7,19,4,3,1,105,99,1,55,10,10,12,8,2
2605,2021,1,10,7,3,1,1,1,101,12,1,50,9,9,11,9,2
2606,2021,1,10,7,21,4,3,1,101,7,1,20,3,3,5,7,2
2607,2021,1,10,7,20,4,3,1,108,99,1,24,3,3,5,7,2
2608,2021,1,10,7,1,1,1,5,501,99,2,999,12,16,18,7,2
2609,2021,1,10,7,16,3,2,5,513,99,1,26,4,4,6,7,2
2610,2021,1,10,7,23,4,3,5,501,99,1,19,2,2,4,7,2
2611,2021,1,10,7,23,4,3,5,501,99,2,28,4,4,6,7,2
2612,2021,1,10,7,4,1,1,6,613,99,1,20,3,3,5,8,2
2613,2021,1,10,7,4,1,1,6,613,99,1,26,4,4,6,8,2
2614,2021,1,10,7,22,4,3,17,1705,99,1,26,4,4,6,7,2
2615,2021,1,11,1,13,3,2,1,106,99,1,22,3,3,5,1,1
2616,2021,1,11,1,22,4,3,20,2006,99,1,36,6,6,8,1,1
2617,2021,1,11,1,9,2,1,1,101,5,1,22,3,3,5,7,2
2618,2021,1,11,1,12,3,2,1,103,99,1,48,8,8,10,8,2
2619,2021,1,11,1,11,2,1,1,101,21,2,15,2,2,4,7,2
2620,2021,1,11,1,11,2,1,1,101,21,1,18,2,2,4,7,2
2621,2021,1,11,1,21,4,3,22,2202,99,1,50,9,9,11,7,2
2622,2021,1,11,1,14,3,2,18,1803,99,1,42,7,7,9,7,2
2623,2021,1,12,2,15,3,2,1,101,24,1,21,3,3,5,1,1
2624,2021,1,12,2,15,3,2,1,114,99,2,28,4,4,6,1,1
2625,2021,1,12,2,6,2,1,5,501,99,1,42,7,7,9,1,1
2626,2021,1,12,2,17,3,2,12,1230,99,2,40,7,7,9,1,1
2627,2021,1,12,2,9,2,1,1,101,1,1,56,10,10,12,7,2
2628,2021,1,12,2,12,3,2,1,117,99,1,35,6,6,8,8,2
2629,2021,1,12,2,14,3,2,5,513,99,1,48,8,8,10,7,2
2630,2021,1,12,2,14,3,2,11,1107,99,1,47,8,8,10,9,2
2631,2021,1,12,2,6,2,1,9,920,99,1,20,3,3,5,7,2
2632,2021,1,12,2,10,2,1,2,204,99,1,25,4,4,6,7,2
2633,2021,1,13,3,19,4,3,1,101,1,1,24,3,3,5,1,1
2634,2021,1,13,3,18,4,3,1,101,6,1,19,2,2,4,1,1
2635,2021,1,13,3,18,4,3,1,101,6,1,26,4,4,6,1,1
2636,2021,1,13,3,16,3,2,1,101,21,1,19,2,2,4,1,1
2637,2021,1,13,3,19,4,3,1,108,99,1,25,4,4,6,1,1
2638,2021,1,13,3,21,4,3,3,314,99,2,56,10,10,12,1,1
2639,2021,1,13,3,5,1,1,1,101,1,1,31,5,5,7,7,2
2640,2021,1,13,3,15,3,2,1,102,99,1,40,7,7,9,9,2
2641,2021,1,13,3,9,2,1,1,101,7,1,23,3,3,5,7,2
2642,2021,1,13,3,20,4,3,5,501,99,1,23,3,3,5,7,2
2643,2021,1,13,3,18,4,3,13,1311,99,1,45,8,8,10,9,2
2644,2021,1,13,3,23,4,3,18,1801,99,1,30,5,5,7,7,2
2645,2021,1,13,3,20,4,3,4,409,99,2,32,5,5,7,7,2
2646,2021,1,14,4,21,4,3,1,101,1,2,35,6,6,8,1,1
2647,2021,1,14,4,10,2,1,1,107,99,1,21,3,3,5,1,1
2648,2021,1,14,4,14,3,2,1,101,18,1,20,3,3,5,1,1
2649,2021,1,14,4,19,4,3,1,101,6,1,17,2,2,4,1,1
2650,2021,1,14,4,21,4,3,21,2101,99,2,1,1,1,1,1,1
2651,2021,1,14,4,19,4,3,5,506,99,1,38,6,6,8,1,1
2652,2021,1,14,4,8,2,1,11,1101,99,1,27,4,4,6,1,1
2653,2021,1,14,4,8,2,1,11,1101,99,1,36,6,6,8,1,1
2654,2021,1,14,4,8,2,1,11,1101,99,1,27,4,4,6,1,1
2655,2021,1,14,4,14,3,2,18,1801,99,1,39,6,6,8,1,1
2656,2021,1,14,4,20,4,3,17,1711,99,2,30,5,5,7,1,1
2657,2021,1,14,4,21,4,3,1,101,1,1,32,5,5,7,7,2
2658,2021,1,14,4,21,4,3,1,101,1,2,18,2,2,4,7,2
2659,2021,1,14,4,21,4,3,1,101,1,1,20,3,3,5,7,2
2660,2021,1,14,4,21,4,3,1,101,1,1,32,5,5,7,7,2
2661,2021,1,14,4,21,4,3,1,101,1,1,28,4,4,6,7,2
2662,2021,1,14,4,21,4,3,1,101,1,2,22,3,3,5,7,2
2663,2021,1,14,4,21,4,3,1,101,1,1,7,1,1,2,7,2
2664,2021,1,14,4,21,4,3,1,101,1,1,23,3,3,5,7,2
2665,2021,1,14,4,7,2,1,1,101,8,1,24,3,3,5,8,2
2666,2021,1,14,4,18,4,3,1,101,7,1,34,5,5,7,8,2
2667,2021,1,14,4,21,4,3,21,2101,99,2,38,6,6,8,7,2
2668,2021,1,15,5,16,3,2,1,101,18,1,29,4,4,6,1,1
2669,2021,1,15,5,8,2,1,1,103,99,1,34,5,5,7,3,1
2670,2021,1,15,5,23,4,3,1,101,16,1,24,3,3,5,1,1
2671,2021,1,15,5,21,4,3,1,101,7,2,30,5,5,7,1,1
2672,2021,1,15,5,21,4,3,1,101,7,2,49,8,8,10,1,1
2673,2021,1,15,5,15,3,2,19,1901,99,1,19,2,2,4,1,1
2674,2021,1,15,5,18,4,3,9,917,99,1,30,5,5,7,1,1
2675,2021,1,15,5,18,4,3,9,903,99,1,20,3,3,5,1,1
2676,2021,1,15,5,19,4,3,18,1803,99,1,55,10,10,12,1,1
2677,2021,1,15,5,16,3,2,1,101,18,1,18,2,2,4,7,2
2678,2021,1,15,5,2,1,1,1,101,18,1,32,5,5,7,7,2
2679,2021,1,15,5,9,2,1,1,103,99,1,28,4,4,6,9,2
2680,2021,1,15,5,22,4,3,1,101,5,1,30,5,5,7,7,2
2681,2021,1,15,5,22,4,3,1,101,5,1,19,2,2,4,7,2
2682,2021,1,15,5,5,1,1,1,101,7,1,35,6,6,8,7,2
2683,2021,1,15,5,21,4,3,1,101,7,2,27,4,4,6,7,2
2684,2021,1,15,5,21,4,3,1,101,7,1,28,4,4,6,7,2
2685,2021,1,15,5,23,4,3,20,2001,99,1,999,12,16,18,1,1
2686,2021,1,15,5,20,4,3,5,502,99,1,23,3,3,5,9,2
2687,2021,1,16,6,11,2,1,1,101,1,1,22,3,3,5,1,1
2688,2021,1,16,6,16,3,2,1,101,1,1,22,3,3,5,1,1
2689,2021,1,16,6,20,4,3,1,107,99,1,21,3,3,5,1,1
2690,2021,1,16,6,20,4,3,1,107,99,1,32,5,5,7,1,1
2691,2021,1,16,6,20,4,3,1,107,99,1,28,4,4,6,1,1
2692,2021,1,16,6,20,4,3,1,103,99,2,32,5,5,7,1,1
2693,2021,1,16,6,21,4,3,1,101,14,1,24,3,3,5,1,1
2694,2021,1,16,6,16,3,2,1,101,12,1,30,5,5,7,1,1
2695,2021,1,16,6,23,4,3,1,116,99,2,25,4,4,6,1,1
2696,2021,1,16,6,21,4,3,1,108,99,1,28,4,4,6,1,1
2697,2021,1,16,6,13,3,2,5,511,99,1,23,3,3,5,1,1
2698,2021,1,16,6,99,5,4,5,512,99,1,33,5,5,7,1,1
2699,2021,1,16,6,18,4,3,5,501,99,1,37,6,6,8,1,1
2700,2021,1,16,6,17,3,2,6,602,99,1,24,3,3,5,1,1
2701,2021,1,16,6,17,3,2,6,602,99,1,20,3,3,5,1,1
2702,2021,1,16,6,17,3,2,6,602,99,2,24,3,3,5,1,1
2703,2021,1,16,6,21,4,3,13,1301,99,1,38,6,6,8,1,1
2704,2021,1,16,6,21,4,3,13,1301,99,1,40,7,7,9,1,1
2705,2021,1,16,6,22,4,3,1,101,3,1,17,2,2,4,8,2
2706,2021,1,16,6,20,4,3,1,107,99,1,58,10,10,12,7,2
2707,2021,1,16,6,7,2,1,1,101,15,1,40,7,7,9,7,2
2708,2021,1,16,6,23,4,3,1,116,99,1,30,5,5,7,7,2
2709,2021,1,16,6,21,4,3,1,108,99,2,29,4,4,6,7,2
2710,2021,1,16,6,8,2,1,21,2107,99,1,32,5,5,7,7,2
2711,2021,1,16,6,9,2,1,5,503,99,2,39,6,6,8,8,2
2712,2021,1,16,6,23,4,3,6,602,99,1,23,3,3,5,8,2
2713,2021,1,16,6,23,4,3,16,1601,99,1,29,4,4,6,8,2
2714,2021,1,16,6,12,3,2,15,1504,99,1,17,2,2,4,7,2
2715,2021,1,16,6,20,4,3,17,1703,99,1,24,3,3,5,9,2
2716,2021,1,16,6,19,4,3,4,401,99,1,17,2,2,4,9,2
2717,2021,1,17,7,15,3,2,1,105,99,1,54,9,9,11,1,1
2718,2021,1,17,7,21,4,3,1,115,99,1,34,5,5,7,1,1
2719,2021,1,17,7,17,3,2,1,108,99,1,25,4,4,6,1,1
2720,2021,1,17,7,21,4,3,1,108,99,1,22,3,3,5,1,1
2721,2021,1,17,7,21,4,3,1,108,99,1,21,3,3,5,1,1
2722,2021,1,17,7,17,3,2,21,2102,99,1,71,11,13,15,1,1
2723,2021,1,17,7,7,2,1,20,2009,99,1,30,5,5,7,1,1
2724,2021,1,17,7,8,2,1,5,501,99,1,33,5,5,7,1,1
2725,2021,1,17,7,7,2,1,5,507,99,1,55,10,10,12,1,1
2726,2021,1,17,7,13,3,2,5,506,99,1,20,3,3,5,1,1
2727,2021,1,17,7,19,4,3,11,1101,99,1,15,2,2,4,1,1
2728,2021,1,17,7,22,4,3,16,1615,99,1,42,7,7,9,1,1
2729,2021,1,17,7,14,3,2,18,1804,99,1,24,3,3,5,1,1
2730,2021,1,17,7,21,4,3,17,1713,99,1,999,12,16,18,1,1
2731,2021,1,17,7,2,1,1,4,401,99,2,44,7,7,9,5,1
2732,2021,1,17,7,14,3,2,1,103,99,2,22,3,3,5,8,2
2733,2021,1,17,7,19,4,3,1,116,99,1,40,7,7,9,8,2
2734,2021,1,17,7,8,2,1,21,2102,99,1,29,4,4,6,8,2
2735,2021,1,17,7,19,4,3,21,2101,99,1,54,9,9,11,9,2
2736,2021,1,17,7,15,3,2,19,1911,99,1,52,9,9,11,7,2
2737,2021,1,17,7,17,3,2,19,1910,99,1,48,8,8,10,8,2
2738,2021,1,17,7,20,4,3,5,513,99,2,25,4,4,6,7,2
2739,2021,1,17,7,19,4,3,5,506,99,1,18,2,2,4,7,2
2740,2021,1,17,7,13,3,2,12,1217,99,2,40,7,7,9,7,2
2741,2021,1,17,7,17,3,2,15,1508,99,2,26,4,4,6,9,2
2742,2021,1,17,7,5,1,1,18,1801,99,1,34,5,5,7,8,2
2743,2021,1,17,7,5,1,1,18,1801,99,2,33,5,5,7,8,2
2744,2021,1,17,7,21,4,3,17,1713,99,1,16,2,2,4,7,2
2745,2021,1,18,1,11,2,1,1,102,99,1,21,3,3,5,1,1
2746,2021,1,18,1,11,2,1,1,102,99,1,21,3,3,5,1,1
2747,2021,1,18,1,21,4,3,1,108,99,1,22,3,3,5,1,1
2748,2021,1,18,1,1,1,1,21,2107,99,2,30,5,5,7,1,1
2749,2021,1,18,1,1,1,1,20,2005,99,1,23,3,3,5,2,1
2750,2021,1,18,1,7,2,1,5,513,99,1,20,3,3,5,2,1
2751,2021,1,18,1,99,5,4,5,506,99,2,3,1,1,1,5,1
2752,2021,1,18,1,10,2,1,9,901,99,2,33,5,5,7,1,1
2753,2021,1,18,1,10,2,1,9,901,99,2,28,4,4,6,1,1
2754,2021,1,18,1,11,2,1,13,1301,99,1,38,6,6,8,3,1
2755,2021,1,18,1,0,1,1,17,1709,99,1,35,6,6,8,1,1
2756,2021,1,18,1,0,1,1,17,1709,99,1,23,3,3,5,1,1
2757,2021,1,18,1,18,4,3,17,1712,99,1,37,6,6,8,1,1
2758,2021,1,18,1,2,1,1,1,101,21,1,23,3,3,5,7,2
2759,2021,1,18,1,10,2,1,1,101,7,2,17,2,2,4,7,2
2760,2021,1,18,1,21,4,3,1,108,99,2,18,2,2,4,7,2
2761,2021,1,18,1,21,4,3,9,914,99,1,33,5,5,7,9,2
2762,2021,1,18,1,6,2,1,16,1601,99,1,41,7,7,9,8,2
2763,2021,1,18,1,5,1,1,18,1804,99,1,22,3,3,5,1,1
2764,2021,1,18,1,6,2,1,3,308,99,1,49,8,8,10,7,2
2765,2021,1,19,2,16,3,2,1,101,9,2,35,6,6,8,1,1
2766,2021,1,19,2,16,3,2,1,101,8,1,19,2,2,4,1,1
2767,2021,1,19,2,10,2,1,1,101,12,1,56,10,10,12,1,1
2768,2021,1,19,2,99,5,4,1,114,99,1,23,3,3,5,1,1
2769,2021,1,19,2,15,3,2,1,108,99,1,25,4,4,6,1,1
2770,2021,1,19,2,18,4,3,12,1229,99,1,37,6,6,8,1,1
2771,2021,1,19,2,11,2,1,1,101,4,1,21,3,3,5,8,2
2772,2021,1,19,2,22,4,3,1,101,6,1,38,6,6,8,9,2
2773,2021,1,19,2,19,4,3,1,113,99,1,33,5,5,7,7,2
2774,2021,1,19,2,5,1,1,10,1014,99,1,38,6,6,8,7,2
2775,2021,1,19,2,22,4,3,12,1217,99,1,19,2,2,4,7,2
2776,2021,1,19,2,14,3,2,16,1601,99,1,28,4,4,6,8,2
2777,2021,1,20,3,17,3,2,1,101,1,1,26,4,4,6,1,1
2778,2021,1,20,3,15,3,2,1,107,99,2,18,2,2,4,2,1
2779,2021,1,20,3,19,4,3,22,2206,99,2,26,4,4,6,1,1
2780,2021,1,20,3,11,2,1,21,2101,99,2,25,4,4,6,5,1
2781,2021,1,20,3,6,2,1,18,1803,99,2,18,2,2,4,5,1
2782,2021,1,20,3,19,4,3,17,1703,99,1,23,3,3,5,2,1
2783,2021,1,20,3,5,1,1,1,108,99,1,24,3,3,5,7,2
2784,2021,1,20,3,18,4,3,22,2202,99,1,69,11,12,14,9,2
2785,2021,1,20,3,18,4,3,6,609,99,2,30,5,5,7,8,2
2786,2021,1,21,4,11,2,1,1,115,99,2,23,3,3,5,1,1
2787,2021,1,21,4,17,3,2,1,101,7,1,25,4,4,6,1,1
2788,2021,1,21,4,22,4,3,1,117,99,1,32,5,5,7,1,1
2789,2021,1,21,4,8,2,1,6,610,99,1,42,7,7,9,1,1
2790,2021,1,21,4,21,4,3,6,609,99,1,39,6,6,8,1,1
2791,2021,1,21,4,14,3,2,3,301,99,1,60,11,11,13,7,2
2792,2021,1,21,4,20,4,3,8,808,99,1,12,1,1,3,7,2
2793,2021,1,22,5,13,3,2,1,101,2,2,25,4,4,6,5,1
2794,2021,1,22,5,15,3,2,1,101,18,2,43,7,7,9,1,1
2795,2021,1,22,5,14,3,2,1,101,16,1,17,2,2,4,1,1
2796,2021,1,22,5,19,4,3,1,115,99,1,44,7,7,9,1,1
2797,2021,1,22,5,6,2,1,1,115,99,1,25,4,4,6,1,1
2798,2021,1,22,5,15,3,2,19,1909,99,1,40,7,7,9,1,1
2799,2021,1,22,5,12,3,2,5,506,99,1,24,3,3,5,2,1
2800,2021,1,22,5,12,3,2,5,506,99,2,27,4,4,6,5,1
2801,2021,1,22,5,13,3,2,10,1002,99,2,23,3,3,5,1,1
2802,2021,1,22,5,17,3,2,10,1001,99,1,25,4,4,6,2,1
2803,2021,1,22,5,13,3,2,12,1215,99,1,50,9,9,11,1,1
2804,2021,1,22,5,2,1,1,17,1711,99,1,45,8,8,10,1,1
2805,2021,1,22,5,0,1,1,3,309,99,1,36,6,6,8,1,1
2806,2021,1,22,5,14,3,2,3,309,99,2,25,4,4,6,1,1
2807,2021,1,22,5,22,4,3,1,101,4,1,34,5,5,7,8,2
2808,2021,1,22,5,19,4,3,1,101,6,1,19,2,2,4,7,2
2809,2021,1,22,5,15,3,2,19,1909,99,1,28,4,4,6,7,2
2810,2021,1,22,5,14,3,2,19,1909,99,1,18,2,2,4,7,2
2811,2021,1,22,5,0,1,1,17,1711,99,1,19,2,2,4,7,2
2812,2021,1,22,5,0,1,1,3,309,99,1,30,5,5,7,7,2
2813,2021,1,22,5,23,4,3,7,717,99,1,23,3,3,5,1,1
2814,2021,1,23,6,6,2,1,1,101,24,1,22,3,3,5,1,1
2815,2021,1,23,6,17,3,2,1,101,18,1,20,3,3,5,1,1
2816,2021,1,23,6,17,3,2,1,101,18,1,12,1,1,3,1,1
2817,2021,1,23,6,19,4,3,1,101,25,1,22,3,3,5,1,1
2818,2021,1,23,6,14,3,2,1,101,5,1,32,5,5,7,1,1
2819,2021,1,23,6,14,3,2,1,101,5,1,28,4,4,6,1,1
2820,2021,1,23,6,9,2,1,1,115,99,1,20,3,3,5,1,1
2821,2021,1,23,6,16,3,2,6,601,99,1,14,1,1,3,1,1
2822,2021,1,23,6,21,4,3,12,1213,99,2,23,3,3,5,1,1
2823,2021,1,23,6,17,3,2,1,101,18,1,41,7,7,9,7,2
2824,2021,1,23,6,17,3,2,1,101,18,1,20,3,3,5,7,2
2825,2021,1,23,6,19,4,3,1,101,18,1,14,1,1,3,7,2
2826,2021,1,23,6,23,4,3,1,106,99,2,51,9,9,11,8,2
2827,2021,1,23,6,1,1,1,1,101,16,1,25,4,4,6,7,2
2828,2021,1,23,6,19,4,3,1,101,7,1,19,2,2,4,8,2
2829,2021,1,23,6,20,4,3,1,116,99,1,999,12,16,18,9,2
2830,2021,1,23,6,23,4,3,9,901,99,2,30,5,5,7,7,2
2831,2021,1,24,7,20,4,3,1,116,99,1,48,8,8,10,1,1
2832,2021,1,24,7,20,4,3,20,2008,99,1,27,4,4,6,3,1
2833,2021,1,24,7,15,3,2,19,1910,99,1,27,4,4,6,2,1
2834,2021,1,24,7,16,3,2,19,1906,99,1,24,3,3,5,1,1
2835,2021,1,24,7,17,3,2,19,1909,99,1,20,3,3,5,1,1
2836,2021,1,24,7,5,1,1,5,513,99,1,36,6,6,8,1,1
2837,2021,1,24,7,1,1,1,9,901,99,1,45,8,8,10,2,1
2838,2021,1,24,7,19,4,3,3,310,99,1,16,2,2,4,1,1
2839,2021,1,24,7,23,4,3,1,101,3,1,999,12,16,18,8,2
2840,2021,1,24,7,0,1,1,1,107,99,1,17,2,2,4,7,2
2841,2021,1,24,7,17,3,2,1,101,6,2,52,9,9,11,7,2
2842,2021,1,24,7,22,4,3,1,114,99,1,35,6,6,8,8,2
2843,2021,1,24,7,14,3,2,1,108,99,1,32,5,5,7,8,2
2844,2021,1,24,7,14,3,2,1,108,99,1,28,4,4,6,8,2
2845,2021,1,24,7,14,3,2,1,108,99,1,45,8,8,10,8,2
2846,2021,1,24,7,14,3,2,1,101,19,1,46,8,8,10,8,2
2847,2021,1,24,7,20,4,3,22,2201,99,1,16,2,2,4,1,1
2848,2021,1,24,7,21,4,3,22,2201,99,1,42,7,7,9,9,2
2849,2021,1,24,7,21,4,3,19,1909,99,2,45,8,8,10,7,2
2850,2021,1,24,7,23,4,3,19,1909,99,1,53,9,9,11,7,2
2851,2021,1,24,7,23,4,3,5,507,99,1,29,4,4,6,7,2
2852,2021,1,25,1,6,2,1,1,115,99,1,39,6,6,8,1,1
2853,2021,1,25,1,19,4,3,1,114,99,1,27,4,4,6,1,1
2854,2021,1,25,1,14,3,2,20,2001,99,1,35,6,6,8,1,1
2855,2021,1,25,1,8,2,1,5,513,99,1,40,7,7,9,2,1
2856,2021,1,25,1,14,3,2,18,1801,99,1,23,3,3,5,1,1
2857,2021,1,25,1,19,4,3,18,1801,99,1,33,5,5,7,1,1
2858,2021,1,25,1,22,4,3,17,1708,99,1,49,8,8,10,1,1
2859,2021,1,25,1,22,4,3,17,1708,99,1,50,9,9,11,1,1
2860,2021,1,25,1,23,4,3,1,101,3,1,57,10,10,12,9,2
2861,2021,1,25,1,12,3,2,1,101,18,1,35,6,6,8,8,2
2862,2021,1,25,1,11,2,1,1,106,99,2,25,4,4,6,8,2
2863,2021,1,25,1,21,4,3,1,105,99,2,33,5,5,7,8,2
2864,2021,1,25,1,19,4,3,1,101,12,1,999,12,16,18,7,2
2865,2021,1,25,1,23,4,3,1,114,99,1,29,4,4,6,7,2
2866,2021,1,26,2,20,4,3,5,501,99,2,30,5,5,7,1,1
2867,2021,1,26,2,1,1,1,6,602,99,1,20,3,3,5,1,1
2868,2021,1,26,2,7,2,1,15,1501,99,1,36,6,6,8,1,1
2869,2021,1,26,2,11,2,1,18,1804,99,1,50,9,9,11,1,1
2870,2021,1,26,2,8,2,1,1,103,99,2,27,4,4,6,9,2
2871,2021,1,26,2,11,2,1,1,108,99,1,28,4,4,6,7,2
2872,2021,1,26,2,11,2,1,1,101,19,1,62,11,11,13,8,2
2873,2021,1,26,2,9,2,1,5,502,99,2,51,9,9,11,9,2
2874,2021,1,26,2,17,3,2,17,1711,99,1,23,3,3,5,7,2
2875,2021,1,26,2,9,2,1,7,701,99,1,19,2,2,4,8,2
2876,2021,1,26,2,9,2,1,7,701,99,1,24,3,3,5,8,2
2877,2021,1,27,3,12,3,2,1,101,6,1,27,4,4,6,1,1
2878,2021,1,27,3,16,3,2,18,1805,99,2,26,4,4,6,1,1
2879,2021,1,27,3,18,4,3,3,308,99,1,20,3,3,5,1,1
2880,2021,1,27,3,0,1,1,1,101,1,1,43,7,7,9,8,2
2881,2021,1,27,3,16,3,2,1,101,7,1,35,6,6,8,7,2
2882,2021,1,27,3,12,3,2,5,501,99,1,55,10,10,12,1,1
2883,2021,1,28,4,4,1,1,1,106,99,1,16,2,2,4,1,1
2884,2021,1,28,4,11,2,1,9,904,99,2,24,3,3,5,2,1
2885,2021,1,28,4,14,3,2,12,1230,99,1,26,4,4,6,1,1
2886,2021,1,28,4,13,3,2,18,1804,99,1,20,3,3,5,1,1
2887,2021,1,28,4,16,3,2,4,416,99,1,44,7,7,9,1,1
2888,2021,1,28,4,12,3,2,1,113,99,1,20,3,3,5,7,2
2889,2021,1,28,4,7,2,1,1,101,11,1,21,3,3,5,8,2
2890,2021,1,28,4,20,4,3,1,101,7,1,20,3,3,5,7,2
2891,2021,1,28,4,14,3,2,1,115,99,1,21,3,3,5,7,2
2892,2021,1,28,4,22,4,3,5,503,99,1,25,4,4,6,7,2
2893,2021,1,28,4,22,4,3,17,1710,99,2,25,4,4,6,9,2
2894,2021,1,28,4,13,3,2,16,1604,99,1,20,3,3,5,5,1
2895,2021,1,29,5,6,2,1,1,101,14,1,42,7,7,9,1,1
2896,2021,1,29,5,16,3,2,1,101,16,1,28,4,4,6,1,1
2897,2021,1,29,5,16,3,2,1,101,16,1,31,5,5,7,1,1
2898,2021,1,29,5,21,4,3,1,108,99,2,18,2,2,4,1,1
2899,2021,1,29,5,19,4,3,21,2102,99,1,47,8,8,10,1,1
2900,2021,1,29,5,16,3,2,5,511,99,1,55,10,10,12,5,1
2901,2021,1,29,5,16,3,2,5,511,99,2,40,7,7,9,5,1
2902,2021,1,29,5,10,2,1,13,1304,99,2,21,3,3,5,3,1
2903,2021,1,29,5,20,4,3,16,1613,99,1,28,4,4,6,1,1
2904,2021,1,29,5,99,5,4,18,1804,99,1,52,9,9,11,1,1
2905,2021,1,29,5,22,4,3,20,2001,99,2,56,10,10,12,7,2
2906,2021,1,29,5,20,4,3,5,511,99,1,35,6,6,8,9,2
2907,2021,1,29,5,19,4,3,9,920,99,1,20,3,3,5,7,2
2908,2021,1,29,5,99,5,4,18,1804,99,2,54,9,9,11,7,2
2909,2021,1,29,5,17,3,2,13,1312,99,1,35,6,6,8,2,1
2910,2021,1,30,6,14,3,2,1,101,1,1,21,3,3,5,1,1
2911,2021,1,30,6,20,4,3,1,101,24,1,22,3,3,5,3,1
2912,2021,1,30,6,20,4,3,1,101,24,1,23,3,3,5,1,1
2913,2021,1,30,6,8,2,1,1,101,21,1,45,8,8,10,1,1
2914,2021,1,30,6,23,4,3,1,101,12,2,27,4,4,6,1,1
2915,2021,1,30,6,8,2,1,22,2202,99,1,999,12,16,18,3,1
2916,2021,1,30,6,23,4,3,19,1904,99,1,29,4,4,6,2,1
2917,2021,1,30,6,19,4,3,5,513,99,1,21,3,3,5,1,1
2918,2021,1,30,6,20,4,3,5,509,99,1,16,2,2,4,1,1
2919,2021,1,30,6,1,1,1,16,1613,99,1,32,5,5,7,3,1
2920,2021,1,30,6,21,4,3,16,1604,99,1,25,4,4,6,2,1
2921,2021,1,30,6,21,4,3,18,1805,99,1,35,6,6,8,3,1
2922,2021,1,30,6,15,3,2,17,1708,99,1,56,10,10,12,1,1
2923,2021,1,30,6,20,4,3,1,101,24,1,21,3,3,5,7,2
2924,2021,1,30,6,20,4,3,1,101,24,1,26,4,4,6,7,2
2925,2021,1,30,6,20,4,3,1,101,24,1,23,3,3,5,7,2
2926,2021,1,30,6,22,4,3,1,105,99,1,28,4,4,6,8,2
2927,2021,1,30,6,21,4,3,1,105,99,1,35,6,6,8,8,2
2928,2021,1,30,6,21,4,3,1,105,99,1,34,5,5,7,8,2
2929,2021,1,30,6,23,4,3,1,101,12,1,35,6,6,8,7,2
2930,2021,1,30,6,21,4,3,1,101,11,1,23,3,3,5,7,2
2931,2021,1,30,6,22,4,3,1,108,99,2,31,5,5,7,9,2
2932,2021,1,30,6,14,3,2,19,1909,99,1,19,2,2,4,7,2
2933,2021,1,30,6,18,4,3,19,1903,99,1,46,8,8,10,8,2
2934,2021,1,30,6,20,4,3,19,1901,99,1,39,6,6,8,7,2
2935,2021,1,30,6,20,4,3,19,1901,99,2,21,3,3,5,7,2
2936,2021,1,30,6,22,4,3,17,1701,99,1,40,7,7,9,8,2
2937,2021,1,30,1,15,3,2,1,101,9,1,34,5,5,7,9,2
2938,2021,1,30,1,15,3,2,1,101,9,1,48,8,8,10,9,2
2939,2021,1,30,6,11,2,1,16,1601,99,1,32,5,5,7,3,1
2940,2021,1,31,7,14,3,2,1,101,6,1,15,2,2,4,1,1
2941,2021,1,31,7,19,4,3,1,101,6,1,18,2,2,4,1,1
2942,2021,1,31,7,5,1,1,1,101,7,2,35,6,6,8,1,1
2943,2021,1,31,7,23,4,3,1,117,99,1,28,4,4,6,1,1
2944,2021,1,31,7,22,4,3,1,108,99,2,32,5,5,7,1,1
2945,2021,1,31,7,15,3,2,22,2201,99,1,50,9,9,11,1,1
2946,2021,1,31,7,15,3,2,22,2203,99,1,50,9,9,11,1,1
2947,2021,1,31,7,15,3,2,22,2201,99,2,68,11,12,14,1,1
2948,2021,1,31,7,11,2,1,20,2004,99,1,52,9,9,11,1,1
2949,2021,1,31,7,13,3,2,5,513,99,1,40,7,7,9,1,1
2950,2021,1,31,7,0,1,1,18,1803,99,1,24,3,3,5,1,1
2951,2021,1,31,7,20,4,3,1,101,7,2,34,5,5,7,9,2
2952,2021,1,31,7,22,4,3,1,101,21,1,25,4,4,6,7,2
2953,2021,1,31,7,2,1,1,1,108,99,1,25,4,4,6,8,2
2954,2021,1,31,7,22,4,3,21,2103,99,1,22,3,3,5,7,2
2955,2021,1,31,7,22,4,3,21,2103,99,1,25,4,4,6,7,2
2956,2021,1,31,7,16,3,2,5,509,99,1,23,3,3,5,7,2
2957,2021,1,31,7,23,4,3,12,1215,99,1,24,3,3,5,7,2
2958,2021,1,31,7,1,1,1,3,302,99,1,40,7,7,9,7,2
2959,2021,1,31,7,16,3,2,3,306,99,1,28,4,4,6,7,2
2960,2021,2,1,1,6,2,1,1,101,17,1,35,6,6,8,1,1
2961,2021,2,1,1,6,2,1,1,117,99,1,34,5,5,7,1,1
2962,2021,2,1,1,14,3,2,1,114,99,1,17,2,2,4,1,1
2963,2021,2,1,1,10,2,1,1,115,99,2,25,4,4,6,3,1
2964,2021,2,1,1,9,2,1,1,108,99,1,44,7,7,9,1,1
2965,2021,2,1,1,8,2,1,19,1910,99,1,33,5,5,7,2,1
2966,2021,2,1,1,21,4,3,6,608,99,1,35,6,6,8,1,1
2967,2021,2,1,1,6,2,1,4,415,99,1,28,4,4,6,1,1
2968,2021,2,1,1,6,2,1,1,101,17,1,28,4,4,6,7,2
2969,2021,2,1,1,6,2,1,1,101,21,2,23,3,3,5,8,2
2970,2021,2,1,1,11,2,1,1,115,99,1,34,5,5,7,8,2
2971,2021,2,1,1,19,4,3,1,115,99,1,42,7,7,9,7,2
2972,2021,2,1,1,4,1,1,20,2003,99,1,37,6,6,8,8,2
2973,2021,2,1,1,0,1,1,13,1304,99,1,39,6,6,8,7,2
2974,2021,2,1,1,14,3,2,16,1601,99,1,45,8,8,10,7,2
2975,2021,2,1,1,0,1,1,17,1705,99,1,28,4,4,6,7,2
2976,2021,2,2,2,19,4,3,1,114,99,1,24,3,3,5,1,1
2977,2021,2,2,2,1,1,1,1,101,18,1,40,7,7,9,2,1
2978,2021,2,2,2,11,2,1,22,2212,99,2,37,6,6,8,1,1
2979,2021,2,2,2,20,4,3,20,2004,99,1,29,4,4,6,1,1
2980,2021,2,2,2,19,4,3,5,501,99,1,27,4,4,6,1,1
2981,2021,2,2,2,21,4,3,18,1801,99,1,35,6,6,8,1,1
2982,2021,2,2,2,7,2,1,1,106,99,2,22,3,3,5,8,2
2983,2021,2,2,2,19,4,3,5,501,99,1,39,6,6,8,7,2
2984,2021,2,2,2,21,4,3,14,1419,99,1,22,3,3,5,7,2
2985,2021,2,3,3,11,2,1,1,115,99,1,30,5,5,7,1,1
2986,2021,2,3,3,11,2,1,1,115,99,1,25,4,4,6,1,1
2987,2021,2,3,3,19,4,3,5,506,99,1,40,7,7,9,1,1
2988,2021,2,3,3,19,4,3,1,101,7,1,50,9,9,11,8,2
2989,2021,2,3,3,9,2,1,1,116,99,2,34,5,5,7,9,2
2990,2021,2,3,3,16,3,2,20,2001,99,2,999,12,16,18,9,2
2991,2021,2,3,3,19,4,3,5,506,99,1,29,4,4,6,7,2
2992,2021,2,3,3,17,3,2,6,604,99,1,46,8,8,10,7,2
2993,2021,2,4,4,8,2,1,1,113,99,1,25,4,4,6,1,1
2994,2021,2,4,4,8,2,1,1,113,99,1,30,5,5,7,1,1
2995,2021,2,4,4,21,4,3,1,108,99,1,30,5,5,7,1,1
2996,2021,2,4,4,19,4,3,20,2004,99,1,26,4,4,6,1,1
2997,2021,2,4,4,19,4,3,20,2004,99,1,29,4,4,6,1,1
2998,2021,2,4,4,6,2,1,1,101,12,1,42,7,7,9,8,2
2999,2021,2,4,4,15,3,2,1,114,99,1,33,5,5,7,9,2
3000,2021,2,4,4,15,3,2,1,114,99,2,9,1,1,2,7,2
3001,2021,2,4,4,19,4,3,1,108,99,1,28,4,4,6,7,2
3002,2021,2,4,4,19,4,3,20,2004,99,1,25,4,4,6,7,2
3003,2021,2,4,4,19,4,3,20,2004,99,2,55,10,10,12,7,2
3004,2021,2,5,5,9,2,1,1,113,99,2,17,2,2,4,1,1
3005,2021,2,5,5,9,2,1,1,113,99,2,48,8,8,10,1,1
3006,2021,2,5,5,6,2,1,5,507,99,1,18,2,2,4,1,1
3007,2021,2,5,5,18,4,3,11,1107,99,1,25,4,4,6,1,1
3008,2021,2,5,5,16,3,2,5,504,99,2,29,4,4,6,7,2
3009,2021,2,6,6,21,4,3,1,108,99,1,37,6,6,8,1,1
3010,2021,2,6,6,23,4,3,20,2007,99,1,26,4,4,6,1,1
3011,2021,2,6,6,11,2,1,6,602,99,1,48,8,8,10,1,1
3012,2021,2,6,6,21,4,3,11,1101,99,1,30,5,5,7,1,1
3013,2021,2,6,6,19,4,3,9,902,99,2,70,11,13,15,5,1
3014,2021,2,6,6,23,4,3,15,1503,99,1,24,3,3,5,1,1
3015,2021,2,6,6,20,4,3,18,1801,99,1,47,8,8,10,1,1
3016,2021,2,6,6,99,5,4,17,1710,99,2,37,6,6,8,1,1
3017,2021,2,6,6,22,4,3,1,101,18,1,31,5,5,7,126,2
3018,2021,2,6,6,22,4,3,1,101,18,1,39,6,6,8,126,2
3019,2021,2,6,6,19,4,3,1,101,7,1,19,2,2,4,7,2
3020,2021,2,6,6,14,3,2,1,101,7,1,25,4,4,6,7,2
3021,2021,2,6,6,19,4,3,1,101,7,1,21,3,3,5,7,2
3022,2021,2,6,6,15,3,2,5,506,99,1,49,8,8,10,7,2
3023,2021,2,6,6,21,4,3,1,108,99,1,21,3,3,5,7,2
3024,2021,2,6,6,21,4,3,1,108,99,1,22,3,3,5,1,1
3025,2021,2,7,7,18,4,3,1,115,99,1,22,3,3,5,1,1
3026,2021,2,7,7,6,2,1,1,108,99,2,28,4,4,6,5,1
3027,2021,2,7,7,3,1,1,20,2007,99,1,16,2,2,4,1,1
3028,2021,2,7,7,17,3,2,11,1109,99,1,30,5,5,7,1,1
3029,2021,2,7,7,21,4,3,18,1801,99,1,23,3,3,5,1,1
3030,2021,2,7,7,21,4,3,18,1801,99,1,27,4,4,6,1,1
3031,2021,2,7,7,17,3,2,1,101,1,1,43,7,7,9,8,2
3032,2021,2,7,7,11,2,1,19,1901,99,1,45,8,8,10,7,2
3033,2021,2,7,7,3,1,1,5,509,99,1,47,8,8,10,9,2
3034,2021,2,7,7,20,4,3,2,208,99,1,24,3,3,5,8,2
3035,2021,2,7,7,21,4,3,18,1803,99,1,59,10,10,12,7,2
3036,2021,2,7,7,10,2,1,17,1703,99,2,50,9,9,11,9,2
3037,2021,2,7,7,10,2,1,17,1703,99,2,21,3,3,5,9,2
3038,2021,2,8,1,13,3,2,1,108,99,1,34,5,5,7,1,1
3039,2021,2,8,1,21,4,3,1,108,99,1,20,3,3,5,5,1
3040,2021,2,8,1,2,1,1,20,2001,99,1,30,5,5,7,1,1
3041,2021,2,8,1,19,4,3,19,1904,99,1,25,4,4,6,1,1
3042,2021,2,8,2,23,4,3,6,608,99,1,25,4,4,6,1,1
3043,2021,2,8,1,6,2,1,1,116,99,1,25,4,4,6,8,2
3044,2021,2,8,1,14,3,2,20,2001,99,1,41,7,7,9,8,2
3045,2021,2,8,1,4,1,1,11,1108,99,1,26,4,4,6,8,2
3046,2021,2,8,1,1,1,1,9,901,99,2,27,4,4,6,9,2
3047,2021,2,8,1,9,2,1,1,101,1,1,34,5,5,7,9,2
3048,2021,2,9,2,5,1,1,1,101,17,2,63,11,11,13,1,1
3049,2021,2,9,2,21,4,3,1,101,7,1,53,9,9,11,3,1
3050,2021,2,9,2,13,3,2,1,115,99,1,18,2,2,4,1,1
3051,2021,2,9,2,13,3,2,1,115,99,1,19,2,2,4,1,1
3052,2021,2,9,2,19,4,3,22,2204,99,1,47,8,8,10,1,1
3053,2021,2,9,2,23,4,3,20,2001,99,1,37,6,6,8,2,1
3054,2021,2,9,2,17,3,2,5,511,99,1,56,10,10,12,1,1
3055,2021,2,9,2,19,4,3,5,513,99,1,21,3,3,5,1,1
3056,2021,2,9,2,5,1,1,10,1020,99,2,20,3,3,5,2,1
3057,2021,2,9,2,18,4,3,2,207,99,1,24,3,3,5,1,1
3058,2021,2,9,2,18,4,3,2,207,99,1,27,4,4,6,1,1
3059,2021,2,9,2,5,1,1,1,101,17,1,27,4,4,6,7,2
3060,2021,2,9,2,21,4,3,1,102,99,1,17,2,2,4,7,2
3061,2021,2,9,2,21,4,3,1,102,99,1,18,2,2,4,7,2
3062,2021,2,9,2,14,3,2,20,2001,99,1,39,6,6,8,8,2
3063,2021,2,9,2,16,3,2,17,1710,99,1,46,8,8,10,7,2
3064,2021,2,10,3,9,2,1,1,101,4,1,20,3,3,5,1,1
3065,2021,2,10,3,16,3,2,1,101,6,1,27,4,4,6,1,1
3066,2021,2,10,3,9,2,1,1,101,18,1,25,4,4,6,1,1
3067,2021,2,10,3,11,2,1,1,108,99,1,32,5,5,7,1,1
3068,2021,2,10,3,18,4,3,21,2102,99,1,40,7,7,9,1,1
3069,2021,2,10,3,17,3,2,20,2009,99,2,52,9,9,11,1,1
3070,2021,2,10,3,18,4,3,5,501,99,1,21,3,3,5,1,1
3071,2021,2,10,3,0,1,1,5,501,99,1,30,5,5,7,1,1
3072,2021,2,10,3,18,4,3,9,911,99,1,48,8,8,10,5,1
3073,2021,2,10,3,12,3,2,17,1711,99,2,8,1,1,2,5,1
3074,2021,2,10,3,9,2,1,1,101,18,1,25,4,4,6,7,2
3075,2021,2,10,3,16,3,2,1,101,6,2,23,3,3,5,7,2
3076,2021,2,10,3,19,4,3,1,101,7,1,23,3,3,5,8,2
3077,2021,2,10,3,11,2,1,1,108,99,2,72,11,13,15,7,2
3078,2021,2,10,3,18,4,3,1,108,99,1,31,5,5,7,7,2
3079,2021,2,10,3,18,4,3,1,108,99,1,45,8,8,10,7,2
3080,2021,2,10,3,18,4,3,5,501,99,1,43,7,7,9,7,2
3081,2021,2,10,3,18,4,3,5,501,99,1,28,4,4,6,7,2
3082,2021,2,10,3,18,4,3,5,501,99,2,66,11,12,14,7,2
3083,2021,2,10,3,18,4,3,5,501,99,1,67,11,12,14,7,2
3084,2021,2,11,4,15,3,2,1,101,18,1,26,4,4,6,1,1
3085,2021,2,11,4,22,4,3,1,106,99,1,18,2,2,4,1,1
3086,2021,2,11,4,16,3,2,1,101,21,1,25,4,4,6,1,1
3087,2021,2,11,4,6,2,1,1,116,99,1,40,7,7,9,1,1
3088,2021,2,11,4,23,4,3,21,2101,99,1,29,4,4,6,2,1
3089,2021,2,11,4,7,2,1,6,607,99,1,64,11,11,13,2,1
3090,2021,2,11,4,18,4,3,18,1805,99,1,23,3,3,5,1,1
3091,2021,2,11,4,17,3,2,17,1710,99,1,45,8,8,10,1,1
3092,2021,2,11,4,20,4,3,1,101,3,1,31,5,5,7,7,2
3093,2021,2,11,4,20,4,3,1,101,3,1,14,1,1,3,7,2
3094,2021,2,11,4,22,4,3,5,502,99,1,36,6,6,8,8,2
3095,2021,2,11,4,7,2,1,5,505,99,1,25,4,4,6,7,2
3096,2021,2,11,4,0,1,1,16,1601,99,1,22,3,3,5,7,2
3097,2021,2,12,5,17,3,2,1,101,9,1,36,6,6,8,1,1
3098,2021,2,12,5,17,3,2,1,103,99,1,18,2,2,4,1,1
3099,2021,2,12,5,18,4,3,1,101,13,1,20,3,3,5,1,1
3100,2021,2,12,5,13,3,2,20,2008,99,1,62,11,11,13,2,1
3101,2021,2,12,5,13,3,2,20,2008,99,1,4,1,1,1,2,1
3102,2021,2,12,5,13,3,2,20,2008,99,2,9,1,1,2,2,1
3103,2021,2,12,5,13,3,2,20,2008,99,2,11,1,1,3,2,1
3104,2021,2,12,5,13,3,2,20,2008,99,2,30,5,5,7,2,1
3105,2021,2,12,5,12,3,2,6,611,99,1,999,12,16,18,2,1
3106,2021,2,12,5,12,3,2,11,1109,99,1,27,4,4,6,1,1
3107,2021,2,12,5,16,3,2,9,901,99,1,37,6,6,8,1,1
3108,2021,2,12,5,22,4,3,18,1804,99,1,23,3,3,5,1,1
3109,2021,2,12,5,17,3,2,1,101,9,1,23,3,3,5,7,2
3110,2021,2,12,5,18,4,3,1,101,13,1,25,4,4,6,7,2
3111,2021,2,12,5,22,4,3,1,108,99,1,56,10,10,12,9,2
3112,2021,2,12,5,22,4,3,19,1902,99,2,38,6,6,8,7,2
3113,2021,2,12,5,21,4,3,9,917,99,1,40,7,7,9,7,2
3114,2021,2,12,5,12,3,2,16,1607,99,1,55,10,10,12,7,2
3115,2021,2,12,5,12,3,2,16,1607,99,1,17,2,2,4,7,2
3116,2021,2,12,5,12,3,2,18,1803,99,2,12,1,1,3,7,2
3117,2021,2,13,6,22,4,3,1,107,99,1,31,5,5,7,1,1
3118,2021,2,13,6,8,2,1,1,113,99,1,20,3,3,5,1,1
3119,2021,2,13,6,22,4,3,1,115,99,1,28,4,4,6,1,1
3120,2021,2,13,6,19,4,3,1,108,99,1,18,2,2,4,1,1
3121,2021,2,13,6,2,1,1,5,509,99,1,21,3,3,5,1,1
3122,2021,2,13,6,19,4,3,5,509,99,1,19,2,2,4,1,1
3123,2021,2,13,6,21,4,3,5,513,99,2,50,9,9,11,1,1
3124,2021,2,13,6,21,4,3,5,513,99,1,49,8,8,10,1,1
3125,2021,2,13,6,22,4,3,5,506,99,1,31,5,5,7,1,1
3126,2021,2,13,6,22,4,3,5,506,99,1,39,6,6,8,1,1
3127,2021,2,13,6,9,2,1,18,1801,99,2,40,7,7,9,3,1
3128,2021,2,13,6,13,3,2,1,101,3,1,29,4,4,6,8,2
3129,2021,2,13,6,3,1,1,1,101,11,2,30,5,5,7,8,2
3130,2021,2,13,6,16,3,2,1,108,99,1,24,3,3,5,8,2
3131,2021,2,13,6,15,3,2,20,2009,99,1,21,3,3,5,8,2
3132,2021,2,13,6,19,4,3,5,509,99,1,18,2,2,4,7,2
3133,2021,2,13,6,21,4,3,5,513,99,1,34,5,5,7,7,2
3134,2021,2,13,6,22,4,3,5,506,99,1,41,7,7,9,7,2
3135,2021,2,13,6,22,4,3,1,117,99,2,16,2,2,4,8,2
3136,2021,2,13,6,22,4,3,1,101,2,1,30,5,5,7,8,2
3137,2021,2,13,6,1,1,1,5,511,99,2,22,3,3,5,8,2
3138,2021,2,13,6,6,2,1,17,1707,99,1,22,3,3,5,9,2
3139,2021,2,14,7,19,4,3,20,2007,99,1,24,3,3,5,2,1
3140,2021,2,14,7,6,2,1,5,510,99,1,40,7,7,9,2,1
3141,2021,2,14,7,99,5,4,5,502,99,1,23,3,3,5,1,1
3142,2021,2,14,7,14,3,2,9,901,99,1,27,4,4,6,2,1
3143,2021,2,14,7,20,4,3,9,920,99,1,999,12,16,18,1,1
3144,2021,2,14,7,21,4,3,18,1802,99,1,39,6,6,8,1,1
3145,2021,2,14,7,8,2,1,17,1701,99,1,33,5,5,7,1,1
3146,2021,2,14,7,10,2,1,4,401,99,1,26,4,4,6,1,1
3147,2021,2,14,7,20,4,3,1,105,99,1,29,4,4,6,8,2
3148,2021,2,14,7,2,1,1,1,108,99,1,48,8,8,10,8,2
3149,2021,2,14,7,19,4,3,20,2007,99,1,25,4,4,6,1,1
3150,2021,2,14,7,19,4,3,20,2007,99,1,999,12,16,18,8,2
3151,2021,2,14,7,17,3,2,20,2009,99,1,24,3,3,5,8,2
3152,2021,2,14,7,21,4,3,19,1909,99,1,69,11,12,14,8,2
3153,2021,2,14,7,9,2,1,11,1107,99,1,17,2,2,4,7,2
3154,2021,2,14,7,14,3,2,9,901,99,1,999,12,16,18,8,2
3155,2021,2,14,7,20,4,3,15,1502,99,1,14,1,1,3,9,2
3156,2021,2,14,7,21,4,3,2,208,99,1,19,2,2,4,8,2
3157,2021,2,14,7,21,4,3,18,1802,99,1,22,3,3,5,1,1
3158,2021,2,14,7,22,4,3,17,1704,99,1,42,7,7,9,7,2
3159,2021,2,14,7,23,4,3,17,1703,99,1,20,3,3,5,9,2
3160,2021,2,15,1,16,3,2,1,108,99,1,22,3,3,5,2,1
3161,2021,2,15,1,23,4,3,5,510,99,1,45,8,8,10,3,1
3162,2021,2,15,1,12,3,2,1,101,1,1,29,4,4,6,9,2
3163,2021,2,15,1,16,3,2,1,101,9,2,35,6,6,8,9,2
3164,2021,2,15,1,21,4,3,1,115,99,2,33,5,5,7,9,2
3165,2021,2,15,1,11,2,1,20,2004,99,2,18,2,2,4,9,2
3166,2021,2,15,1,7,2,1,5,505,99,1,66,11,12,14,9,2
3167,2021,2,15,1,1,1,1,10,1012,99,1,16,2,2,4,8,2
3168,2021,2,16,2,16,3,2,1,113,99,1,21,3,3,5,1,1
3169,2021,2,16,2,9,2,1,9,921,99,1,30,5,5,7,1,1
3170,2021,2,16,2,9,2,1,9,921,99,1,40,7,7,9,1,1
3171,2021,2,16,2,99,5,4,1,101,18,1,47,8,8,10,1,1
3172,2021,2,16,2,99,5,4,1,101,18,2,22,3,3,5,7,2
3173,2021,2,16,2,16,3,2,1,113,99,1,21,3,3,5,7,2
3174,2021,2,16,2,13,3,2,1,101,5,1,31,5,5,7,9,2
3175,2021,2,16,2,13,3,2,19,1901,99,2,40,7,7,9,8,2
3176,2021,2,16,2,22,4,3,5,501,99,1,21,3,3,5,8,2
3177,2021,2,17,3,12,3,2,1,115,99,2,33,5,5,7,1,1
3178,2021,2,17,3,23,4,3,16,1609,99,1,49,8,8,10,2,1
3179,2021,2,17,3,20,4,3,18,1801,99,1,49,8,8,10,1,1
3180,2021,2,17,3,7,2,1,17,1705,99,1,50,9,9,11,1,1
3181,2021,2,17,3,14,3,2,17,1710,99,1,46,8,8,10,1,1
3182,2021,2,17,3,15,3,2,17,1710,99,1,41,7,7,9,1,1
3183,2021,2,17,3,13,3,2,1,101,5,1,13,1,1,3,7,2
3184,2021,2,17,3,0,1,1,1,115,99,1,36,6,6,8,7,2
3185,2021,2,17,3,22,4,3,1,114,99,1,30,5,5,7,7,2
3186,2021,2,17,3,18,4,3,11,1101,99,1,47,8,8,10,8,2
3187,2021,2,17,3,12,3,2,13,1301,99,1,22,3,3,5,7,2
3188,2021,2,17,3,16,3,2,13,1301,99,2,50,9,9,11,8,2
3189,2021,2,17,3,15,3,2,17,1710,99,1,37,6,6,8,7,2
3190,2021,2,17,3,12,3,2,4,413,99,1,34,5,5,7,8,2
3191,2021,2,18,4,18,4,3,1,101,1,1,23,3,3,5,1,1
3192,2021,2,18,4,9,2,1,1,106,99,1,46,8,8,10,1,1
3193,2021,2,18,4,6,2,1,1,101,19,1,60,11,11,13,3,1
3194,2021,2,18,4,19,4,3,22,2205,99,1,35,6,6,8,1,1
3195,2021,2,18,4,14,3,2,9,920,99,1,999,12,16,18,1,1
3196,2021,2,18,4,18,4,3,17,1705,99,1,26,4,4,6,1,1
3197,2021,2,18,4,13,3,2,3,314,99,1,34,5,5,7,1,1
3198,2021,2,18,4,21,4,3,1,101,9,1,22,3,3,5,8,2
3199,2021,2,18,4,22,4,3,1,101,1,1,22,3,3,5,8,2
3200,2021,2,18,4,15,3,2,1,101,18,1,23,3,3,5,7,2
3201,2021,2,18,4,22,4,3,9,901,99,2,34,5,5,7,8,2
3202,2021,2,18,4,22,4,3,9,901,99,1,1,1,1,1,8,2
3203,2021,2,18,4,22,4,3,21,2103,99,1,46,8,8,10,8,2
3204,2021,2,18,4,3,1,1,14,1405,99,1,19,2,2,4,7,2
3205,2021,2,18,4,6,2,1,4,401,99,1,49,8,8,10,7,2
3206,2021,2,19,5,5,1,1,1,115,99,1,25,4,4,6,1,1
3207,2021,2,19,5,19,4,3,5,502,99,1,60,11,11,13,1,1
3208,2021,2,19,5,17,3,2,3,301,99,1,41,7,7,9,1,1
3209,2021,2,19,5,23,4,3,1,101,4,1,35,6,6,8,9,2
3210,2021,2,19,5,20,4,3,1,105,99,1,24,3,3,5,8,2
3211,2021,2,19,5,20,4,3,1,105,99,1,21,3,3,5,8,2
3212,2021,2,19,5,18,4,3,1,101,11,1,20,3,3,5,7,2
3213,2021,2,19,5,18,4,3,1,101,21,2,45,8,8,10,7,2
3214,2021,2,19,5,18,4,3,5,506,99,2,32,5,5,7,9,2
3215,2021,2,19,5,4,1,1,5,501,99,2,29,4,4,6,7,2
3216,2021,2,19,5,10,2,1,18,1805,99,1,35,6,6,8,7,2
3217,2021,2,20,6,9,2,1,1,101,1,1,22,3,3,5,1,1
3218,2021,2,20,6,22,4,3,1,101,5,1,30,5,5,7,1,1
3219,2021,2,20,6,5,1,1,1,114,99,1,37,6,6,8,1,1
3220,2021,2,20,6,21,4,3,1,115,99,1,24,3,3,5,1,1
3221,2021,2,20,6,8,2,1,21,2101,99,1,44,7,7,9,2,1
3222,2021,2,20,6,2,1,1,12,1206,99,1,32,5,5,7,2,1
3223,2021,2,20,6,21,4,3,15,1502,99,1,46,8,8,10,1,1
3224,2021,2,20,6,21,4,3,15,1502,99,2,32,5,5,7,1,1
3225,2021,2,20,6,6,2,1,3,309,99,1,999,12,16,18,5,1
3226,2021,2,20,6,9,2,1,1,101,1,1,23,3,3,5,7,2
3227,2021,2,20,6,0,1,1,1,114,99,1,40,7,7,9,7,2
3228,2021,2,20,6,10,2,1,1,115,99,2,30,5,5,7,7,2
3229,2021,2,20,6,18,4,3,1,116,99,1,35,6,6,8,7,2
3230,2021,2,20,6,18,4,3,1,116,99,1,20,3,3,5,7,2
3231,2021,2,20,6,22,4,3,1,116,99,1,21,3,3,5,7,2
3232,2021,2,20,6,19,4,3,5,506,99,1,68,11,12,14,7,2
3233,2021,2,20,7,8,2,1,1,101,7,1,21,3,3,5,8,2
3234,2021,2,20,7,19,4,3,1,101,1,1,21,3,3,5,9,2
3235,2021,2,21,7,2,1,1,1,105,99,1,60,11,11,13,2,1
3236,2021,2,21,7,6,2,1,1,113,99,1,28,4,4,6,3,1
3237,2021,2,21,7,3,1,1,1,116,99,1,30,5,5,7,1,1
3238,2021,2,21,7,3,1,1,1,116,99,1,31,5,5,7,7,2
3239,2021,2,21,7,8,2,1,22,2216,99,2,22,3,3,5,1,1
3240,2021,2,21,7,8,2,1,22,2216,99,2,46,8,8,10,1,1
3241,2021,2,21,7,13,3,2,22,2211,99,1,43,7,7,9,1,1
3242,2021,2,21,7,7,2,1,22,2213,99,1,52,9,9,11,1,1
3243,2021,2,21,7,20,4,3,21,2107,99,1,28,4,4,6,1,1
3244,2021,2,21,7,10,2,1,20,2007,99,2,999,12,16,18,2,1
3245,2021,2,21,7,23,4,3,19,1909,99,1,37,6,6,8,1,1
3246,2021,2,21,7,21,4,3,5,513,99,1,20,3,3,5,1,1
3247,2021,2,21,7,12,3,2,3,306,99,1,26,4,4,6,1,1
3248,2021,2,21,7,19,4,3,1,101,4,2,25,4,4,6,8,2
3249,2021,2,21,7,12,3,2,1,101,18,1,37,6,6,8,7,2
3250,2021,2,21,7,19,4,3,1,101,18,1,30,5,5,7,8,2
3251,2021,2,21,7,19,4,3,1,113,99,1,51,9,9,11,126,2
3252,2021,2,21,7,0,1,1,1,112,99,1,35,6,6,8,9,2
3253,2021,2,21,7,23,4,3,1,108,99,2,25,4,4,6,8,2
3254,2021,2,21,7,7,2,1,22,2213,99,1,20,3,3,5,1,1
3255,2021,2,21,7,19,4,3,19,1909,99,1,27,4,4,6,8,2
3256,2021,2,21,7,19,4,3,19,1909,99,1,26,4,4,6,8,2
3257,2021,2,21,7,19,4,3,19,1903,99,1,31,5,5,7,7,2
3258,2021,2,21,7,2,1,1,6,613,99,1,46,8,8,10,7,2
3259,2021,2,21,7,13,3,2,11,1109,99,2,62,11,11,13,7,2
3260,2021,2,21,7,20,4,3,14,1401,99,2,23,3,3,5,9,2
3261,2021,2,22,1,19,4,3,4,401,99,2,18,2,2,4,1,1
3262,2021,2,22,1,14,3,2,22,2201,99,1,24,3,3,5,7,2
3263,2021,2,22,1,22,4,3,5,512,99,1,36,6,6,8,7,2
3264,2021,2,23,2,18,4,3,1,108,99,1,17,2,2,4,1,1
3265,2021,2,23,2,13,3,2,1,108,99,1,21,3,3,5,1,1
3266,2021,2,23,2,11,2,1,5,501,99,1,30,5,5,7,1,1
3267,2021,2,23,2,14,3,2,1,105,99,1,26,4,4,6,7,2
3268,2021,2,23,2,10,2,1,6,604,99,1,999,12,16,18,2,1
3269,2021,2,24,3,7,2,1,1,113,99,1,32,5,5,7,1,1
3270,2021,2,24,3,11,2,1,1,115,99,1,30,5,5,7,1,1
3271,2021,2,24,3,20,4,3,1,110,99,1,19,2,2,4,1,1
3272,2021,2,24,3,9,2,1,5,502,99,1,60,11,11,13,6,1
3273,2021,2,24,3,20,4,3,10,1001,99,1,25,4,4,6,1,1
3274,2021,2,24,3,14,3,2,18,1801,99,1,43,7,7,9,1,1
3275,2021,2,24,3,20,4,3,4,401,99,1,18,2,2,4,1,1
3276,2021,2,24,3,22,4,3,1,101,6,1,43,7,7,9,8,2
3277,2021,2,24,3,19,4,3,1,115,99,1,54,9,9,11,7,2
3278,2021,2,24,3,10,2,1,22,2205,99,1,34,5,5,7,7,2
3279,2021,2,24,3,10,2,1,22,2205,99,1,31,5,5,7,7,2
3280,2021,2,24,3,13,3,2,5,507,99,1,35,6,6,8,7,2
3281,2021,2,24,3,21,4,3,17,1702,99,2,7,1,1,2,7,2
3282,2021,2,25,4,19,4,3,1,101,9,1,22,3,3,5,1,1
3283,2021,2,25,4,9,2,1,1,115,99,1,25,4,4,6,1,1
3284,2021,2,25,4,11,2,1,1,101,19,1,18,2,2,4,1,1
3285,2021,2,25,4,22,4,3,21,2107,99,1,27,4,4,6,2,1
3286,2021,2,25,4,17,3,2,5,501,99,1,38,6,6,8,1,1
3287,2021,2,25,4,99,5,4,10,1006,99,1,36,6,6,8,1,1
3288,2021,2,25,4,19,4,3,16,1613,99,2,33,5,5,7,1,1
3289,2021,2,25,4,16,3,2,1,115,99,1,32,5,5,7,7,2
3290,2021,2,25,4,19,4,3,12,1215,99,1,20,3,3,5,8,2
3291,2021,2,26,5,12,3,2,1,101,6,1,20,3,3,5,1,1
3292,2021,2,26,5,18,4,3,1,114,99,1,30,5,5,7,1,1
3293,2021,2,26,5,18,4,3,1,114,99,2,45,8,8,10,1,1
3294,2021,2,26,5,3,1,1,20,2006,99,1,16,2,2,4,1,1
3295,2021,2,26,5,13,3,2,19,1904,99,1,38,6,6,8,1,1
3296,2021,2,26,5,18,4,3,5,509,99,1,57,10,10,12,3,1
3297,2021,2,26,5,20,4,3,1,101,3,1,40,7,7,9,7,2
3298,2021,2,26,5,6,2,1,1,101,18,1,27,4,4,6,7,2
3299,2021,2,26,5,11,2,1,1,116,99,2,49,8,8,10,7,2
3300,2021,2,26,5,3,1,1,20,2006,99,1,44,7,7,9,7,2
3301,2021,2,26,5,22,4,3,20,2009,99,2,63,11,11,13,7,2
3302,2021,2,26,5,22,4,3,20,2009,99,1,15,2,2,4,7,2
3303,2021,2,26,5,22,4,3,5,506,99,1,24,3,3,5,9,2
3304,2021,2,27,6,22,4,3,1,101,6,1,28,4,4,6,1,1
3305,2021,2,27,6,23,4,3,1,113,99,1,27,4,4,6,1,1
3306,2021,2,27,6,13,3,2,9,920,99,1,45,8,8,10,1,1
3307,2021,2,27,6,23,4,3,18,1801,99,1,18,2,2,4,1,1
3308,2021,2,27,6,23,4,3,4,415,99,1,26,4,4,6,2,1
3309,2021,2,27,6,22,4,3,1,101,6,2,23,3,3,5,1,1
3310,2021,2,27,6,5,1,1,1,101,10,1,37,6,6,8,7,2
3311,2021,2,27,6,23,4,3,1,113,99,1,18,2,2,4,8,2
3312,2021,2,27,6,12,3,2,6,606,99,1,45,8,8,10,7,2
3313,2021,2,27,6,20,4,3,10,1006,99,2,39,6,6,8,9,2
3314,2021,2,27,6,18,4,3,4,401,99,1,21,3,3,5,7,2
3315,2021,2,27,6,14,3,2,3,314,99,1,30,5,5,7,7,2
3316,2021,2,27,6,11,2,1,18,1804,99,1,18,2,2,4,1,1
3317,2021,2,27,6,12,3,2,2,203,99,1,18,2,2,4,1,1
3318,2021,2,28,7,20,4,3,1,115,99,1,50,9,9,11,3,1
3319,2021,2,28,7,15,3,2,20,2001,99,1,54,9,9,11,1,1
3320,2021,2,28,7,15,3,2,20,2001,99,1,35,6,6,8,1,1
3321,2021,2,28,7,13,3,2,5,501,99,1,46,8,8,10,1,1
3322,2021,2,28,7,13,3,2,5,509,99,1,24,3,3,5,1,1
3323,2021,2,28,7,14,3,2,5,511,99,1,24,3,3,5,1,1
3324,2021,2,28,7,19,4,3,5,506,99,1,25,4,4,6,3,1
3325,2021,2,28,7,21,4,3,5,509,99,1,49,8,8,10,1,1
3326,2021,2,28,7,19,4,3,6,608,99,1,55,10,10,12,1,1
3327,2021,2,28,7,21,4,3,6,609,99,2,43,7,7,9,1,1
3328,2021,2,28,7,21,4,3,15,1507,99,1,48,8,8,10,3,1
3329,2021,2,28,7,21,4,3,2,208,99,1,30,5,5,7,1,1
3330,2021,2,28,7,22,4,3,17,1711,99,1,27,4,4,6,1,1
3331,2021,2,28,7,18,4,3,1,107,99,2,19,2,2,4,9,2
3332,2021,2,28,7,1,1,1,1,101,25,1,45,8,8,10,9,2
3333,2021,2,28,7,4,1,1,1,101,12,1,25,4,4,6,7,2
3334,2021,2,28,7,0,1,1,21,2102,99,1,14,1,1,3,8,2
3335,2021,2,28,7,20,4,3,21,2106,99,1,32,5,5,7,8,2
3336,2021,2,28,7,20,4,3,21,2101,99,1,27,4,4,6,8,2
3337,2021,2,28,7,15,3,2,20,2001,99,1,49,8,8,10,7,2
3338,2021,2,28,7,14,3,2,20,2003,99,2,55,10,10,12,8,2
3339,2021,2,28,7,21,4,3,5,509,99,1,42,7,7,9,7,2
3340,2021,2,28,7,16,3,2,6,602,99,1,27,4,4,6,9,2
3341,2021,2,28,7,0,1,1,10,1014,99,1,46,8,8,10,8,2
3342,2021,2,28,7,22,4,3,14,1419,99,2,34,5,5,7,9,2
3343,2021,2,28,7,14,3,2,1,103,99,1,21,3,3,5,2,1
3344,2021,1,1,5,15,3,2,1,101,18,2,33,5,5,7,68,7
3345,2021,1,1,5,15,3,2,1,101,18,2,3,1,1,1,68,7
3346,2021,1,1,5,0,1,1,13,1301,99,2,33,5,5,7,68,7
3347,2021,1,1,5,19,4,3,16,1612,99,2,28,4,4,6,68,7
3348,2021,1,2,6,21,4,3,1,115,99,1,23,3,3,5,68,7
3349,2021,1,2,6,22,4,3,1,108,99,2,26,4,4,6,68,7
3350,2021,1,2,6,23,4,3,16,1616,99,1,80,11,15,17,68,7
3351,2021,1,2,6,20,4,3,14,1403,99,2,26,4,4,6,68,7
3352,2021,1,2,6,18,4,3,3,302,99,2,78,11,14,16,68,7
3353,2021,1,2,6,23,4,3,3,303,99,2,27,4,4,6,68,7
3354,2021,1,3,7,15,3,2,16,1601,99,2,33,5,5,7,68,7
3355,2021,1,5,2,15,3,2,22,2201,99,2,67,11,12,14,68,7
3356,2021,1,5,2,1,1,1,9,917,99,1,82,11,15,17,68,7
3357,2021,1,7,4,19,4,3,21,2101,99,1,83,11,15,17,68,7
3358,2021,1,9,6,16,3,2,1,108,99,2,40,7,7,9,68,7
3359,2021,1,9,6,16,3,2,1,108,99,1,12,1,1,3,68,7
3360,2021,1,10,7,22,4,3,9,917,99,1,58,10,10,12,68,7
3361,2021,1,10,7,4,1,1,7,701,99,2,30,5,5,7,68,7
3362,2021,1,11,1,2,1,1,17,1704,99,2,33,5,5,7,68,7
3363,2021,1,12,2,23,4,3,3,312,99,2,32,5,5,7,68,7
3364,2021,1,13,3,20,4,3,16,1607,99,2,24,3,3,5,68,7
3365,2021,1,13,3,19,4,3,8,801,99,2,999,12,16,18,68,7
3366,2021,1,15,5,16,3,2,14,1413,99,2,38,6,6,8,68,7
3367,2021,1,16,6,23,4,3,13,1326,99,2,45,8,8,10,68,7
3368,2021,1,17,7,2,1,1,1,105,99,2,35,6,6,8,68,7
3369,2021,1,17,7,9,2,1,19,1905,99,2,999,12,16,18,68,7
3370,2021,1,17,7,17,3,2,5,501,99,2,27,4,4,6,68,7
3371,2021,1,17,7,1,1,1,10,1006,99,2,19,2,2,4,68,7
3372,2021,1,17,7,22,4,3,13,1302,99,2,26,4,4,6,68,7
3373,2021,1,17,7,1,1,1,14,1420,99,2,52,9,9,11,68,7
3374,2021,1,18,1,18,4,3,1,108,99,2,28,4,4,6,68,7
3375,2021,1,18,1,11,2,1,13,1301,99,1,49,8,8,10,68,7
3376,2021,1,19,2,12,3,2,1,117,99,2,12,1,1,3,68,7
3377,2021,1,20,3,21,4,3,14,1420,99,2,20,3,3,5,68,7
3378,2021,1,21,4,16,3,2,11,1103,99,2,52,9,9,11,68,7
3379,2021,1,22,5,3,1,1,14,1408,99,2,999,12,16,18,68,7
3380,2021,1,23,6,19,4,3,4,412,99,2,999,12,16,18,68,7
3381,2021,1,23,6,23,4,3,3,306,99,2,30,5,5,7,68,7
3382,2021,1,23,6,23,4,3,22,2205,99,2,40,7,7,9,68,7
3383,2021,1,23,6,23,4,3,22,2205,99,1,15,2,2,4,68,7
3384,2021,1,24,7,23,4,3,17,1706,99,2,22,3,3,5,68,7
3385,2021,1,24,7,16,3,2,10,1007,99,2,60,11,11,13,68,7
3386,2021,1,24,7,9,2,1,12,1211,99,2,16,2,2,4,68,7
3387,2021,1,24,7,15,3,2,15,1504,99,2,28,4,4,6,68,7
3388,2021,1,25,1,19,4,3,21,2101,99,1,33,5,5,7,68,7
3389,2021,1,25,1,23,4,3,9,920,99,2,46,8,8,10,68,7
3390,2021,1,25,1,23,4,3,13,1309,99,1,999,12,16,18,68,7
3391,2021,1,25,1,20,4,3,14,1420,99,2,46,8,8,10,68,7
3392,2021,1,26,2,21,4,3,9,922,99,2,29,4,4,6,68,7
3393,2021,1,26,2,19,4,3,10,1008,99,2,25,4,4,6,68,7
3394,2021,1,27,3,9,2,1,21,2102,99,2,29,4,4,6,68,7
3395,2021,1,28,4,17,3,2,10,1010,99,2,51,9,9,11,68,7
3396,2021,1,28,4,18,4,3,13,1317,99,2,20,3,3,5,68,7
3397,2021,1,28,4,23,4,3,17,1710,99,2,25,4,4,6,68,7
3398,2021,1,28,4,0,1,1,14,1420,99,2,13,1,1,3,68,7
3399,2021,1,28,4,1,1,1,4,403,99,2,23,3,3,5,68,7
3400,2021,1,29,5,20,4,3,10,1020,99,2,22,3,3,5,68,7
3401,2021,1,30,6,19,4,3,22,2213,99,2,17,2,2,4,68,7
3402,2021,1,30,6,19,4,3,5,502,99,2,35,6,6,8,68,7
3403,2021,1,30,6,16,3,2,13,1326,99,2,58,10,10,12,68,7
3404,2021,1,31,7,17,3,2,1,101,7,2,25,4,4,6,68,7
3405,2021,1,31,7,18,4,3,1,101,7,2,44,7,7,9,68,7
3406,2021,1,31,7,23,4,3,21,2107,99,2,35,6,6,8,68,7
3407,2021,1,31,7,0,1,1,12,1202,99,2,30,5,5,7,68,7
3408,2021,1,31,7,21,4,3,13,1302,99,2,56,10,10,12,68,7
3409,2021,1,31,7,11,2,1,16,1601,99,1,13,1,1,3,68,7
3410,2021,1,31,7,19,4,3,16,1613,99,2,24,3,3,5,68,7
3411,2021,1,31,7,14,3,2,18,1804,99,2,56,10,10,12,68,7
3412,2021,1,31,7,16,3,2,17,1712,99,2,27,4,4,6,68,7
3413,2021,1,31,7,16,3,2,3,310,99,2,33,5,5,7,68,7
3414,2021,2,2,2,21,4,3,13,1316,99,2,17,2,2,4,68,7
3415,2021,2,2,2,23,4,3,12,1205,99,2,27,4,4,6,68,7
3416,2021,2,3,3,9,2,1,1,116,99,2,34,5,5,7,68,7
3417,2021,2,4,4,22,4,3,1,101,18,2,42,7,7,9,68,7
3418,2021,2,4,4,11,2,1,20,2007,99,2,999,12,16,18,68,7
3419,2021,2,4,4,22,4,3,11,1102,99,2,71,11,13,15,68,7
3420,2021,2,4,4,23,4,3,12,1207,99,2,34,5,5,7,68,7
3421,2021,2,4,4,13,3,2,15,1508,99,2,56,10,10,12,68,7
3422,2021,2,4,4,23,4,3,17,1712,99,2,22,3,3,5,68,7
3423,2021,2,6,6,17,3,2,21,2103,99,2,39,6,6,8,68,7
3424,2021,2,6,6,16,3,2,6,614,99,1,999,12,16,18,68,7
3425,2021,2,7,7,16,3,2,12,1201,99,1,19,2,2,4,68,7
3426,2021,2,7,7,21,4,3,12,1202,99,2,53,9,9,11,68,7
3427,2021,2,7,7,4,1,1,13,1312,99,1,34,5,5,7,68,7
3428,2021,2,7,7,15,3,2,7,710,99,2,39,6,6,8,68,7
3429,2021,2,7,7,2,1,1,4,416,99,2,24,3,3,5,68,7
3430,2021,2,8,1,1,1,1,9,901,99,2,27,4,4,6,68,7
3431,2021,2,8,1,0,1,1,8,806,99,2,999,12,16,18,68,7
3432,2021,2,8,1,18,4,3,16,1613,99,2,25,4,4,6,68,7
3433,2021,2,8,1,13,3,2,14,1414,99,2,31,5,5,7,68,7
3434,2021,2,9,2,20,4,3,16,1601,99,2,999,12,16,18,68,7
3435,2021,2,10,3,12,3,2,20,2002,99,2,21,3,3,5,68,7
3436,2021,2,10,3,9,2,1,7,705,99,2,34,5,5,7,68,7
3437,2021,2,11,4,0,1,1,1,101,16,2,33,5,5,7,68,7
3438,2021,2,11,4,0,1,1,20,2001,99,1,76,11,14,16,68,7
3439,2021,2,11,4,20,4,3,5,511,99,2,24,3,3,5,68,7
3440,2021,2,11,4,21,4,3,16,1616,99,2,27,4,4,6,68,7
3441,2021,2,11,4,18,4,3,18,1803,99,2,56,10,10,12,68,7
3442,2021,2,13,6,22,4,3,1,117,99,2,16,2,2,4,68,7
3443,2021,2,13,6,4,1,1,1,108,99,2,33,5,5,7,68,7
3444,2021,2,13,6,20,4,3,1,108,99,2,15,2,2,4,68,7
3445,2021,2,13,6,16,3,2,16,1605,99,2,34,5,5,7,68,7
3446,2021,2,13,6,7,2,1,14,1410,99,2,36,6,6,8,68,7
3447,2021,2,13,6,18,4,3,7,701,99,2,63,11,11,13,68,7
3448,2021,2,14,7,15,3,2,1,107,99,2,41,7,7,9,68,7
3449,2021,2,14,7,16,3,2,16,1604,99,2,46,8,8,10,68,7
3450,2021,2,14,7,20,4,3,15,1502,99,1,14,1,1,3,68,7
3451,2021,2,14,7,9,2,1,17,1705,99,2,29,4,4,6,68,7
3452,2021,2,14,7,15,3,2,17,1711,99,2,82,11,15,17,68,7
3453,2021,2,14,7,4,1,1,7,705,99,2,23,3,3,5,68,7
3454,2021,2,14,7,22,4,3,5,501,99,2,23,3,3,5,68,7
3455,2021,2,14,7,10,2,1,17,1701,99,2,29,4,4,6,68,7
3456,2021,2,14,7,0,1,1,4,413,99,2,38,6,6,8,68,7
3457,2021,2,15,1,11,2,1,20,2004,99,2,18,2,2,4,68,7
3458,2021,2,15,1,20,4,3,12,1222,99,2,45,8,8,10,68,7
3459,2021,2,15,1,2,1,1,14,1420,99,2,999,12,16,18,68,7
3460,2021,2,18,4,4,1,1,1,102,99,2,32,5,5,7,68,7
3461,2021,2,18,4,22,4,3,9,910,99,2,34,5,5,7,68,7
3462,2021,2,18,4,22,4,3,9,910,99,1,1,1,1,1,68,7
3463,2021,2,18,4,21,4,3,3,305,99,2,42,7,7,9,68,7
3464,2021,2,19,5,14,3,2,21,2106,99,2,999,12,16,18,68,7
3465,2021,2,19,5,9,2,1,22,2201,99,1,999,12,16,18,68,7
3466,2021,2,20,6,13,3,2,16,1610,99,2,35,6,6,8,68,7
3467,2021,2,20,6,19,4,3,2,205,99,2,49,8,8,10,68,7
3468,2021,2,21,7,21,4,3,12,1201,99,2,21,3,3,5,68,7
3469,2021,2,21,7,21,4,3,12,1201,99,2,21,3,3,5,68,7
3470,2021,2,22,1,22,4,3,16,1603,99,1,30,5,5,7,68,7
3471,2021,2,22,1,11,2,1,2,201,99,2,83,11,15,17,68,7
3472,2021,2,22,1,16,3,2,4,403,99,2,999,12,16,18,68,7
3473,2021,2,23,2,15,3,2,15,1503,99,2,70,11,13,15,68,7
3474,2021,2,24,3,18,4,3,1,101,18,2,60,11,11,13,68,7
3475,2021,2,24,3,22,4,3,11,1102,99,2,54,9,9,11,68,7
3476,2021,2,24,3,13,3,2,13,1301,99,1,51,9,9,11,68,7
3477,2021,2,24,3,15,3,2,7,719,99,1,999,12,16,18,68,7
3478,2021,2,25,4,6,2,1,1,115,99,2,21,3,3,5,68,7
3479,2021,2,26,5,22,4,3,9,901,99,1,78,11,14,16,68,7
3480,2021,2,26,5,19,4,3,9,901,99,2,999,12,16,18,68,7
3481,2021,2,26,5,21,4,3,15,1507,99,2,24,3,3,5,68,7
3482,2021,2,27,6,20,4,3,10,1006,99,2,39,6,6,8,68,7
3483,2021,2,27,6,0,1,1,16,1612,99,2,32,5,5,7,68,7
3484,2021,2,27,6,22,4,3,16,1601,99,2,69,11,12,14,68,7
3485,2021,2,27,6,20,4,3,16,1616,99,1,67,11,12,14,68,7
3486,2021,2,27,6,14,3,2,16,1609,99,2,27,4,4,6,68,7
3487,2021,2,28,7,20,4,3,1,101,25,2,35,6,6,8,68,7
3488,2021,2,28,7,21,4,3,1,115,99,2,24,3,3,5,68,7
3489,2021,2,28,7,21,4,3,6,607,99,2,50,9,9,11,68,7
3490,2021,2,28,7,21,4,3,6,607,99,1,999,12,16,18,68,7
3491,2021,2,28,7,0,1,1,16,1613,99,2,22,3,3,5,68,7
3492,2021,2,28,7,23,4,3,16,1613,99,2,23,3,3,5,68,7
3493,2021,2,28,7,23,4,3,16,1609,99,2,29,4,4,6,68,7
3494,2021,2,28,7,12,3,2,16,1611,99,2,30,5,5,7,68,7
3495,2021,2,28,7,18,4,3,17,1703,99,2,16,2,2,4,68,7
3496,2021,1,1,5,1,1,1,19,1901,99,1,34,5,5,7,88,7
3497,2021,1,1,5,7,2,1,4,409,99,1,17,2,2,4,93,7
3498,2021,1,2,6,18,4,3,14,1414,99,1,64,11,11,13,87,7
3499,2021,1,3,7,9,2,1,22,2201,99,1,20,3,3,5,88,7
3500,2021,1,3,7,18,4,3,18,1801,99,1,38,6,6,8,88,7
3501,2021,1,4,1,12,3,2,1,116,99,1,42,7,7,9,88,7
3502,2021,1,4,1,1,1,1,8,801,99,2,23,3,3,5,88,7
3503,2021,1,5,2,9,2,1,1,101,1,1,35,6,6,8,88,7
3504,2021,1,5,2,22,4,3,19,1908,99,1,25,4,4,6,88,7
3505,2021,1,6,3,17,3,2,2,203,99,1,27,4,4,6,88,7
3506,2021,1,7,4,21,4,3,22,2201,99,2,32,5,5,7,88,7
3507,2021,1,10,7,22,4,3,19,1904,99,1,26,4,4,6,88,7
3508,2021,1,10,7,7,2,1,12,1204,99,2,16,2,2,4,88,7
3509,2021,1,13,3,19,4,3,1,101,12,1,25,4,4,6,86,7
3510,2021,1,16,6,11,2,1,5,509,99,1,38,6,6,8,88,7
3511,2021,1,16,6,6,2,1,18,1802,99,1,23,3,3,5,88,7
3512,2021,1,16,6,9,2,1,14,1401,99,1,57,10,10,12,88,7
3513,2021,1,18,1,20,4,3,1,116,99,1,25,4,4,6,88,7
3514,2021,1,18,1,9,2,1,20,2011,99,2,15,2,2,4,88,7
3515,2021,1,18,1,19,4,3,10,1007,99,1,33,5,5,7,88,7
3516,2021,1,19,2,14,3,2,6,601,99,2,12,1,1,3,88,7
3517,2021,1,20,3,12,3,2,16,1603,99,1,18,2,2,4,88,7
3518,2021,1,20,3,8,2,1,2,208,99,2,24,3,3,5,89,7
3519,2021,1,21,4,4,1,1,5,501,99,2,58,10,10,12,88,7
3520,2021,1,22,5,19,4,3,1,115,99,1,50,9,9,11,88,7
3521,2021,1,24,7,13,3,2,2,208,99,2,17,2,2,4,89,7
3522,2021,1,25,1,1,1,1,1,115,99,1,32,5,5,7,87,7
3523,2021,1,25,1,21,4,3,4,416,99,1,37,6,6,8,88,7
3524,2021,1,26,2,17,3,2,4,406,99,2,14,1,1,3,116,7
3525,2021,1,26,2,15,3,2,1,101,9,1,25,4,4,6,120,7
3526,2021,1,27,3,15,3,2,1,101,11,1,26,4,4,6,110,7
3527,2021,1,27,3,11,2,1,18,1802,99,1,41,7,7,9,88,7
3528,2021,1,28,4,9,2,1,1,114,99,1,51,9,9,11,88,7
3529,2021,1,28,4,20,4,3,9,920,99,1,18,2,2,4,88,7
3530,2021,1,29,5,17,3,2,4,401,99,1,26,4,4,6,88,7
3531,2021,1,30,6,16,3,2,4,403,99,1,33,5,5,7,88,7
3532,2021,1,31,7,8,2,1,1,101,11,1,60,11,11,13,92,7
3533,2021,2,1,1,4,1,1,1,101,18,1,43,7,7,9,87,7
3534,2021,2,2,2,18,4,3,1,115,99,2,21,3,3,5,89,7
3535,2021,2,2,2,23,4,3,4,406,99,1,20,3,3,5,88,7
3536,2021,2,3,3,20,4,3,12,1202,99,1,68,11,12,14,89,7
3537,2021,2,5,5,23,4,3,3,311,99,2,18,2,2,4,88,7
3538,2021,2,6,6,22,4,3,1,103,99,1,13,1,1,3,88,7
3539,2021,2,6,6,20,4,3,8,801,99,2,16,2,2,4,88,7
3540,2021,2,7,7,18,4,3,4,413,99,1,53,9,9,11,88,7
3541,2021,2,8,1,11,2,1,2,203,99,2,20,3,3,5,88,7
3542,2021,2,9,2,20,4,3,5,504,99,1,27,4,4,6,88,7
3543,2021,2,10,3,0,1,1,1,111,99,1,25,4,4,6,91,7
3544,2021,2,10,3,21,4,3,18,1801,99,1,33,5,5,7,88,7
3545,2021,2,12,5,23,4,3,6,610,99,1,57,10,10,12,93,7
3546,2021,2,12,5,20,4,3,16,1603,99,1,27,4,4,6,88,7
3547,2021,2,13,6,23,4,3,1,101,16,1,41,7,7,9,88,7
3548,2021,2,13,6,0,1,1,15,1504,99,2,14,1,1,3,88,7
3549,2021,2,13,6,1,1,1,1,103,99,1,25,4,4,6,86,7
3550,2021,2,15,1,20,4,3,5,512,99,1,27,4,4,6,86,7
3551,2021,2,15,1,10,2,1,2,208,99,2,15,2,2,4,89,7
3552,2021,2,16,2,3,1,1,22,2211,99,1,23,3,3,5,88,7
3553,2021,2,16,2,10,2,1,5,501,99,1,999,12,16,18,88,7
3554,2021,2,17,3,8,2,1,1,107,99,1,21,3,3,5,88,7
3555,2021,2,17,3,9,2,1,1,110,99,1,55,10,10,12,86,7
3556,2021,2,17,3,9,2,1,7,708,99,2,24,3,3,5,88,7
3557,2021,2,18,4,14,3,2,1,117,99,1,49,8,8,10,116,7
3558,2021,2,18,4,4,1,1,20,2004,99,1,21,3,3,5,87,7
3559,2021,2,21,7,9,2,1,22,2203,99,1,52,9,9,11,87,7
3560,2021,2,21,7,17,3,2,4,411,99,1,22,3,3,5,106,7
3561,2021,2,22,1,22,4,3,1,115,99,1,59,10,10,12,88,7
3562,2021,2,22,1,22,4,3,11,1109,99,1,27,4,4,6,88,7
3563,2021,2,22,1,21,4,3,14,1401,99,1,60,11,11,13,88,7
3564,2021,2,22,1,19,4,3,4,407,99,1,46,8,8,10,89,7
3565,2021,2,24,3,2,1,1,11,1104,99,1,19,2,2,4,88,7
3566,2021,2,24,3,12,3,2,3,306,99,1,14,1,1,3,88,7
3567,2021,2,25,4,15,3,2,1,101,18,1,65,11,12,14,88,7
3568,2021,2,25,4,19,4,3,18,1801,99,2,19,2,2,4,87,7
3569,2021,2,26,5,8,2,1,1,101,18,1,23,3,3,5,88,7
3570,2021,2,27,6,10,2,1,1,101,6,1,73,11,13,15,89,7
3571,2021,2,27,6,6,2,1,1,108,99,1,43,7,7,9,108,7
3572,2021,2,27,6,17,3,2,21,2106,99,2,15,2,2,4,108,7
3573,2021,2,27,6,12,3,2,17,1710,99,1,36,6,6,8,108,7
3574,2021,2,28,7,23,4,3,1,117,99,2,20,3,3,5,89,7
3575,2021,2,28,7,12,3,2,1,101,19,1,32,5,5,7,88,7
3576,2021,2,28,7,11,2,1,1,108,99,1,27,4,4,6,86,7
3577,2021,2,28,7,14,3,2,22,2208,99,1,56,10,10,12,88,7
3578,2021,2,28,7,22,4,3,5,506,99,1,25,4,4,6,88,7
3579,2021,2,28,7,8,2,1,4,416,99,1,52,9,9,11,88,7
3580,2021,1,4,1,10,2,1,12,1201,99,1,41,7,7,9,104,6
3581,2021,1,4,1,13,3,2,12,1219,99,1,31,5,5,7,104,6
3582,2021,1,4,1,11,2,1,3,310,99,1,999,12,16,18,97,6
3583,2021,1,4,1,14,3,2,3,304,99,1,41,7,7,9,74,6
3584,2021,1,4,1,12,3,2,3,301,99,2,47,8,8,10,74,6
3585,2021,1,4,1,19,4,3,3,313,99,2,54,9,9,11,97,6
3586,2021,1,6,3,12,3,2,17,1714,99,1,54,9,9,11,104,6
3587,2021,1,5,2,11,2,1,3,314,99,1,41,7,7,9,74,6
3588,2021,1,5,2,19,4,3,3,315,99,1,34,5,5,7,74,6
3589,2021,1,6,3,3,1,1,3,303,99,1,31,5,5,7,104,6
3590,2021,1,7,4,14,3,2,3,308,99,2,28,4,4,6,104,6
3591,2021,1,7,4,15,3,2,3,301,99,1,44,7,7,9,104,6
3592,2021,1,7,4,17,3,2,3,308,99,2,46,8,8,10,104,6
3593,2021,1,9,6,20,4,3,3,301,99,2,35,6,6,8,97,6
3594,2021,1,10,7,12,3,2,3,302,99,1,26,4,4,6,74,6
3595,2021,1,10,7,12,3,2,3,312,99,2,32,5,5,7,97,6
3596,2021,1,10,7,15,3,2,3,303,99,2,27,4,4,6,74,6
3597,2021,1,10,7,16,3,2,3,311,99,1,42,7,7,9,74,6
3598,2021,1,10,7,18,4,3,3,301,99,2,30,5,5,7,74,6
3599,2021,1,11,1,13,3,2,3,304,99,1,50,9,9,11,74,6
3600,2021,1,11,1,20,4,3,3,308,99,1,60,11,11,13,97,6
3601,2021,1,5,2,15,3,2,12,1226,99,1,26,4,4,6,104,6
3602,2021,1,5,2,18,4,3,12,1202,99,1,18,2,2,4,104,6
3603,2021,1,6,3,10,2,1,12,1204,99,2,999,12,16,18,104,6
3604,2021,1,6,3,14,3,2,12,1205,99,2,34,5,5,7,97,6
3605,2021,1,8,5,10,2,1,12,1201,99,1,21,3,3,5,74,6
3606,2021,1,11,1,12,3,2,12,1202,99,1,61,11,11,13,97,6
3607,2021,1,11,1,99,5,4,12,1202,99,2,59,10,10,12,74,6
3608,2021,1,5,2,16,3,2,7,718,99,2,56,10,10,12,97,6
3609,2021,1,6,3,17,3,2,7,710,99,1,41,7,7,9,97,6
3610,2021,1,6,3,18,4,3,7,717,99,1,18,2,2,4,104,6
3611,2021,1,6,3,14,3,2,7,701,99,1,31,5,5,7,97,6
3612,2021,1,7,4,10,2,1,7,701,99,2,17,2,2,4,104,6
3613,2021,1,7,4,16,3,2,7,718,99,2,27,4,4,6,104,6
3614,2021,1,8,5,14,3,2,7,717,99,1,24,3,3,5,104,6
3615,2021,1,6,3,16,3,2,8,801,99,2,22,3,3,5,104,6
3616,2021,1,7,4,16,3,2,8,801,99,1,29,4,4,6,97,6
3617,2021,1,10,7,11,2,1,8,801,99,1,27,4,4,6,104,6
3618,2021,1,5,2,19,4,3,2,207,99,1,23,3,3,5,74,6
3619,2021,1,11,1,13,3,2,19,1901,99,2,48,8,8,10,74,6
3620,2021,1,11,1,99,5,4,19,1907,99,1,65,11,12,14,74,6
3621,2021,1,11,1,11,2,1,19,1901,99,1,33,5,5,7,74,6
3622,2021,1,3,7,99,5,4,1,108,99,9,999,12,16,18,74,6
3623,2021,1,4,1,99,5,4,1,108,99,1,26,4,4,6,74,6
3624,2021,1,6,3,99,5,4,1,108,99,1,26,4,4,6,104,6
3625,2021,1,8,5,99,5,4,1,108,99,2,999,12,16,18,104,6
3626,2021,1,8,5,99,5,4,1,108,99,1,54,9,9,11,104,6
3627,2021,1,7,4,15,3,2,20,2010,99,1,43,7,7,9,74,6
3628,2021,1,12,2,9,2,1,20,2011,99,1,57,10,10,12,95,6
3629,2021,1,11,1,9,2,1,20,2006,99,2,22,3,3,5,74,6
3630,2021,1,17,7,13,3,2,20,2007,99,1,54,9,9,11,97,6
3631,2021,1,13,3,16,3,2,20,2001,99,1,36,6,6,8,74,6
3632,2021,1,20,3,19,4,3,20,2001,99,1,31,5,5,7,74,6
3633,2021,1,12,2,12,3,2,3,302,99,1,30,5,5,7,74,6
3634,2021,1,12,2,13,3,2,3,304,99,2,38,6,6,8,74,6
3635,2021,1,13,3,9,2,1,3,303,99,2,33,5,5,7,74,6
3636,2021,1,13,3,10,2,1,3,312,99,1,65,11,12,14,74,6
3637,2021,1,15,5,10,2,1,3,312,99,1,28,4,4,6,97,6
3638,2021,1,15,5,15,3,2,3,312,99,1,24,3,3,5,74,6
3639,2021,1,16,6,12,3,2,3,301,99,2,33,5,5,7,74,6
3640,2021,1,16,6,8,2,1,3,301,99,2,44,7,7,9,74,6
3641,2021,1,18,1,11,2,1,3,312,99,1,39,6,6,8,74,6
3642,2021,1,18,1,99,5,4,3,309,99,1,73,11,13,15,74,6
3643,2021,1,18,1,12,3,2,3,302,99,1,999,12,16,18,74,6
3644,2021,1,20,3,13,3,2,3,301,99,1,35,6,6,8,74,6
3645,2021,1,21,4,10,2,1,3,306,99,1,30,5,5,7,74,6
3646,2021,1,21,4,20,4,3,3,313,99,1,28,4,4,6,74,6
3647,2021,1,22,5,11,2,1,3,301,99,1,24,3,3,5,74,6
3648,2021,1,22,5,13,3,2,3,309,99,1,28,4,4,6,74,6
3649,2021,1,22,5,14,3,2,3,302,99,1,51,9,9,11,74,6
3650,2021,1,22,5,17,3,2,3,312,99,1,32,5,5,7,74,6
3651,2021,1,22,5,20,4,3,3,309,99,2,30,5,5,7,74,6
3652,2021,1,23,6,18,4,3,3,308,99,1,24,3,3,5,74,6
3653,2021,1,23,6,16,3,2,3,311,99,1,31,5,5,7,74,6
3654,2021,1,24,7,9,2,1,3,306,99,1,34,5,5,7,74,6
3655,2021,1,24,7,22,4,3,3,303,99,1,42,7,7,9,74,6
3656,2021,1,24,7,23,4,3,3,316,99,1,79,11,14,16,74,6
3657,2021,1,25,1,10,2,1,3,308,99,2,28,4,4,6,74,6
3658,2021,1,26,2,10,2,1,3,302,99,1,24,3,3,5,74,6
3659,2021,1,27,3,10,2,1,3,303,99,2,46,8,8,10,74,6
3660,2021,1,30,6,16,3,2,3,301,99,1,20,3,3,5,74,6
3661,2021,1,31,7,20,4,3,3,309,99,1,29,4,4,6,74,6
3662,2021,1,31,7,21,4,3,3,307,99,2,23,3,3,5,74,6
3663,2021,1,12,2,17,3,2,12,1201,99,2,38,6,6,8,104,6
3664,2021,1,13,3,10,2,1,12,1202,99,1,40,7,7,9,97,6
3665,2021,1,16,6,7,2,1,12,1201,99,1,22,3,3,5,104,6
3666,2021,1,19,2,10,2,1,12,1219,99,2,19,2,2,4,104,6
3667,2021,1,19,2,10,2,1,12,1226,99,1,43,7,7,9,104,6
3668,2021,1,20,3,11,2,1,12,1225,99,2,42,7,7,9,104,6
3669,2021,1,21,4,12,3,2,12,1211,99,2,27,4,4,6,104,6
3670,2021,1,22,5,9,2,1,12,1219,99,1,999,12,16,18,104,6
3671,2021,1,22,5,15,3,2,12,1219,99,2,45,8,8,10,104,6
3672,2021,1,23,6,17,3,2,12,1219,99,2,24,3,3,5,74,6
3673,2021,1,25,1,22,4,3,12,1215,99,2,40,7,7,9,74,6
3674,2021,1,25,1,12,3,2,12,1210,99,2,999,12,16,18,104,6
3675,2021,1,25,1,9,2,1,12,1203,99,2,30,5,5,7,74,6
3676,2021,1,26,2,13,3,2,12,1215,99,2,23,3,3,5,74,6
3677,2021,1,26,2,21,4,3,12,1202,99,2,32,5,5,7,104,6
3678,2021,1,29,5,18,4,3,12,1219,99,2,41,7,7,9,104,6
3679,2021,1,30,6,17,3,2,12,1213,99,1,24,3,3,5,97,6
3680,2021,1,31,7,15,3,2,12,1219,99,2,17,2,2,4,74,6
3681,2021,1,15,5,16,3,2,7,719,99,2,36,6,6,8,97,6
3682,2021,1,17,7,11,2,1,7,709,99,1,34,5,5,7,104,6
3683,2021,1,19,2,13,3,2,7,701,99,1,24,3,3,5,104,6
3684,2021,1,21,4,10,2,1,7,701,99,2,53,9,9,11,104,6
3685,2021,1,23,6,16,3,2,7,717,99,2,27,4,4,6,97,6
3686,2021,1,25,1,10,2,1,7,717,99,2,33,5,5,7,104,6
3687,2021,1,27,3,13,3,2,7,719,99,2,44,7,7,9,104,6
3688,2021,1,29,5,9,2,1,7,718,99,2,22,3,3,5,97,6
3689,2021,1,14,4,8,2,1,8,801,99,1,33,5,5,7,104,6
3690,2021,1,14,4,8,2,1,8,801,99,1,29,4,4,6,104,6
3691,2021,1,14,4,16,3,2,8,801,99,2,21,3,3,5,104,6
3692,2021,1,16,6,12,3,2,8,801,99,2,27,4,4,6,104,6
3693,2021,1,18,1,12,3,2,8,801,99,2,30,5,5,7,97,6
3694,2021,1,21,4,19,4,3,8,801,99,2,54,9,9,11,104,6
3695,2021,1,26,2,12,3,2,8,801,99,1,19,2,2,4,97,6
3696,2021,1,27,3,11,2,1,8,801,99,1,29,4,4,6,104,6
3697,2021,1,29,5,17,3,2,8,801,99,1,22,3,3,5,104,6
3698,2021,1,14,4,18,4,3,19,1904,99,1,37,6,6,8,74,6
3699,2021,1,14,4,17,3,2,19,1901,99,2,37,6,6,8,97,6
3700,2021,1,19,2,15,3,2,19,1905,99,2,45,8,8,10,97,6
3701,2021,1,20,3,14,3,2,19,1901,99,1,46,8,8,10,104,6
3702,2021,1,23,6,15,3,2,19,1904,99,2,34,5,5,7,104,6
3703,2021,1,23,6,14,3,2,19,1904,99,2,32,5,5,7,104,6
3704,2021,1,26,2,13,3,2,19,1901,99,1,21,3,3,5,74,6
3705,2021,1,28,4,99,5,4,19,1910,99,1,999,12,16,18,74,6
3706,2021,1,28,4,99,5,4,19,1910,99,2,999,12,16,18,74,6
3707,2021,1,29,5,12,3,2,19,1901,99,1,34,5,5,7,74,6
3708,2021,1,29,5,9,2,1,19,1901,99,2,25,4,4,6,74,6
3709,2021,1,11,1,12,3,2,1,106,99,2,31,5,5,7,104,6
3710,2021,1,13,3,13,3,2,1,108,99,2,32,5,5,7,97,6
3711,2021,1,16,6,15,3,2,1,108,99,1,35,6,6,8,104,6
3712,2021,1,20,3,14,3,2,1,108,99,1,31,5,5,7,104,6
3713,2021,1,23,6,16,3,2,1,108,99,1,999,12,16,18,97,6
3714,2021,1,23,6,12,3,2,1,108,99,1,26,4,4,6,104,6
3715,2021,1,1,5,13,3,2,12,1220,99,2,29,4,4,6,104,6
3716,2021,1,5,2,12,3,2,9,920,99,1,27,4,4,6,104,6
3717,2021,1,7,4,9,2,1,9,917,99,1,35,6,6,8,104,6
3718,2021,1,9,6,11,2,1,9,920,99,2,25,4,4,6,104,6
3719,2021,1,10,7,10,2,1,9,920,99,2,27,4,4,6,104,6
3720,2021,1,11,1,11,2,1,12,1221,99,2,26,4,4,6,104,6
3721,2021,1,12,2,12,3,2,9,922,99,1,48,8,8,10,104,6
3722,2021,1,12,2,11,2,1,9,920,99,1,28,4,4,6,104,6
3723,2021,1,12,2,11,2,1,9,920,99,2,57,10,10,12,104,6
3724,2021,1,12,2,16,3,2,9,920,99,2,33,5,5,7,97,6
3725,2021,1,15,5,10,2,1,9,920,99,2,21,3,3,5,97,6
3726,2021,1,15,5,13,3,2,9,917,99,1,38,6,6,8,104,6
3727,2021,1,16,6,9,2,1,9,920,99,2,38,6,6,8,104,6
3728,2021,1,16,6,8,2,1,9,920,99,1,29,4,4,6,104,6
3729,2021,1,18,1,10,2,1,12,1220,99,2,15,2,2,4,104,6
3730,2021,1,18,1,13,3,2,9,920,99,2,45,8,8,10,104,6
3731,2021,1,18,1,16,3,2,9,920,99,1,20,3,3,5,104,6
3732,2021,1,19,2,15,3,2,9,920,99,1,52,9,9,11,104,6
3733,2021,1,19,2,14,3,2,12,1221,99,2,39,6,6,8,104,6
3734,2021,1,20,3,10,2,1,9,920,99,1,30,5,5,7,104,6
3735,2021,1,20,3,11,2,1,9,922,99,1,45,8,8,10,104,6
3736,2021,1,20,3,12,3,2,9,920,99,1,27,4,4,6,104,6
3737,2021,1,20,3,12,3,2,9,917,99,1,39,6,6,8,104,6
3738,2021,1,22,5,12,3,2,9,920,99,1,55,10,10,12,104,6
3739,2021,1,22,5,21,4,3,9,922,99,2,35,6,6,8,104,6
3740,2021,1,22,5,15,3,2,9,920,99,1,81,11,15,17,97,6
3741,2021,1,22,5,10,2,1,12,1230,99,1,40,7,7,9,104,6
3742,2021,1,22,5,16,3,2,9,922,99,2,30,5,5,7,104,6
3743,2021,1,25,1,20,4,3,12,1217,99,2,40,7,7,9,104,6
3744,2021,1,26,2,14,3,2,12,1221,99,2,41,7,7,9,104,6
3745,2021,1,26,2,14,3,2,9,920,99,2,34,5,5,7,104,6
3746,2021,1,27,3,9,2,1,12,1221,99,1,20,3,3,5,104,6
3747,2021,1,27,3,14,3,2,12,1213,99,2,25,4,4,6,104,6
3748,2021,1,28,4,11,2,1,9,917,99,2,47,8,8,10,104,6
3749,2021,1,29,5,11,2,1,9,920,99,1,26,4,4,6,104,6
3750,2021,1,29,5,15,3,2,9,920,99,2,27,4,4,6,97,6
3751,2021,1,29,5,14,3,2,9,917,99,1,54,9,9,11,104,6
3752,2021,1,30,6,10,2,1,12,1220,99,1,43,7,7,9,104,6
3753,2021,1,30,6,14,3,2,9,920,99,2,42,7,7,9,104,6
3754,2021,1,30,6,17,3,2,12,1222,99,2,48,8,8,10,104,6
3755,2021,1,2,6,10,2,1,1,115,99,2,24,3,3,5,104,6
3756,2021,1,10,7,10,2,1,1,115,99,2,37,6,6,8,104,6
3757,2021,1,6,3,99,5,4,1,116,99,1,40,7,7,9,104,6
3758,2021,1,8,5,99,5,4,1,116,99,1,25,4,4,6,104,6
3759,2021,1,8,5,99,5,4,1,115,99,9,999,12,16,18,104,6
3760,2021,1,9,6,21,4,3,1,114,99,2,36,6,6,8,104,6
3761,2021,1,9,6,20,4,3,1,114,99,2,28,4,4,6,104,6
3762,2021,1,15,5,11,2,1,1,115,99,1,34,5,5,7,104,6
3763,2021,1,11,1,20,4,3,1,117,99,2,40,7,7,9,104,6
3764,2021,1,8,5,14,3,2,1,114,99,2,999,12,16,18,104,6
3765,2021,1,11,1,13,3,2,1,114,99,2,43,7,7,9,104,6
3766,2021,1,8,5,9,2,1,1,114,99,2,39,6,6,8,104,6
3767,2021,1,10,7,13,3,2,1,117,99,1,28,4,4,6,104,6
3768,2021,1,3,7,7,2,1,1,117,99,1,51,9,9,11,104,6
3769,2021,1,5,2,10,2,1,1,116,99,1,20,3,3,5,104,6
3770,2021,1,29,5,13,3,2,1,115,99,1,26,4,4,6,104,6
3771,2021,1,14,4,12,3,2,1,114,99,2,44,7,7,9,104,6
3772,2021,1,14,4,14,3,2,1,117,99,1,53,9,9,11,104,6
3773,2021,1,15,5,99,5,4,1,115,99,2,42,7,7,9,104,6
3774,2021,1,16,6,21,4,3,1,115,99,1,32,5,5,7,104,6
3775,2021,1,19,2,14,3,2,1,117,99,2,33,5,5,7,104,6
3776,2021,1,21,4,9,2,1,1,117,99,1,999,12,16,18,104,6
3777,2021,1,22,5,13,3,2,1,114,99,1,36,6,6,8,104,6
3778,2021,1,24,7,11,2,1,1,114,99,1,52,9,9,11,104,6
3779,2021,1,25,1,12,3,2,1,114,99,1,35,6,6,8,104,6
3780,2021,1,25,1,17,3,2,1,114,99,1,45,8,8,10,104,6
3781,2021,1,26,2,10,2,1,1,117,99,9,999,12,16,18,97,6
3782,2021,1,27,3,13,3,2,1,114,99,9,999,12,16,18,104,6
3783,2021,1,29,5,16,3,2,1,114,99,9,999,12,16,18,104,6
3784,2021,1,29,5,19,4,3,1,115,99,9,999,12,16,18,104,6
3785,2021,1,2,6,12,3,2,13,1305,99,1,32,5,5,7,104,6
3786,2021,1,4,1,10,2,1,13,1301,99,1,49,8,8,10,74,6
3787,2021,1,7,4,16,3,2,13,1301,99,1,36,6,6,8,104,6
3788,2021,1,12,2,12,3,2,13,1301,99,1,24,3,3,5,104,6
3789,2021,1,14,4,10,2,1,13,1327,99,1,49,8,8,10,104,6
3790,2021,1,14,4,10,2,1,13,1319,99,1,999,12,16,18,95,6
3791,2021,1,14,4,14,3,2,13,1301,99,1,27,4,4,6,74,6
3792,2021,1,18,1,13,3,2,13,1301,99,1,999,12,16,18,74,6
3793,2021,1,19,2,22,4,3,13,1323,99,2,31,5,5,7,74,6
3794,2021,1,21,4,11,2,1,13,1312,99,1,42,7,7,9,104,6
3795,2021,1,22,5,11,2,1,13,1306,99,1,41,7,7,9,104,6
3796,2021,1,25,1,9,2,1,13,1304,99,1,24,3,3,5,104,6
3797,2021,1,26,2,10,2,1,13,1301,99,1,45,8,8,10,104,6
3798,2021,1,26,2,14,3,2,13,1301,99,1,27,4,4,6,104,6
3799,2021,1,28,4,7,2,1,13,1316,99,2,25,4,4,6,74,6
3800,2021,1,29,5,12,3,2,13,1302,99,2,29,4,4,6,74,6
3801,2021,1,8,5,12,3,2,14,1404,99,1,19,2,2,4,74,6
3802,2021,1,10,7,11,2,1,14,1416,99,1,24,3,3,5,74,6
3803,2021,1,11,1,13,3,2,14,1418,99,1,44,7,7,9,74,6
3804,2021,1,12,2,14,3,2,14,1411,99,1,47,8,8,10,74,6
3805,2021,1,13,3,9,2,1,14,1416,99,2,25,4,4,6,74,6
3806,2021,1,15,5,9,2,1,14,1415,99,1,25,4,4,6,97,6
3807,2021,1,17,7,13,3,2,14,1410,99,1,23,3,3,5,74,6
3808,2021,1,17,7,15,3,2,14,1409,99,1,22,3,3,5,97,6
3809,2021,1,22,5,11,2,1,14,1418,99,1,55,10,10,12,74,6
3810,2021,1,22,5,13,3,2,14,1418,99,2,25,4,4,6,74,6
3811,2021,1,22,5,12,3,2,14,1410,99,2,58,10,10,12,74,6
3812,2021,1,22,5,99,5,4,14,1406,99,2,999,12,16,18,74,6
3813,2021,1,26,2,12,3,2,14,1404,99,1,43,7,7,9,74,6
3814,2021,1,26,2,16,3,2,14,1401,99,2,39,6,6,8,74,6
3815,2021,1,26,2,17,3,2,14,1401,99,1,33,5,5,7,97,6
3816,2021,1,30,6,17,3,2,14,1404,99,2,38,6,6,8,74,6
3817,2021,1,2,6,16,3,2,1,101,18,2,22,3,3,5,104,6
3818,2021,1,2,6,16,3,2,1,103,99,2,38,6,6,8,97,6
3819,2021,1,3,7,7,2,1,1,101,6,2,999,12,16,18,97,6
3820,2021,1,3,7,14,3,2,1,101,2,1,999,12,16,18,104,6
3821,2021,1,3,7,17,3,2,1,103,99,1,31,5,5,7,104,6
3822,2021,1,3,7,22,4,3,1,101,14,1,30,5,5,7,95,6
3823,2021,1,3,7,9,2,1,1,103,99,1,36,6,6,8,97,6
3824,2021,1,4,1,9,2,1,1,102,99,1,40,7,7,9,104,6
3825,2021,1,4,1,12,3,2,1,102,99,1,32,5,5,7,104,6
3826,2021,1,4,1,12,3,2,1,101,5,1,999,12,16,18,99,6
3827,2021,1,4,1,12,3,2,1,101,21,1,44,7,7,9,104,6
3828,2021,1,4,1,13,3,2,1,105,99,1,60,11,11,13,104,6
3829,2021,1,4,1,15,3,2,1,101,1,1,41,7,7,9,104,6
3830,2021,1,4,1,18,4,3,1,101,7,1,999,12,16,18,97,6
3831,2021,1,4,1,18,4,3,1,101,16,1,999,12,16,18,104,6
3832,2021,1,4,1,19,4,3,1,101,7,1,999,12,16,18,97,6
3833,2021,1,4,1,19,4,3,1,101,19,2,999,12,16,18,104,6
3834,2021,1,4,1,19,4,3,1,101,3,2,36,6,6,8,104,6
3835,2021,1,4,1,21,4,3,1,101,5,1,37,6,6,8,104,6
3836,2021,1,4,1,22,4,3,1,101,24,1,999,12,16,18,94,6
3837,2021,1,4,1,22,4,3,1,107,99,1,999,12,16,18,104,6
3838,2021,1,4,1,23,4,3,1,101,18,2,999,12,16,18,97,6
3839,2021,1,4,1,23,4,3,1,101,10,2,999,12,16,18,104,6
3840,2021,1,5,2,10,2,1,1,105,99,1,60,11,11,13,95,6
3841,2021,1,5,2,16,3,2,1,101,3,2,24,3,3,5,97,6
3842,2021,1,5,2,15,3,2,1,101,12,2,53,9,9,11,97,6
3843,2021,1,5,2,15,3,2,1,105,99,2,33,5,5,7,104,6
3844,2021,1,5,2,16,3,2,1,103,99,2,30,5,5,7,104,6
3845,2021,1,5,2,16,3,2,1,101,18,2,30,5,5,7,104,6
3846,2021,1,5,2,16,3,2,1,102,99,1,27,4,4,6,104,6
3847,2021,1,5,2,19,4,3,1,101,18,2,33,5,5,7,104,6
3848,2021,1,5,2,19,4,3,1,104,99,1,42,7,7,9,104,6
3849,2021,1,5,2,20,4,3,1,101,5,1,53,9,9,11,104,6
3850,2021,1,5,2,22,4,3,1,101,18,1,44,7,7,9,104,6
3851,2021,1,5,2,22,4,3,1,107,99,2,39,6,6,8,104,6
3852,2021,1,5,2,22,4,3,1,101,99,1,37,6,6,8,104,6
3853,2021,1,5,2,22,4,3,1,101,2,1,25,4,4,6,97,6
3854,2021,1,5,2,22,4,3,1,101,8,1,45,8,8,10,97,6
3855,2021,1,5,2,22,4,3,1,101,21,1,38,6,6,8,104,6
3856,2021,1,5,2,22,4,3,18,1801,99,1,42,7,7,9,104,6
3857,2021,1,5,2,22,4,3,1,105,99,2,29,4,4,6,104,6
3858,2021,1,6,3,10,2,1,1,102,99,2,21,3,3,5,104,6
3859,2021,1,6,3,9,2,1,1,107,99,1,41,7,7,9,104,6
3860,2021,1,6,3,12,3,2,1,101,99,1,43,7,7,9,104,6
3861,2021,1,6,3,12,3,2,1,113,99,1,57,10,10,12,104,6
3862,2021,1,6,3,17,3,2,1,101,1,2,45,8,8,10,97,6
3863,2021,1,6,3,17,3,2,1,101,12,1,36,6,6,8,104,6
3864,2021,1,6,3,17,3,2,1,107,99,1,18,2,2,4,104,6
3865,2021,1,6,3,17,3,2,1,101,3,1,34,5,5,7,104,6
3866,2021,1,6,3,17,3,2,1,101,11,2,999,12,16,18,104,6
3867,2021,1,6,3,19,4,3,1,101,5,1,40,7,7,9,104,6
3868,2021,1,6,3,19,4,3,1,101,18,2,29,4,4,6,104,6
3869,2021,1,6,3,19,4,3,1,106,99,1,999,12,16,18,97,6
3870,2021,1,6,3,19,4,3,1,101,1,2,31,5,5,7,97,6
3871,2021,1,6,3,21,4,3,1,101,4,1,58,10,10,12,104,6
3872,2021,1,6,3,21,4,3,1,101,12,1,38,6,6,8,104,6
3873,2021,1,6,3,22,4,3,1,101,9,2,35,6,6,8,104,6
3874,2021,1,6,3,22,4,3,1,101,16,2,32,5,5,7,104,6
3875,2021,1,7,4,10,2,1,1,101,21,2,41,7,7,9,104,6
3876,2021,1,7,4,10,2,1,1,102,99,1,29,4,4,6,104,6
3877,2021,1,7,4,12,3,2,1,102,99,1,26,4,4,6,97,6
3878,2021,1,7,4,13,3,2,1,102,99,1,44,7,7,9,104,6
3879,2021,1,7,4,13,3,2,1,103,99,1,48,8,8,10,97,6
3880,2021,1,7,4,14,3,2,1,106,99,2,39,6,6,8,104,6
3881,2021,1,7,4,16,3,2,1,101,18,2,20,3,3,5,97,6
3882,2021,1,7,4,17,3,2,1,101,12,2,64,11,11,13,97,6
3883,2021,1,7,4,17,3,2,1,101,1,1,33,5,5,7,97,6
3884,2021,1,7,4,17,3,2,1,101,7,1,23,3,3,5,104,6
3885,2021,1,7,4,19,4,3,1,115,99,2,40,7,7,9,97,6
3886,2021,1,7,4,19,4,3,1,101,5,1,56,10,10,12,97,6
3887,2021,1,7,4,19,4,3,1,101,11,1,61,11,11,13,97,6
3888,2021,1,7,4,19,4,3,1,101,2,1,35,6,6,8,97,6
3889,2021,1,7,4,20,4,3,1,102,99,2,29,4,4,6,97,6
3890,2021,1,7,4,21,4,3,1,102,99,1,39,6,6,8,97,6
3891,2021,1,7,4,21,4,3,1,102,99,1,29,4,4,6,97,6
3892,2021,1,7,4,21,4,3,1,101,19,1,51,9,9,11,104,6
3893,2021,1,8,5,10,2,1,1,106,99,1,49,8,8,10,97,6
3894,2021,1,8,5,12,3,2,1,101,11,1,999,12,16,18,95,6
3895,2021,1,8,5,17,3,2,1,101,3,1,39,6,6,8,97,6
3896,2021,1,8,5,17,3,2,1,101,5,1,32,5,5,7,97,6
3897,2021,1,8,5,18,4,3,1,101,9,1,46,8,8,10,97,6
3898,2021,1,8,5,7,2,1,1,101,24,1,22,3,3,5,104,6
3899,2021,1,8,5,18,4,3,1,101,16,1,30,5,5,7,104,6
3900,2021,1,8,5,18,4,3,1,101,18,1,48,8,8,10,97,6
3901,2021,1,8,5,20,4,3,1,101,17,1,30,5,5,7,104,6
3902,2021,1,8,5,20,4,3,1,101,18,1,56,10,10,12,104,6
3903,2021,1,8,5,21,4,3,1,102,99,1,49,8,8,10,99,6
3904,2021,1,8,5,23,4,3,1,101,1,2,37,6,6,8,104,6
3905,2021,1,8,5,23,4,3,1,103,99,1,32,5,5,7,104,6
3906,2021,1,9,6,14,3,2,1,103,99,2,37,6,6,8,104,6
3907,2021,1,9,6,15,3,2,1,101,1,1,55,10,10,12,104,6
3908,2021,1,9,6,17,3,2,1,106,99,1,30,5,5,7,104,6
3909,2021,1,9,6,18,4,3,1,103,99,1,36,6,6,8,97,6
3910,2021,1,9,6,18,4,3,1,101,18,1,48,8,8,10,95,6
3911,2021,1,9,6,21,4,3,1,101,21,1,25,4,4,6,104,6
3912,2021,1,9,6,21,4,3,1,101,7,2,49,8,8,10,97,6
3913,2021,1,9,6,21,4,3,1,101,6,1,35,6,6,8,97,6
3914,2021,1,9,6,11,2,1,1,101,1,1,30,5,5,7,99,6
3915,2021,1,10,7,9,2,1,1,102,99,1,38,6,6,8,104,6
3916,2021,1,10,7,13,3,2,1,105,99,1,22,3,3,5,97,6
3917,2021,1,10,7,18,4,3,1,101,99,1,50,9,9,11,97,6
3918,2021,1,10,7,18,4,3,1,101,1,1,40,7,7,9,104,6
3919,2021,1,10,7,19,4,3,1,102,99,2,28,4,4,6,97,6
3920,2021,1,10,7,19,4,3,1,101,18,2,25,4,4,6,97,6
3921,2021,1,11,1,11,2,1,1,113,99,1,29,4,4,6,104,6
3922,2021,1,11,1,11,2,1,1,101,1,2,35,6,6,8,97,6
3923,2021,1,11,1,12,3,2,1,101,99,1,30,5,5,7,104,6
3924,2021,1,11,1,15,3,2,1,101,18,1,32,5,5,7,97,6
3925,2021,1,11,1,15,3,2,1,117,99,2,38,6,6,8,97,6
3926,2021,1,11,1,15,3,2,1,101,11,1,32,5,5,7,97,6
3927,2021,1,11,1,15,3,2,1,101,1,1,33,5,5,7,97,6
3928,2021,1,11,1,15,3,2,1,101,7,1,42,7,7,9,104,6
3929,2021,1,11,1,21,4,3,1,101,16,1,30,5,5,7,104,6
3930,2021,1,11,1,23,4,3,1,108,99,2,40,7,7,9,97,6
3931,2021,1,11,1,23,4,3,1,101,6,1,23,3,3,5,99,6
3932,2021,1,11,1,23,4,3,1,101,16,1,44,7,7,9,97,6
3933,2021,1,11,1,23,4,3,1,103,99,1,43,7,7,9,97,6
3934,2021,1,11,1,23,4,3,1,101,12,1,36,6,6,8,95,6
3935,2021,1,11,1,23,4,3,1,101,99,2,38,6,6,8,104,6
3936,2021,1,11,1,23,4,3,1,101,99,1,21,3,3,5,97,6
3937,2021,1,11,1,23,4,3,1,101,6,2,43,7,7,9,104,6
3938,2021,1,11,1,23,4,3,1,101,1,1,27,4,4,6,97,6
3939,2021,1,11,1,23,4,3,1,117,99,1,40,7,7,9,104,6
3940,2021,1,11,1,23,4,3,1,102,99,1,45,8,8,10,99,6
3941,2021,1,12,2,10,2,1,1,113,99,1,24,3,3,5,104,6
3942,2021,1,12,2,12,3,2,1,103,99,1,52,9,9,11,96,6
3943,2021,1,12,2,15,3,2,1,101,13,1,30,5,5,7,97,6
3944,2021,1,12,2,15,3,2,1,101,18,2,39,6,6,8,97,6
3945,2021,1,12,2,16,3,2,1,102,99,1,39,6,6,8,97,6
3946,2021,1,12,2,17,3,2,1,102,99,2,32,5,5,7,97,6
3947,2021,1,12,2,17,3,2,1,101,99,1,49,8,8,10,104,6
3948,2021,1,12,2,18,4,3,1,101,5,1,48,8,8,10,104,6
3949,2021,1,12,2,19,4,3,1,102,99,1,27,4,4,6,97,6
3950,2021,1,12,2,19,4,3,1,101,5,2,36,6,6,8,104,6
3951,2021,1,12,2,99,5,4,1,101,16,1,48,8,8,10,97,6
3952,2021,1,12,2,19,4,3,1,101,18,1,27,4,4,6,104,6
3953,2021,1,12,2,19,4,3,1,101,1,2,48,8,8,10,97,6
3954,2021,1,12,2,19,4,3,1,101,18,1,52,9,9,11,97,6
3955,2021,1,12,2,20,4,3,1,101,18,1,45,8,8,10,97,6
3956,2021,1,12,2,22,4,3,1,102,99,1,22,3,3,5,104,6
3957,2021,1,13,3,11,2,1,1,103,99,1,40,7,7,9,97,6
3958,2021,1,13,3,11,2,1,4,412,99,1,49,8,8,10,104,6
3959,2021,1,13,3,17,3,2,1,101,12,2,25,4,4,6,97,6
3960,2021,1,13,3,17,3,2,1,101,12,1,66,11,12,14,104,6
3961,2021,1,13,3,19,4,3,1,101,1,1,34,5,5,7,104,6
3962,2021,1,13,3,21,4,3,1,103,99,1,29,4,4,6,96,6
3963,2021,1,14,4,21,4,3,1,109,99,1,999,12,16,18,95,6
3964,2021,1,14,4,10,2,1,1,103,99,1,29,4,4,6,104,6
3965,2021,1,14,4,11,2,1,1,101,19,2,29,4,4,6,96,6
3966,2021,1,14,4,14,3,2,1,101,7,2,37,6,6,8,97,6
3967,2021,1,14,4,16,3,2,1,101,11,1,27,4,4,6,104,6
3968,2021,1,14,4,20,4,3,1,101,18,1,50,9,9,11,104,6
3969,2021,1,14,4,20,4,3,1,101,1,1,55,10,10,12,97,6
3970,2021,1,14,4,20,4,3,1,101,18,1,39,6,6,8,104,6
3971,2021,1,14,4,20,4,3,1,102,99,1,41,7,7,9,104,6
3972,2021,1,14,4,20,4,3,2,201,99,1,31,5,5,7,94,6
3973,2021,1,14,4,20,4,3,1,106,99,2,33,5,5,7,96,6
3974,2021,1,14,4,21,4,3,1,101,7,1,48,8,8,10,97,6
3975,2021,1,15,5,8,2,1,1,101,1,1,44,7,7,9,101,6
3976,2021,1,15,5,10,2,1,1,101,14,1,29,4,4,6,97,6
3977,2021,1,15,5,16,3,2,1,102,99,1,25,4,4,6,104,6
3978,2021,1,15,5,18,4,3,1,105,99,1,33,5,5,7,97,6
3979,2021,1,15,5,21,4,3,1,101,9,1,41,7,7,9,97,6
3980,2021,1,15,5,21,4,3,1,113,99,2,33,5,5,7,97,6
3981,2021,1,15,5,21,4,3,1,103,99,1,24,3,3,5,97,6
3982,2021,1,15,5,21,4,3,1,101,18,2,38,6,6,8,104,6
3983,2021,1,15,5,21,4,3,1,101,21,1,21,3,3,5,104,6
3984,2021,1,15,5,21,4,3,1,101,18,1,25,4,4,6,97,6
3985,2021,1,15,5,21,4,3,1,101,2,2,51,9,9,11,96,6
3986,2021,1,15,5,21,4,3,1,103,99,1,23,3,3,5,97,6
3987,2021,1,15,5,21,4,3,1,101,1,1,40,7,7,9,97,6
3988,2021,1,15,5,21,4,3,1,101,25,1,32,5,5,7,104,6
3989,2021,1,16,6,10,2,1,1,101,18,1,46,8,8,10,97,6
3990,2021,1,16,6,11,2,1,1,117,99,1,20,3,3,5,97,6
3991,2021,1,16,6,11,2,1,1,102,99,1,34,5,5,7,95,6
3992,2021,1,16,6,12,3,2,1,101,24,2,46,8,8,10,104,6
3993,2021,1,16,6,13,3,2,1,101,13,1,33,5,5,7,104,6
3994,2021,1,16,6,14,3,2,1,113,99,1,22,3,3,5,97,6
3995,2021,1,16,6,14,3,2,1,107,99,1,24,3,3,5,104,6
3996,2021,1,16,6,15,3,2,1,102,99,2,40,7,7,9,104,6
3997,2021,1,16,6,22,4,3,1,101,5,1,24,3,3,5,96,6
3998,2021,1,16,6,23,4,3,1,101,17,2,32,5,5,7,96,6
3999,2021,1,16,6,23,4,3,1,101,3,2,46,8,8,10,96,6
4000,2021,1,17,7,12,3,2,1,101,99,1,41,7,7,9,104,6
4001,2021,1,17,7,14,3,2,1,101,18,1,27,4,4,6,104,6
4002,2021,1,17,7,14,3,2,1,101,11,1,31,5,5,7,97,6
4003,2021,1,17,7,14,3,2,1,101,6,1,28,4,4,6,104,6
4004,2021,1,17,7,16,3,2,1,101,5,1,999,12,16,18,104,6
4005,2021,1,17,7,17,3,2,1,101,5,1,52,9,9,11,96,6
4006,2021,1,17,7,21,4,3,1,101,18,1,31,5,5,7,97,6
4007,2021,1,17,7,21,4,3,1,101,17,2,999,12,16,18,96,6
4008,2021,1,18,1,11,2,1,1,101,99,1,61,11,11,13,104,6
4009,2021,1,18,1,11,2,1,1,101,21,1,35,6,6,8,96,6
4010,2021,1,18,1,15,3,2,1,101,9,1,53,9,9,11,97,6
4011,2021,1,18,1,16,3,2,1,101,10,1,46,8,8,10,97,6
4012,2021,1,18,1,18,4,3,1,101,17,1,35,6,6,8,104,6
4013,2021,1,18,1,19,4,3,1,101,25,1,22,3,3,5,97,6
4014,2021,1,18,1,21,4,3,1,101,99,2,25,4,4,6,104,6
4015,2021,1,18,1,21,4,3,1,107,99,1,31,5,5,7,97,6
4016,2021,1,18,1,21,4,3,1,101,13,1,37,6,6,8,97,6
4017,2021,1,18,1,21,4,3,1,101,5,2,33,5,5,7,97,6
4018,2021,1,18,1,21,4,3,1,103,99,1,25,4,4,6,97,6
4019,2021,1,18,1,21,4,3,1,101,17,2,43,7,7,9,97,6
4020,2021,1,18,1,21,4,3,1,101,11,1,51,9,9,11,104,6
4021,2021,1,18,1,21,4,3,1,101,17,2,29,4,4,6,104,6
4022,2021,1,18,1,22,4,3,1,101,5,1,53,9,9,11,97,6
4023,2021,1,18,1,22,4,3,1,101,1,1,36,6,6,8,97,6
4024,2021,1,19,2,10,2,1,1,101,4,2,33,5,5,7,97,6
4025,2021,1,19,2,11,2,1,1,101,7,1,61,11,11,13,97,6
4026,2021,1,19,2,15,3,2,1,101,17,1,32,5,5,7,104,6
4027,2021,1,19,2,15,3,2,1,101,17,1,36,6,6,8,96,6
4028,2021,1,19,2,15,3,2,1,101,1,2,45,8,8,10,97,6
4029,2021,1,19,2,16,3,2,1,101,5,1,43,7,7,9,104,6
4030,2021,1,19,2,17,3,2,1,101,16,1,39,6,6,8,97,6
4031,2021,1,19,2,17,3,2,1,101,19,1,24,3,3,5,104,6
4032,2021,1,19,2,18,4,3,1,101,18,2,28,4,4,6,97,6
4033,2021,1,19,2,18,4,3,1,103,99,1,45,8,8,10,104,6
4034,2021,1,19,2,18,4,3,1,103,99,1,25,4,4,6,104,6
4035,2021,1,19,2,21,4,3,1,106,99,1,51,9,9,11,97,6
4036,2021,1,19,2,21,4,3,1,101,2,2,30,5,5,7,96,6
4037,2021,1,19,2,21,4,3,1,101,6,2,33,5,5,7,97,6
4038,2021,1,19,2,21,4,3,1,101,25,2,35,6,6,8,104,6
4039,2021,1,20,3,10,2,1,1,101,10,1,63,11,11,13,101,6
4040,2021,1,20,3,15,3,2,1,101,99,1,18,2,2,4,97,6
4041,2021,1,20,3,17,3,2,1,101,13,2,34,5,5,7,97,6
4042,2021,1,20,3,18,4,3,1,107,99,1,41,7,7,9,95,6
4043,2021,1,20,3,12,3,2,1,101,17,1,37,6,6,8,97,6
4044,2021,1,20,3,21,4,3,1,101,12,2,38,6,6,8,97,6
4045,2021,1,20,3,21,4,3,1,101,99,1,43,7,7,9,97,6
4046,2021,1,21,4,12,3,2,1,101,12,1,27,4,4,6,104,6
4047,2021,1,21,4,15,3,2,1,115,99,1,33,5,5,7,97,6
4048,2021,1,21,4,16,3,2,1,105,99,1,36,6,6,8,97,6
4049,2021,1,21,4,16,3,2,1,101,99,1,41,7,7,9,97,6
4050,2021,1,21,4,17,3,2,1,101,18,1,46,8,8,10,97,6
4051,2021,1,21,4,19,4,3,1,103,99,1,32,5,5,7,104,6
4052,2021,1,21,4,20,4,3,1,101,6,1,29,4,4,6,97,6
4053,2021,1,21,4,20,4,3,1,101,99,2,58,10,10,12,97,6
4054,2021,1,21,4,22,4,3,1,101,99,1,33,5,5,7,97,6
4055,2021,1,21,4,22,4,3,1,101,12,1,25,4,4,6,104,6
4056,2021,1,21,4,22,4,3,1,101,99,1,38,6,6,8,99,6
4057,2021,1,21,4,22,4,3,1,103,99,1,39,6,6,8,97,6
4058,2021,1,21,4,22,4,3,1,103,99,1,22,3,3,5,97,6
4059,2021,1,21,4,22,4,3,1,101,1,1,39,6,6,8,99,6
4060,2021,1,21,4,22,4,3,1,101,99,2,39,6,6,8,104,6
4061,2021,1,21,4,22,4,3,1,101,99,2,45,8,8,10,97,6
4062,2021,1,22,5,9,2,1,1,101,1,1,27,4,4,6,104,6
4063,2021,1,22,5,10,2,1,1,103,99,1,46,8,8,10,97,6
4064,2021,1,22,5,11,2,1,1,102,99,1,26,4,4,6,97,6
4065,2021,1,22,5,14,3,2,1,101,99,1,43,7,7,9,97,6
4066,2021,1,22,5,15,3,2,1,101,14,1,43,7,7,9,97,6
4067,2021,1,22,5,16,3,2,1,101,99,2,999,12,16,18,97,6
4068,2021,1,22,5,17,3,2,1,101,10,1,33,5,5,7,97,6
4069,2021,1,22,5,17,3,2,1,101,99,2,999,12,16,18,104,6
4070,2021,1,22,5,17,3,2,1,101,99,1,34,5,5,7,97,6
4071,2021,1,22,5,17,3,2,1,101,99,1,45,8,8,10,97,6
4072,2021,1,22,5,17,3,2,1,101,6,1,50,9,9,11,99,6
4073,2021,1,22,5,21,4,3,1,116,99,1,34,5,5,7,104,6
4074,2021,1,22,5,21,4,3,1,101,8,2,33,5,5,7,97,6
4075,2021,1,23,6,9,2,1,1,101,21,1,58,10,10,12,97,6
4076,2021,1,23,6,13,3,2,1,101,21,2,53,9,9,11,97,6
4077,2021,1,23,6,15,3,2,1,105,99,2,49,8,8,10,97,6
4078,2021,1,23,6,17,3,2,1,101,99,1,31,5,5,7,97,6
4079,2021,1,23,6,17,3,2,1,101,12,1,33,5,5,7,97,6
4080,2021,1,23,6,17,3,2,1,101,5,2,27,4,4,6,97,6
4081,2021,1,23,6,19,4,3,1,101,99,1,37,6,6,8,97,6
4082,2021,1,23,6,19,4,3,1,101,1,1,22,3,3,5,104,6
4083,2021,1,23,6,19,4,3,1,101,99,1,30,5,5,7,104,6
4084,2021,1,24,7,99,5,4,1,101,99,1,20,3,3,5,104,6
4085,2021,1,24,7,15,3,2,1,101,99,1,36,6,6,8,97,6
4086,2021,1,24,7,14,3,2,1,101,99,1,39,6,6,8,97,6
4087,2021,1,24,7,20,4,3,1,101,19,1,40,7,7,9,97,6
4088,2021,1,24,7,21,4,3,1,101,1,1,60,11,11,13,97,6
4089,2021,1,24,7,21,4,3,1,101,6,1,24,3,3,5,97,6
4090,2021,1,25,1,7,2,1,1,101,16,1,28,4,4,6,97,6
4091,2021,1,25,1,8,2,1,1,101,99,1,52,9,9,11,97,6
4092,2021,1,25,1,13,3,2,1,101,8,1,28,4,4,6,97,6
4093,2021,1,25,1,15,3,2,1,101,99,2,40,7,7,9,97,6
4094,2021,1,25,1,17,3,2,1,101,99,1,45,8,8,10,97,6
4095,2021,1,25,1,17,3,2,1,117,99,2,45,8,8,10,97,6
4096,2021,1,25,1,16,3,2,1,101,14,1,48,8,8,10,97,6
4097,2021,1,25,1,17,3,2,1,101,99,1,43,7,7,9,97,6
4098,2021,1,25,1,22,4,3,1,115,99,1,51,9,9,11,97,6
4099,2021,1,25,1,22,4,3,1,107,99,1,33,5,5,7,97,6
4100,2021,1,25,1,22,4,3,1,101,18,2,33,5,5,7,97,6
4101,2021,1,25,1,22,4,3,1,101,99,2,34,5,5,7,97,6
4102,2021,1,25,1,22,4,3,1,101,12,1,41,7,7,9,97,6
4103,2021,1,25,1,22,4,3,1,101,18,2,36,6,6,8,97,6
4104,2021,1,25,1,22,4,3,1,101,12,1,42,7,7,9,101,6
4105,2021,1,25,1,22,4,3,1,101,1,1,28,4,4,6,97,6
4106,2021,1,25,1,22,4,3,1,101,3,1,28,4,4,6,97,6
4107,2021,1,25,1,23,4,3,1,101,18,1,23,3,3,5,104,6
4108,2021,1,26,2,9,2,1,1,117,99,2,36,6,6,8,104,6
4109,2021,1,26,2,9,2,1,1,101,9,2,42,7,7,9,104,6
4110,2021,1,26,2,10,2,1,1,107,99,1,43,7,7,9,104,6
4111,2021,1,26,2,13,3,2,1,108,99,1,999,12,16,18,104,6
4112,2021,1,26,2,14,3,2,1,101,13,1,39,6,6,8,104,6
4113,2021,1,26,2,15,3,2,1,101,10,1,48,8,8,10,104,6
4114,2021,1,26,2,17,3,2,1,101,16,2,28,4,4,6,104,6
4115,2021,1,26,2,17,3,2,1,101,10,1,26,4,4,6,104,6
4116,2021,1,26,2,17,3,2,1,109,99,1,44,7,7,9,97,6
4117,2021,1,26,2,17,3,2,1,101,99,1,999,12,16,18,105,6
4118,2021,1,26,2,17,3,2,1,115,99,1,51,9,9,11,101,6
4119,2021,1,26,2,17,3,2,1,101,18,2,45,8,8,10,104,6
4120,2021,1,26,2,17,3,2,1,101,7,1,36,6,6,8,104,6
4121,2021,1,26,2,17,3,2,1,101,18,1,56,10,10,12,104,6
4122,2021,1,26,2,17,3,2,1,101,18,2,31,5,5,7,104,6
4123,2021,1,26,2,21,4,3,1,101,99,2,25,4,4,6,104,6
4124,2021,1,26,2,23,4,3,1,101,5,2,50,9,9,11,104,6
4125,2021,1,27,3,15,3,2,1,116,99,1,60,11,11,13,97,6
4126,2021,1,27,3,14,3,2,1,102,99,1,41,7,7,9,97,6
4127,2021,1,27,3,15,3,2,1,103,99,1,47,8,8,10,104,6
4128,2021,1,27,3,17,3,2,1,107,99,2,18,2,2,4,104,6
4129,2021,1,27,3,17,3,2,1,101,9,1,36,6,6,8,97,6
4130,2021,1,27,3,21,4,3,1,117,99,2,46,8,8,10,97,6
4131,2021,1,27,3,21,4,3,1,101,7,1,34,5,5,7,104,6
4132,2021,1,27,3,21,4,3,1,101,12,1,69,11,12,14,97,6
4133,2021,1,27,3,21,4,3,1,101,18,2,61,11,11,13,104,6
4134,2021,1,27,3,21,4,3,1,101,1,2,56,10,10,12,97,6
4135,2021,1,27,3,21,4,3,1,101,7,1,27,4,4,6,104,6
4136,2021,1,27,3,21,4,3,14,1409,99,1,22,3,3,5,104,6
4137,2021,1,27,3,23,4,3,1,101,18,2,26,4,4,6,104,6
4138,2021,1,27,3,23,4,3,1,101,1,1,44,7,7,9,104,6
4139,2021,1,28,4,10,2,1,1,106,99,1,56,10,10,12,101,6
4140,2021,1,28,4,11,2,1,1,101,13,1,41,7,7,9,97,6
4141,2021,1,28,4,12,3,2,1,101,16,1,44,7,7,9,104,6
4142,2021,1,28,4,12,3,2,1,101,5,1,42,7,7,9,104,6
4143,2021,1,28,4,14,3,2,1,101,1,2,37,6,6,8,97,6
4144,2021,1,28,4,15,3,2,1,101,5,1,18,2,2,4,104,6
4145,2021,1,28,4,16,3,2,1,101,14,2,41,7,7,9,104,6
4146,2021,1,28,4,16,3,2,1,101,18,2,25,4,4,6,97,6
4147,2021,1,28,4,17,3,2,1,101,12,2,49,8,8,10,97,6
4148,2021,1,28,4,20,4,3,1,101,12,2,25,4,4,6,104,6
4149,2021,1,28,4,20,4,3,1,101,1,2,999,12,16,18,97,6
4150,2021,1,28,4,20,4,3,1,101,5,1,32,5,5,7,104,6
4151,2021,1,28,4,20,4,3,1,101,21,2,35,6,6,8,104,6
4152,2021,1,28,4,20,4,3,1,101,99,1,46,8,8,10,104,6
4153,2021,1,29,5,11,2,1,1,103,99,1,45,8,8,10,104,6
4154,2021,1,29,5,0,1,1,1,101,14,1,62,11,11,13,97,6
4155,2021,1,29,5,13,3,2,1,101,11,1,39,6,6,8,104,6
4156,2021,1,29,5,16,3,2,1,101,18,2,33,5,5,7,97,6
4157,2021,1,29,5,17,3,2,1,101,6,1,50,9,9,11,97,6
4158,2021,1,29,5,19,4,3,1,101,16,1,30,5,5,7,104,6
4159,2021,1,29,5,21,4,3,1,101,15,1,50,9,9,11,104,6
4160,2021,1,29,5,21,4,3,1,101,21,1,37,6,6,8,104,6
4161,2021,1,29,5,23,4,3,1,101,3,1,40,7,7,9,97,6
4162,2021,1,30,6,10,2,1,1,110,99,1,50,9,9,11,97,6
4163,2021,1,30,6,11,2,1,1,101,21,1,20,3,3,5,104,6
4164,2021,1,30,6,13,3,2,1,101,1,2,24,3,3,5,97,6
4165,2021,1,30,6,14,3,2,1,107,99,2,49,8,8,10,97,6
4166,2021,1,30,6,16,3,2,1,101,16,1,23,3,3,5,104,6
4167,2021,1,30,6,20,4,3,1,115,99,2,33,5,5,7,97,6
4168,2021,1,30,6,20,4,3,1,115,99,1,40,7,7,9,104,6
4169,2021,1,30,6,13,3,2,1,101,99,2,21,3,3,5,104,6
4170,2021,1,30,6,21,4,3,1,101,25,1,36,6,6,8,97,6
4171,2021,1,30,6,22,4,3,1,101,7,2,40,7,7,9,104,6
4172,2021,1,30,6,22,4,3,1,101,18,2,18,2,2,4,104,6
4173,2021,1,30,6,23,4,3,1,101,7,2,64,11,11,13,97,6
4174,2021,1,31,7,14,3,2,1,101,18,2,23,3,3,5,97,6
4175,2021,1,31,7,17,3,2,1,101,12,1,46,8,8,10,97,6
4176,2021,1,31,7,20,4,3,7,717,99,1,27,4,4,6,104,6
4177,2021,1,31,7,20,4,3,1,101,1,1,37,6,6,8,104,6
4178,2021,1,31,7,20,4,3,1,101,5,1,999,12,16,18,97,6
4179,2021,1,2,6,13,3,2,9,901,99,1,36,6,6,8,97,6
4180,2021,1,6,3,17,3,2,9,920,99,1,56,10,10,12,95,6
4181,2021,1,8,5,9,2,1,9,920,99,2,32,5,5,7,95,6
4182,2021,1,9,6,11,2,1,9,901,99,2,24,3,3,5,104,6
4183,2021,1,9,6,13,3,2,9,901,99,2,41,7,7,9,97,6
4184,2021,1,9,6,13,3,2,9,920,99,2,65,11,12,14,95,6
4185,2021,1,11,1,15,3,2,9,901,99,1,31,5,5,7,95,6
4186,2021,1,11,1,15,3,2,9,901,99,2,30,5,5,7,104,6
4187,2021,1,11,1,16,3,2,9,901,99,1,41,7,7,9,97,6
4188,2021,1,11,1,16,3,2,9,923,99,2,24,3,3,5,104,6
4189,2021,1,12,2,14,3,2,9,901,99,2,36,6,6,8,97,6
4190,2021,1,12,2,15,3,2,9,920,99,1,59,10,10,12,94,6
4191,2021,1,12,2,15,3,2,9,920,99,1,59,10,10,12,94,6
4192,2021,1,12,2,19,4,3,9,901,99,2,58,10,10,12,104,6
4193,2021,1,13,3,15,3,2,9,917,99,1,33,5,5,7,95,6
4194,2021,1,14,4,10,2,1,9,920,99,1,29,4,4,6,95,6
4195,2021,1,14,4,12,3,2,9,920,99,1,29,4,4,6,95,6
4196,2021,1,14,4,12,3,2,9,920,99,2,30,5,5,7,95,6
4197,2021,1,14,4,14,3,2,9,920,99,1,47,8,8,10,95,6
4198,2021,1,14,4,15,3,2,9,920,99,1,29,4,4,6,95,6
4199,2021,1,15,5,13,3,2,9,905,99,1,41,7,7,9,97,6
4200,2021,1,15,5,13,3,2,9,905,99,2,28,4,4,6,104,6
4201,2021,1,15,5,15,3,2,9,915,99,1,27,4,4,6,104,6
4202,2021,1,15,5,15,3,2,9,901,99,2,51,9,9,11,97,6
4203,2021,1,18,1,15,3,2,9,901,99,1,22,3,3,5,97,6
4204,2021,1,19,2,22,4,3,9,901,99,2,44,7,7,9,104,6
4205,2021,1,20,3,11,2,1,9,911,99,1,20,3,3,5,104,6
4206,2021,1,20,3,15,3,2,9,901,99,2,23,3,3,5,104,6
4207,2021,1,21,4,11,2,1,9,903,99,1,58,10,10,12,97,6
4208,2021,1,22,5,15,3,2,9,920,99,1,57,10,10,12,95,6
4209,2021,1,22,5,15,3,2,9,920,99,2,32,5,5,7,95,6
4210,2021,1,22,5,15,3,2,9,903,99,1,33,5,5,7,104,6
4211,2021,1,25,1,14,3,2,9,901,99,1,17,2,2,4,97,6
4212,2021,1,26,2,9,2,1,9,901,99,2,50,9,9,11,104,6
4213,2021,1,26,2,16,3,2,9,901,99,2,40,7,7,9,97,6
4214,2021,1,26,2,15,3,2,9,904,99,1,36,6,6,8,95,6
4215,2021,1,27,3,16,3,2,9,902,99,2,27,4,4,6,104,6
4216,2021,1,27,3,17,3,2,9,901,99,1,24,3,3,5,97,6
4217,2021,1,27,3,21,4,3,9,920,99,1,26,4,4,6,99,6
4218,2021,1,29,5,14,3,2,9,901,99,1,40,7,7,9,104,6
4219,2021,1,29,5,15,3,2,9,911,99,2,28,4,4,6,104,6
4220,2021,1,30,6,22,4,3,9,901,99,2,23,3,3,5,104,6
4221,2021,1,4,1,1,1,1,21,2101,99,1,32,5,5,7,104,6
4222,2021,1,9,6,14,3,2,21,2101,99,1,58,10,10,12,104,6
4223,2021,1,10,7,9,2,1,2,207,99,1,23,3,3,5,104,6
4224,2021,1,10,7,11,2,1,2,207,99,1,33,5,5,7,97,6
4225,2021,1,11,1,15,3,2,21,2103,99,2,22,3,3,5,104,6
4226,2021,1,11,1,16,3,2,21,2103,99,1,20,3,3,5,97,6
4227,2021,1,12,2,12,3,2,21,2101,99,1,29,4,4,6,97,6
4228,2021,1,12,2,10,2,1,21,2101,99,1,37,6,6,8,97,6
4229,2021,1,16,6,15,3,2,21,2101,99,1,32,5,5,7,97,6
4230,2021,1,16,6,16,3,2,21,2101,99,1,21,3,3,5,97,6
4231,2021,1,21,4,12,3,2,21,2102,99,1,32,5,5,7,97,6
4232,2021,1,21,4,13,3,2,21,2102,99,2,37,6,6,8,104,6
4233,2021,1,22,5,12,3,2,21,2103,99,2,74,11,13,15,104,6
4234,2021,1,22,5,19,4,3,2,207,99,1,24,3,3,5,104,6
4235,2021,1,22,5,23,4,3,2,203,99,1,27,4,4,6,104,6
4236,2021,1,23,6,15,3,2,2,207,99,1,30,5,5,7,99,6
4237,2021,1,24,7,13,3,2,21,2101,99,1,23,3,3,5,104,6
4238,2021,1,24,7,17,3,2,2,202,99,1,50,9,9,11,104,6
4239,2021,1,25,1,15,3,2,21,2107,99,2,46,8,8,10,97,6
4240,2021,1,2,6,13,3,2,16,1609,99,1,40,7,7,9,97,6
4241,2021,1,4,1,17,3,2,15,1503,99,1,21,3,3,5,104,6
4242,2021,1,5,2,15,3,2,16,1616,99,1,52,9,9,11,104,6
4243,2021,1,5,2,15,3,2,16,1615,99,1,30,5,5,7,104,6
4244,2021,1,5,2,22,4,3,16,1601,99,1,57,10,10,12,95,6
4245,2021,1,6,3,13,3,2,16,1609,99,2,35,6,6,8,104,6
4246,2021,1,6,3,16,3,2,16,1604,99,1,20,3,3,5,104,6
4247,2021,1,6,3,17,3,2,14,1420,99,2,999,12,16,18,104,6
4248,2021,1,7,4,15,3,2,15,1503,99,2,30,5,5,7,104,6
4249,2021,1,7,4,15,3,2,16,1610,99,1,30,5,5,7,104,6
4250,2021,1,7,4,16,3,2,15,1501,99,2,40,7,7,9,104,6
4251,2021,1,7,4,17,3,2,15,1502,99,2,40,7,7,9,104,6
4252,2021,1,8,5,10,2,1,16,1603,99,1,48,8,8,10,97,6
4253,2021,1,8,5,16,3,2,16,1610,99,2,37,6,6,8,97,6
4254,2021,1,8,5,16,3,2,16,1609,99,2,40,7,7,9,97,6
4255,2021,1,8,5,17,3,2,16,1601,99,2,999,12,16,18,97,6
4256,2021,1,9,6,14,3,2,16,1601,99,2,20,3,3,5,97,6
4257,2021,1,9,6,16,3,2,16,1616,99,1,28,4,4,6,97,6
4258,2021,1,9,6,17,3,2,15,1503,99,1,50,9,9,11,97,6
4259,2021,1,10,7,13,3,2,16,1604,99,2,29,4,4,6,97,6
4260,2021,1,11,1,14,3,2,15,1502,99,2,35,6,6,8,97,6
4261,2021,1,11,1,16,3,2,16,1601,99,1,29,4,4,6,97,6
4262,2021,1,12,2,9,2,1,16,1603,99,2,31,5,5,7,104,6
4263,2021,1,12,2,14,3,2,16,1601,99,1,15,2,2,4,104,6
4264,2021,1,13,3,13,3,2,16,1609,99,2,23,3,3,5,97,6
4265,2021,1,13,3,20,4,3,15,1508,99,1,38,6,6,8,97,6
4266,2021,1,14,4,0,1,1,16,1609,99,2,39,6,6,8,104,6
4267,2021,1,14,4,10,2,1,16,1601,99,1,34,5,5,7,97,6
4268,2021,1,15,5,10,2,1,15,1503,99,1,57,10,10,12,104,6
4269,2021,1,15,5,14,3,2,16,1609,99,1,27,4,4,6,104,6
4270,2021,1,15,5,12,3,2,15,1508,99,1,29,4,4,6,97,6
4271,2021,1,16,6,15,3,2,16,1609,99,2,41,7,7,9,97,6
4272,2021,1,17,7,12,3,2,16,1601,99,2,45,8,8,10,97,6
4273,2021,1,18,1,13,3,2,15,1502,99,2,16,2,2,4,104,6
4274,2021,1,18,1,21,4,3,16,1610,99,2,18,2,2,4,104,6
4275,2021,1,19,2,12,3,2,15,1501,99,2,38,6,6,8,104,6
4276,2021,1,19,2,14,3,2,15,1501,99,2,45,8,8,10,104,6
4277,2021,1,20,3,9,2,1,16,1601,99,2,42,7,7,9,97,6
4278,2021,1,20,3,10,2,1,16,1601,99,1,38,6,6,8,104,6
4279,2021,1,20,3,21,4,3,15,1501,99,1,31,5,5,7,104,6
4280,2021,1,20,3,11,2,1,16,1601,99,1,26,4,4,6,104,6
4281,2021,1,20,3,14,3,2,16,1601,99,2,19,2,2,4,104,6
4282,2021,1,22,5,15,3,2,16,1601,99,2,30,5,5,7,97,6
4283,2021,1,22,5,17,3,2,16,1601,99,1,41,7,7,9,104,6
4284,2021,1,22,5,11,2,1,16,1610,99,2,47,8,8,10,95,6
4285,2021,1,25,1,9,2,1,16,1611,99,1,65,11,12,14,104,6
4286,2021,1,25,1,11,2,1,16,1615,99,2,28,4,4,6,97,6
4287,2021,1,25,1,15,3,2,16,1613,99,2,29,4,4,6,97,6
4288,2021,1,25,1,13,3,2,16,1609,99,1,25,4,4,6,97,6
4289,2021,1,26,2,14,3,2,15,1501,99,2,31,5,5,7,104,6
4290,2021,1,26,2,14,3,2,15,1501,99,1,30,5,5,7,104,6
4291,2021,1,26,2,14,3,2,16,1601,99,2,23,3,3,5,97,6
4292,2021,1,26,2,16,3,2,15,1501,99,1,53,9,9,11,104,6
4293,2021,1,26,2,18,4,3,15,1501,99,2,40,7,7,9,104,6
4294,2021,1,27,3,12,3,2,16,1609,99,1,30,5,5,7,97,6
4295,2021,1,27,3,13,3,2,16,1604,99,1,49,8,8,10,104,6
4296,2021,1,28,4,12,3,2,16,1601,99,1,42,7,7,9,104,6
4297,2021,1,28,4,16,3,2,16,1609,99,1,36,6,6,8,104,6
4298,2021,1,29,5,11,2,1,15,1501,99,2,28,4,4,6,104,6
4299,2021,1,29,5,12,3,2,15,1507,99,2,38,6,6,8,104,6
4300,2021,1,29,5,7,2,1,15,1506,99,1,37,6,6,8,104,6
4301,2021,1,29,5,14,3,2,16,1602,99,2,33,5,5,7,104,6
4302,2021,1,29,5,13,3,2,15,1505,99,1,40,7,7,9,104,6
4303,2021,1,29,5,12,3,2,15,1504,99,1,16,2,2,4,104,6
4304,2021,1,30,6,12,3,2,16,1605,99,2,27,4,4,6,104,6
4305,2021,1,30,6,12,3,2,16,1601,99,1,28,4,4,6,104,6
4306,2021,1,31,7,17,3,2,16,1602,99,2,56,10,10,12,104,6
4307,2021,1,4,1,8,2,1,10,1014,99,1,24,3,3,5,97,6
4308,2021,1,4,1,15,3,2,11,1101,99,2,24,3,3,5,104,6
4309,2021,1,4,1,16,3,2,10,1002,99,1,47,8,8,10,104,6
4310,2021,1,5,2,20,4,3,10,1016,99,1,19,2,2,4,99,6
4311,2021,1,5,2,10,2,1,10,1001,99,1,36,6,6,8,97,6
4312,2021,1,6,3,19,4,3,10,1013,99,2,20,3,3,5,104,6
4313,2021,1,6,3,14,3,2,10,1004,99,2,26,4,4,6,104,6
4314,2021,1,6,3,9,2,1,11,1108,99,2,30,5,5,7,104,6
4315,2021,1,6,3,11,2,1,10,1013,99,1,27,4,4,6,104,6
4316,2021,1,6,3,16,3,2,10,1001,99,1,39,6,6,8,97,6
4317,2021,1,8,5,11,2,1,11,1105,99,1,36,6,6,8,104,6
4318,2021,1,8,5,11,2,1,11,1105,99,1,45,8,8,10,104,6
4319,2021,1,8,5,19,4,3,10,1002,99,2,58,10,10,12,104,6
4320,2021,1,8,5,10,2,1,10,1001,99,1,999,12,16,18,104,6
4321,2021,1,8,5,11,2,1,10,1017,99,2,42,7,7,9,104,6
4322,2021,1,8,5,0,1,1,10,1001,99,2,25,4,4,6,104,6
4323,2021,1,8,5,12,3,2,10,1008,99,1,42,7,7,9,104,6
4324,2021,1,8,5,8,2,1,10,1014,99,2,17,2,2,4,97,6
4325,2021,1,8,5,16,3,2,10,1016,99,1,38,6,6,8,104,6
4326,2021,1,8,5,18,4,3,11,1101,99,1,48,8,8,10,95,6
4327,2021,1,10,7,20,4,3,7,706,99,1,41,7,7,9,104,6
4328,2021,1,11,1,12,3,2,10,1001,99,2,25,4,4,6,97,6
4329,2021,1,11,1,9,2,1,11,1109,99,1,28,4,4,6,104,6
4330,2021,1,11,1,10,2,1,10,1009,99,2,39,6,6,8,104,6
4331,2021,1,11,1,10,2,1,10,1001,99,1,72,11,13,15,104,6
4332,2021,1,12,2,18,4,3,10,1013,99,2,20,3,3,5,104,6
4333,2021,1,12,2,21,4,3,10,1001,99,1,31,5,5,7,104,6
4334,2021,1,12,2,17,3,2,11,1101,99,2,48,8,8,10,104,6
4335,2021,1,12,2,10,2,1,10,1014,99,2,44,7,7,9,104,6
4336,2021,1,12,2,15,3,2,11,1109,99,1,36,6,6,8,97,6
4337,2021,1,12,2,19,4,3,11,1109,99,2,36,6,6,8,104,6
4338,2021,1,12,2,16,3,2,11,1108,99,1,39,6,6,8,104,6
4339,2021,1,12,2,12,3,2,10,1001,99,9,999,12,16,18,97,6
4340,2021,1,13,3,15,3,2,10,1010,99,1,31,5,5,7,104,6
4341,2021,1,13,3,11,2,1,10,1010,99,1,34,5,5,7,97,6
4342,2021,1,13,3,14,3,2,11,1106,99,1,37,6,6,8,97,6
4343,2021,1,15,5,10,2,1,1,108,99,2,31,5,5,7,104,6
4344,2021,1,15,5,3,1,1,10,1011,99,2,37,6,6,8,104,6
4345,2021,1,15,5,3,1,1,7,706,99,1,49,8,8,10,104,6
4346,2021,1,15,5,11,2,1,11,1106,99,2,20,3,3,5,97,6
4347,2021,1,15,5,15,3,2,10,1021,99,2,39,6,6,8,104,6
4348,2021,1,15,5,17,3,2,11,1108,99,2,45,8,8,10,95,6
4349,2021,1,15,5,0,1,1,10,1015,99,1,57,10,10,12,104,6
4350,2021,1,16,6,17,3,2,11,1101,99,1,24,3,3,5,97,6
4351,2021,1,16,6,11,2,1,10,1014,99,2,30,5,5,7,97,6
4352,2021,1,18,1,17,3,2,11,1101,99,1,90,11,15,17,104,6
4353,2021,1,18,1,13,3,2,11,1101,99,2,26,4,4,6,104,6
4354,2021,1,18,1,13,3,2,11,1109,99,2,38,6,6,8,104,6
4355,2021,1,18,1,17,3,2,11,1102,99,2,43,7,7,9,104,6
4356,2021,1,18,1,8,2,1,11,1101,99,2,30,5,5,7,104,6
4357,2021,1,18,1,12,3,2,10,1013,99,1,20,3,3,5,97,6
4358,2021,1,18,1,16,3,2,10,1021,99,2,30,5,5,7,104,6
4359,2021,1,18,1,15,3,2,11,1109,99,1,39,6,6,8,97,6
4360,2021,1,18,1,14,3,2,11,1101,99,1,38,6,6,8,104,6
4361,2021,1,18,1,11,2,1,10,1008,99,2,40,7,7,9,97,6
4362,2021,1,20,3,22,4,3,10,1010,99,2,32,5,5,7,97,6
4363,2021,1,20,3,8,2,1,10,1004,99,1,29,4,4,6,104,6
4364,2021,1,20,3,11,2,1,10,1017,99,1,30,5,5,7,97,6
4365,2021,1,21,4,20,4,3,10,1015,99,2,38,6,6,8,104,6
4366,2021,1,21,4,11,2,1,10,1020,99,2,33,5,5,7,104,6
4367,2021,1,22,5,14,3,2,11,1101,99,1,23,3,3,5,104,6
4368,2021,1,22,5,7,2,1,11,1101,99,2,24,3,3,5,104,6
4369,2021,1,22,5,13,3,2,11,1101,99,1,19,2,2,4,104,6
4370,2021,1,22,5,9,2,1,11,1101,99,1,28,4,4,6,104,6
4371,2021,1,22,5,18,4,3,11,1109,99,1,36,6,6,8,104,6
4372,2021,1,22,5,11,2,1,11,1107,99,1,999,12,16,18,104,6
4373,2021,1,22,5,14,3,2,10,1001,99,2,29,4,4,6,104,6
4374,2021,1,23,6,9,2,1,10,1012,99,1,35,6,6,8,104,6
4375,2021,1,23,6,11,2,1,11,1101,99,2,42,7,7,9,104,6
4376,2021,1,24,7,10,2,1,10,1018,99,1,24,3,3,5,104,6
4377,2021,1,24,7,15,3,2,11,1101,99,2,21,3,3,5,104,6
4378,2021,1,25,1,10,2,1,11,1109,99,1,45,8,8,10,104,6
4379,2021,1,25,1,12,3,2,10,1020,99,1,47,8,8,10,104,6
4380,2021,1,25,1,17,3,2,11,1101,99,2,73,11,13,15,104,6
4381,2021,1,25,1,13,3,2,11,1101,99,2,48,8,8,10,104,6
4382,2021,1,26,2,11,2,1,11,1109,99,2,33,5,5,7,104,6
4383,2021,1,27,3,17,3,2,10,1001,99,1,25,4,4,6,97,6
4384,2021,1,27,3,9,2,1,10,1002,99,1,36,6,6,8,95,6
4385,2021,1,27,3,16,3,2,10,1013,99,1,26,4,4,6,97,6
4386,2021,1,28,4,9,2,1,11,1101,99,1,32,5,5,7,104,6
4387,2021,1,28,4,10,2,1,11,1101,99,1,20,3,3,5,97,6
4388,2021,1,29,5,19,4,3,11,1102,99,1,28,4,4,6,97,6
4389,2021,1,29,5,19,4,3,10,1013,99,1,20,3,3,5,97,6
4390,2021,1,29,5,20,4,3,11,1101,99,1,48,8,8,10,104,6
4391,2021,1,30,6,21,4,3,10,1010,99,1,30,5,5,7,97,6
4392,2021,1,1,5,18,4,3,4,404,99,1,57,10,10,12,97,6
4393,2021,1,4,1,19,4,3,4,406,99,2,999,12,16,18,97,6
4394,2021,1,5,2,20,4,3,4,407,99,1,23,3,3,5,104,6
4395,2021,1,6,3,14,3,2,4,412,99,2,48,8,8,10,104,6
4396,2021,1,6,3,16,3,2,4,407,99,1,45,8,8,10,104,6
4397,2021,1,6,3,18,4,3,4,403,99,1,46,8,8,10,104,6
4398,2021,1,7,4,10,2,1,4,404,99,1,54,9,9,11,104,6
4399,2021,1,8,5,16,3,2,4,406,99,1,39,6,6,8,104,6
4400,2021,1,8,5,12,3,2,4,416,99,1,35,6,6,8,104,6
4401,2021,1,8,5,15,3,2,4,404,99,2,26,4,4,6,97,6
4402,2021,1,8,5,21,4,3,4,410,99,2,37,6,6,8,97,6
4403,2021,1,9,6,13,3,2,4,409,99,1,54,9,9,11,97,6
4404,2021,1,11,1,22,4,3,4,403,99,2,26,4,4,6,97,6
4405,2021,1,12,2,15,3,2,3,304,99,1,43,7,7,9,97,6
4406,2021,1,12,2,19,4,3,4,403,99,1,58,10,10,12,96,6
4407,2021,1,12,2,19,4,3,4,416,99,2,27,4,4,6,97,6
4408,2021,1,13,3,8,2,1,4,401,99,1,28,4,4,6,104,6
4409,2021,1,13,3,15,3,2,4,401,99,1,33,5,5,7,97,6
4410,2021,1,14,4,12,3,2,3,308,99,1,24,3,3,5,97,6
4411,2021,1,14,4,13,3,2,4,413,99,2,27,4,4,6,104,6
4412,2021,1,14,4,17,3,2,4,401,99,2,26,4,4,6,96,6
4413,2021,1,15,5,20,4,3,4,407,99,1,55,10,10,12,97,6
4414,2021,1,15,5,15,3,2,4,406,99,1,29,4,4,6,97,6
4415,2021,1,16,6,16,3,2,4,403,99,1,27,4,4,6,97,6
4416,2021,1,17,7,12,3,2,4,411,99,1,37,6,6,8,104,6
4417,2021,1,17,7,12,3,2,4,401,99,1,24,3,3,5,104,6
4418,2021,1,18,1,16,3,2,4,407,99,1,42,7,7,9,97,6
4419,2021,1,20,3,21,4,3,4,401,99,1,46,8,8,10,97,6
4420,2021,1,20,3,21,4,3,4,403,99,1,43,7,7,9,97,6
4421,2021,1,22,5,16,3,2,4,416,99,1,36,6,6,8,104,6
4422,2021,1,22,5,17,3,2,4,403,99,1,33,5,5,7,97,6
4423,2021,1,23,6,18,4,3,4,416,99,1,32,5,5,7,104,6
4424,2021,1,23,6,20,4,3,4,401,99,1,39,6,6,8,97,6
4425,2021,1,25,1,10,2,1,4,401,99,2,44,7,7,9,104,6
4426,2021,1,25,1,9,2,1,4,404,99,2,24,3,3,5,97,6
4427,2021,1,25,1,15,3,2,4,411,99,2,38,6,6,8,104,6
4428,2021,1,25,1,20,4,3,4,406,99,2,21,3,3,5,104,6
4429,2021,1,26,2,8,2,1,4,415,99,2,32,5,5,7,104,6
4430,2021,1,27,3,17,3,2,4,413,99,1,33,5,5,7,97,6
4431,2021,1,27,3,14,3,2,4,416,99,1,30,5,5,7,104,6
4432,2021,1,28,4,10,2,1,4,416,99,1,25,4,4,6,104,6
4433,2021,1,28,4,11,2,1,4,403,99,2,29,4,4,6,104,6
4434,2021,1,28,4,14,3,2,4,401,99,1,30,5,5,7,97,6
4435,2021,1,28,4,14,3,2,4,407,99,1,34,5,5,7,97,6
4436,2021,1,29,5,14,3,2,4,401,99,2,32,5,5,7,97,6
4437,2021,1,29,5,12,3,2,4,404,99,1,31,5,5,7,97,6
4438,2021,1,30,6,12,3,2,4,404,99,1,48,8,8,10,97,6
4439,2021,1,31,7,12,3,2,4,401,99,1,40,7,7,9,97,6
4440,2021,1,2,6,19,4,3,22,2204,99,1,21,3,3,5,104,6
4441,2021,1,4,1,12,3,2,22,2214,99,1,33,5,5,7,104,6
4442,2021,1,4,1,14,3,2,22,2217,99,1,42,7,7,9,104,6
4443,2021,1,4,1,16,3,2,22,2214,99,2,43,7,7,9,104,6
4444,2021,1,4,1,9,2,1,22,2201,99,1,66,11,12,14,104,6
4445,2021,1,6,3,9,2,1,22,2214,99,1,37,6,6,8,104,6
4446,2021,1,6,3,15,3,2,22,2212,99,1,22,3,3,5,104,6
4447,2021,1,6,3,17,3,2,22,2201,99,2,42,7,7,9,97,6
4448,2021,1,7,4,12,3,2,22,2201,99,1,22,3,3,5,97,6
4449,2021,1,7,4,17,3,2,22,2201,99,1,47,8,8,10,104,6
4450,2021,1,8,5,8,2,1,22,2202,99,1,61,11,11,13,104,6
4451,2021,1,11,1,17,3,2,22,2213,99,1,41,7,7,9,104,6
4452,2021,1,12,2,10,2,1,22,2213,99,1,22,3,3,5,104,6
4453,2021,1,13,3,11,2,1,22,2203,99,1,30,5,5,7,104,6
4454,2021,1,14,4,17,3,2,22,2204,99,1,36,6,6,8,97,6
4455,2021,1,15,5,15,3,2,22,2201,99,1,23,3,3,5,97,6
4456,2021,1,18,1,10,2,1,22,2201,99,2,24,3,3,5,104,6
4457,2021,1,18,1,11,2,1,22,2207,99,1,45,8,8,10,104,6
4458,2021,1,19,2,18,4,3,22,2205,99,1,36,6,6,8,97,6
4459,2021,1,20,3,10,2,1,22,2201,99,1,29,4,4,6,104,6
4460,2021,1,20,3,11,2,1,22,2201,99,1,40,7,7,9,104,6
4461,2021,1,20,3,12,3,2,22,2201,99,1,35,6,6,8,104,6
4462,2021,1,20,3,14,3,2,22,2201,99,1,29,4,4,6,104,6
4463,2021,1,20,3,18,4,3,22,2201,99,2,31,5,5,7,104,6
4464,2021,1,20,3,22,4,3,22,2201,99,2,41,7,7,9,104,6
4465,2021,1,21,4,15,3,2,22,2201,99,2,24,3,3,5,104,6
4466,2021,1,22,5,16,3,2,22,2201,99,1,34,5,5,7,97,6
4467,2021,1,22,5,18,4,3,22,2201,99,2,23,3,3,5,104,6
4468,2021,1,23,6,8,2,1,22,2201,99,1,30,5,5,7,104,6
4469,2021,1,25,1,11,2,1,22,2203,99,1,73,11,13,15,104,6
4470,2021,1,27,3,11,2,1,22,2205,99,1,48,8,8,10,104,6
4471,2021,1,28,4,12,3,2,22,2207,99,2,38,6,6,8,104,6
4472,2021,1,28,4,14,3,2,22,2205,99,1,29,4,4,6,104,6
4473,2021,1,28,4,16,3,2,22,2202,99,1,31,5,5,7,97,6
4474,2021,1,29,5,11,2,1,22,2212,99,2,65,11,12,14,97,6
4475,2021,1,30,6,12,3,2,22,2203,99,1,22,3,3,5,104,6
4476,2021,1,30,6,15,3,2,22,2201,99,1,33,5,5,7,97,6
4477,2021,1,4,1,13,3,2,5,502,99,1,49,8,8,10,104,6
4478,2021,1,4,1,13,3,2,5,502,99,1,40,7,7,9,97,6
4479,2021,1,4,1,17,3,2,5,501,99,1,31,5,5,7,104,6
4480,2021,1,5,2,12,3,2,5,506,99,1,31,5,5,7,104,6
4481,2021,1,5,2,12,3,2,5,501,99,1,29,4,4,6,104,6
4482,2021,1,5,2,14,3,2,5,501,99,2,57,10,10,12,104,6
4483,2021,1,5,2,15,3,2,5,503,99,2,44,7,7,9,104,6
4484,2021,1,5,2,15,3,2,5,509,99,1,29,4,4,6,104,6
4485,2021,1,5,2,15,3,2,5,513,99,1,17,2,2,4,104,6
4486,2021,1,5,2,22,4,3,5,513,99,2,25,4,4,6,104,6
4487,2021,1,6,3,14,3,2,5,509,99,2,34,5,5,7,104,6
4488,2021,1,6,3,15,3,2,5,507,99,1,24,3,3,5,104,6
4489,2021,1,6,3,16,3,2,5,513,99,2,28,4,4,6,104,6
4490,2021,1,7,4,10,2,1,5,501,99,1,34,5,5,7,104,6
4491,2021,1,7,4,14,3,2,5,501,99,1,27,4,4,6,104,6
4492,2021,1,8,5,13,3,2,5,509,99,2,32,5,5,7,104,6
4493,2021,1,9,6,12,3,2,5,505,99,2,34,5,5,7,104,6
4494,2021,1,11,1,8,2,1,5,513,99,2,45,8,8,10,104,6
4495,2021,1,11,1,11,2,1,5,513,99,2,20,3,3,5,104,6
4496,2021,1,11,1,13,3,2,5,509,99,1,20,3,3,5,104,6
4497,2021,1,11,1,15,3,2,5,507,99,2,40,7,7,9,97,6
4498,2021,1,11,1,16,3,2,1,101,99,1,35,6,6,8,104,6
4499,2021,1,11,1,18,4,3,5,504,99,1,42,7,7,9,97,6
4500,2021,1,12,2,12,3,2,5,502,99,1,23,3,3,5,104,6
4501,2021,1,12,2,14,3,2,5,501,99,1,57,10,10,12,104,6
4502,2021,1,12,2,17,3,2,5,506,99,1,26,4,4,6,104,6
4503,2021,1,12,2,17,3,2,5,502,99,2,30,5,5,7,104,6
4504,2021,1,13,3,22,4,3,5,502,99,2,20,3,3,5,104,6
4505,2021,1,14,4,13,3,2,5,506,99,2,55,10,10,12,104,6
4506,2021,1,15,5,11,2,1,5,501,99,1,51,9,9,11,99,6
4507,2021,1,16,6,11,2,1,5,511,99,1,44,7,7,9,104,6
4508,2021,1,16,6,14,3,2,5,501,99,2,48,8,8,10,96,6
4509,2021,1,16,6,21,4,3,5,513,99,1,41,7,7,9,104,6
4510,2021,1,18,1,10,2,1,5,509,99,1,23,3,3,5,97,6
4511,2021,1,19,2,10,2,1,5,513,99,1,31,5,5,7,104,6
4512,2021,1,19,2,0,1,1,5,502,99,1,21,3,3,5,104,6
4513,2021,1,19,2,14,3,2,5,501,99,2,49,8,8,10,104,6
4514,2021,1,20,3,16,3,2,5,501,99,2,43,7,7,9,104,6
4515,2021,1,21,4,12,3,2,5,509,99,1,56,10,10,12,104,6
4516,2021,1,21,4,16,3,2,5,501,99,1,29,4,4,6,97,6
4517,2021,1,22,5,14,3,2,5,501,99,2,28,4,4,6,104,6
4518,2021,1,22,5,19,4,3,5,505,99,1,32,5,5,7,104,6
4519,2021,1,23,6,10,2,1,5,505,99,1,46,8,8,10,104,6
4520,2021,1,25,1,10,2,1,5,505,99,2,32,5,5,7,104,6
4521,2021,1,25,1,11,2,1,5,505,99,1,24,3,3,5,104,6
4522,2021,1,25,1,13,3,2,5,501,99,1,43,7,7,9,97,6
4523,2021,1,25,1,15,3,2,5,501,99,1,46,8,8,10,95,6
4524,2021,1,25,1,16,3,2,5,509,99,1,21,3,3,5,104,6
4525,2021,1,26,2,12,3,2,5,505,99,2,57,10,10,12,104,6
4526,2021,1,26,2,10,2,1,5,511,99,1,38,6,6,8,104,6
4527,2021,1,26,2,13,3,2,5,501,99,2,44,7,7,9,104,6
4528,2021,1,26,2,14,3,2,5,501,99,1,48,8,8,10,104,6
4529,2021,1,26,2,11,2,1,5,502,99,2,41,7,7,9,104,6
4530,2021,1,26,2,21,4,3,5,511,99,1,18,2,2,4,104,6
4531,2021,1,27,3,11,2,1,5,513,99,1,20,3,3,5,104,6
4532,2021,1,27,3,13,3,2,5,513,99,1,43,7,7,9,104,6
4533,2021,1,27,3,14,3,2,5,501,99,1,22,3,3,5,104,6
4534,2021,1,27,3,16,3,2,5,502,99,1,39,6,6,8,104,6
4535,2021,1,27,3,17,3,2,5,513,99,1,30,5,5,7,104,6
4536,2021,1,27,3,17,3,2,5,513,99,2,46,8,8,10,104,6
4537,2021,1,27,3,17,3,2,5,513,99,1,46,8,8,10,104,6
4538,2021,1,27,3,17,3,2,5,506,99,1,24,3,3,5,104,6
4539,2021,1,27,3,20,4,3,5,501,99,2,48,8,8,10,104,6
4540,2021,1,28,4,9,2,1,5,501,99,2,20,3,3,5,104,6
4541,2021,1,28,4,10,2,1,5,509,99,2,44,7,7,9,104,6
4542,2021,1,28,4,10,2,1,5,506,99,1,46,8,8,10,104,6
4543,2021,1,28,4,16,3,2,5,509,99,1,46,8,8,10,104,6
4544,2021,1,29,5,16,3,2,5,501,99,1,52,9,9,11,104,6
4545,2021,1,29,5,20,4,3,5,502,99,1,27,4,4,6,104,6
4546,2021,1,31,7,10,2,1,5,511,99,1,53,9,9,11,104,6
4547,2021,1,7,4,8,2,1,18,1803,99,1,52,9,9,11,104,6
4548,2021,1,7,4,16,3,2,18,1804,99,1,48,8,8,10,97,6
4549,2021,1,8,5,13,3,2,18,1803,99,2,42,7,7,9,104,6
4550,2021,1,8,5,14,3,2,18,1804,99,2,39,6,6,8,104,6
4551,2021,1,10,7,13,3,2,18,1801,99,1,36,6,6,8,97,6
4552,2021,1,10,7,14,3,2,18,1801,99,2,34,5,5,7,104,6
4553,2021,1,11,1,18,4,3,18,1804,99,2,39,6,6,8,97,6
4554,2021,1,12,2,14,3,2,18,1801,99,1,34,5,5,7,104,6
4555,2021,1,12,2,17,3,2,18,1802,99,1,53,9,9,11,97,6
4556,2021,1,14,4,9,2,1,18,1801,99,2,25,4,4,6,97,6
4557,2021,1,14,4,11,2,1,18,1804,99,1,45,8,8,10,97,6
4558,2021,1,14,4,3,1,1,18,1804,99,2,27,4,4,6,104,6
4559,2021,1,15,5,12,3,2,18,1801,99,1,46,8,8,10,104,6
4560,2021,1,15,5,15,3,2,18,1805,99,1,30,5,5,7,104,6
4561,2021,1,19,2,18,4,3,18,1801,99,2,31,5,5,7,97,6
4562,2021,1,20,3,11,2,1,18,1802,99,2,43,7,7,9,104,6
4563,2021,1,21,4,14,3,2,18,1801,99,2,45,8,8,10,104,6
4564,2021,1,21,4,14,3,2,18,1802,99,1,57,10,10,12,97,6
4565,2021,1,22,5,11,2,1,18,1801,99,2,59,10,10,12,104,6
4566,2021,1,22,5,12,3,2,18,1801,99,2,47,8,8,10,104,6
4567,2021,1,22,5,12,3,2,18,1802,99,1,23,3,3,5,97,6
4568,2021,1,26,2,11,2,1,18,1801,99,2,51,9,9,11,104,6
4569,2021,1,26,2,11,2,1,18,1801,99,2,33,5,5,7,97,6
4570,2021,1,26,2,11,2,1,18,1801,99,2,32,5,5,7,104,6
4571,2021,1,26,2,17,3,2,18,1805,99,1,34,5,5,7,104,6
4572,2021,1,27,3,12,3,2,18,1801,99,1,50,9,9,11,104,6
4573,2021,1,27,3,15,3,2,18,1803,99,2,21,3,3,5,104,6
4574,2021,1,28,4,17,3,2,18,1801,99,1,57,10,10,12,104,6
4575,2021,1,29,5,11,2,1,18,1803,99,2,45,8,8,10,104,6
4576,2021,1,29,5,15,3,2,18,1801,99,2,34,5,5,7,104,6
4577,2021,1,3,7,11,2,1,6,608,99,2,57,10,10,12,104,6
4578,2021,1,6,3,13,3,2,6,602,99,2,45,8,8,10,104,6
4579,2021,1,6,3,15,3,2,6,608,99,1,25,4,4,6,104,6
4580,2021,1,7,4,23,4,3,6,603,99,9,999,12,16,18,99,6
4581,2021,1,8,5,11,2,1,6,608,99,1,33,5,5,7,97,6
4582,2021,1,9,6,11,2,1,6,608,99,1,30,5,5,7,97,6
4583,2021,1,10,7,16,3,2,6,602,99,1,54,9,9,11,95,6
4584,2021,1,11,1,12,3,2,6,603,99,1,88,11,15,17,104,6
4585,2021,1,11,1,13,3,2,6,602,99,2,999,12,16,18,104,6
4586,2021,1,11,1,17,3,2,6,602,99,1,20,3,3,5,104,6
4587,2021,1,11,1,17,3,2,6,602,99,1,37,6,6,8,104,6
4588,2021,1,13,3,13,3,2,6,608,99,1,48,8,8,10,104,6
4589,2021,1,13,3,15,3,2,6,601,99,1,31,5,5,7,104,6
4590,2021,1,13,3,17,3,2,6,602,99,2,48,8,8,10,104,6
4591,2021,1,14,4,11,2,1,6,602,99,1,46,8,8,10,104,6
4592,2021,1,15,5,15,3,2,6,602,99,1,36,6,6,8,104,6
4593,2021,1,15,5,16,3,2,6,612,99,1,38,6,6,8,97,6
4594,2021,1,15,5,17,3,2,6,602,99,1,34,5,5,7,104,6
4595,2021,1,17,7,9,2,1,6,602,99,1,45,8,8,10,104,6
4596,2021,1,18,1,10,2,1,6,604,99,2,23,3,3,5,104,6
4597,2021,1,19,2,17,3,2,6,602,99,2,64,11,11,13,97,6
4598,2021,1,21,4,14,3,2,6,602,99,2,34,5,5,7,97,6
4599,2021,1,22,5,9,2,1,6,603,99,1,37,6,6,8,104,6
4600,2021,1,22,5,19,4,3,6,611,99,2,41,7,7,9,97,6
4601,2021,1,23,6,14,3,2,6,614,99,1,30,5,5,7,97,6
4602,2021,1,23,6,19,4,3,6,602,99,1,47,8,8,10,104,6
4603,2021,1,25,1,21,4,3,6,602,99,2,38,6,6,8,97,6
4604,2021,1,26,2,13,3,2,1,116,99,1,24,3,3,5,94,6
4605,2021,1,2,6,12,3,2,1,115,99,1,39,6,6,8,104,6
4606,2021,1,4,1,11,2,1,1,115,99,1,49,8,8,10,97,6
4607,2021,1,5,2,9,2,1,1,115,99,1,66,11,12,14,97,6
4608,2021,1,5,2,11,2,1,1,117,99,1,33,5,5,7,104,6
4609,2021,1,5,2,16,3,2,1,115,99,1,25,4,4,6,96,6
4610,2021,1,5,2,16,3,2,1,115,99,1,41,7,7,9,104,6
4611,2021,1,6,3,15,3,2,1,115,99,1,51,9,9,11,104,6
4612,2021,1,6,3,0,1,1,1,117,99,1,45,8,8,10,104,6
4613,2021,1,6,3,8,2,1,1,115,99,1,27,4,4,6,104,6
4614,2021,1,6,3,10,2,1,1,115,99,1,999,12,16,18,104,6
4615,2021,1,7,4,8,2,1,1,115,99,1,38,6,6,8,97,6
4616,2021,1,7,4,5,1,1,1,115,99,1,999,12,16,18,104,6
4617,2021,1,8,5,12,3,2,1,115,99,1,41,7,7,9,104,6
4618,2021,1,8,5,16,3,2,1,115,99,2,20,3,3,5,104,6
4619,2021,1,8,5,16,3,2,1,116,99,1,30,5,5,7,97,6
4620,2021,1,8,5,3,1,1,1,117,99,2,18,2,2,4,104,6
4621,2021,1,8,5,13,3,2,1,115,99,1,27,4,4,6,97,6
4622,2021,1,9,6,18,4,3,1,115,99,1,39,6,6,8,104,6
4623,2021,1,10,7,14,3,2,1,115,99,1,23,3,3,5,104,6
4624,2021,1,10,7,17,3,2,1,115,99,1,36,6,6,8,104,6
4625,2021,1,11,1,11,2,1,1,115,99,1,19,2,2,4,104,6
4626,2021,1,11,1,16,3,2,1,117,99,1,47,8,8,10,104,6
4627,2021,1,11,1,11,2,1,1,117,99,2,38,6,6,8,97,6
4628,2021,1,11,1,19,4,3,1,114,99,2,28,4,4,6,104,6
4629,2021,1,11,1,11,2,1,1,115,99,1,63,11,11,13,104,6
4630,2021,1,11,1,19,4,3,1,115,99,1,55,10,10,12,104,6
4631,2021,1,12,2,9,2,1,1,115,99,1,55,10,10,12,97,6
4632,2021,1,12,2,13,3,2,1,115,99,1,43,7,7,9,97,6
4633,2021,1,12,2,19,4,3,1,116,99,1,29,4,4,6,104,6
4634,2021,1,12,2,20,4,3,1,117,99,2,40,7,7,9,97,6
4635,2021,1,13,3,13,3,2,1,114,99,1,35,6,6,8,104,6
4636,2021,1,13,3,13,3,2,1,114,99,1,34,5,5,7,104,6
4637,2021,1,13,3,15,3,2,1,115,99,1,29,4,4,6,97,6
4638,2021,1,14,4,8,2,1,1,115,99,2,45,8,8,10,96,6
4639,2021,1,14,4,14,3,2,1,115,99,1,29,4,4,6,104,6
4640,2021,1,14,4,17,3,2,1,117,99,1,37,6,6,8,97,6
4641,2021,1,14,4,10,2,1,1,116,99,1,55,10,10,12,97,6
4642,2021,1,15,5,15,3,2,1,114,99,1,44,7,7,9,97,6
4643,2021,1,15,5,16,3,2,1,115,99,2,34,5,5,7,104,6
4644,2021,1,15,5,17,3,2,1,114,99,2,43,7,7,9,104,6
4645,2021,1,16,6,12,3,2,1,117,99,1,23,3,3,5,104,6
4646,2021,1,16,6,13,3,2,1,117,99,1,23,3,3,5,97,6
4647,2021,1,16,6,14,3,2,1,116,99,2,24,3,3,5,97,6
4648,2021,1,16,6,16,3,2,1,115,99,2,34,5,5,7,97,6
4649,2021,1,18,1,12,3,2,1,116,99,1,57,10,10,12,97,6
4650,2021,1,18,1,15,3,2,1,115,99,1,37,6,6,8,97,6
4651,2021,1,18,1,10,2,1,1,115,99,1,39,6,6,8,97,6
4652,2021,1,19,2,12,3,2,1,115,99,1,19,2,2,4,97,6
4653,2021,1,19,2,14,3,2,1,116,99,1,37,6,6,8,96,6
4654,2021,1,19,2,18,4,3,1,116,99,1,21,3,3,5,97,6
4655,2021,1,19,2,13,3,2,1,115,99,1,33,5,5,7,97,6
4656,2021,1,20,3,8,2,1,1,115,99,1,30,5,5,7,97,6
4657,2021,1,20,3,18,4,3,1,115,99,2,29,4,4,6,104,6
4658,2021,1,20,3,99,5,4,1,115,99,2,999,12,16,18,104,6
4659,2021,1,20,3,99,5,4,1,115,99,1,999,12,16,18,104,6
4660,2021,1,20,3,11,2,1,1,117,99,2,26,4,4,6,97,6
4661,2021,1,20,3,13,3,2,1,115,99,1,31,5,5,7,104,6
4662,2021,1,20,3,16,3,2,1,115,99,2,23,3,3,5,97,6
4663,2021,1,20,3,13,3,2,1,115,99,1,49,8,8,10,97,6
4664,2021,1,20,3,20,4,3,1,117,99,1,18,2,2,4,97,6
4665,2021,1,21,4,15,3,2,1,114,99,1,47,8,8,10,97,6
4666,2021,1,21,4,17,3,2,1,115,99,1,47,8,8,10,97,6
4667,2021,1,22,5,19,4,3,1,117,99,1,30,5,5,7,97,6
4668,2021,1,22,5,14,3,2,1,115,99,2,32,5,5,7,104,6
4669,2021,1,22,5,10,2,1,1,115,99,2,33,5,5,7,104,6
4670,2021,1,22,5,18,4,3,1,115,99,1,28,4,4,6,97,6
4671,2021,1,22,5,19,4,3,1,115,99,1,47,8,8,10,96,6
4672,2021,1,22,5,15,3,2,1,115,99,1,21,3,3,5,97,6
4673,2021,1,22,5,20,4,3,1,115,99,2,38,6,6,8,97,6
4674,2021,1,22,5,4,1,1,1,115,99,2,52,9,9,11,105,6
4675,2021,1,23,6,10,2,1,1,114,99,1,27,4,4,6,104,6
4676,2021,1,25,1,11,2,1,1,115,99,1,23,3,3,5,104,6
4677,2021,1,26,2,14,3,2,1,115,99,2,32,5,5,7,104,6
4678,2021,1,26,2,15,3,2,1,115,99,1,45,8,8,10,104,6
4679,2021,1,26,2,15,3,2,1,115,99,1,39,6,6,8,104,6
4680,2021,1,26,2,15,3,2,1,115,99,1,35,6,6,8,97,6
4681,2021,1,26,2,14,3,2,1,115,99,1,60,11,11,13,97,6
4682,2021,1,27,3,16,3,2,1,115,99,1,42,7,7,9,97,6
4683,2021,1,27,3,13,3,2,1,115,99,2,32,5,5,7,97,6
4684,2021,1,27,3,11,2,1,1,115,99,1,57,10,10,12,104,6
4685,2021,1,28,4,11,2,1,1,116,99,1,31,5,5,7,97,6
4686,2021,1,28,4,11,2,1,1,117,99,1,51,9,9,11,104,6
4687,2021,1,28,4,15,3,2,1,115,99,1,30,5,5,7,97,6
4688,2021,1,28,4,17,3,2,1,115,99,1,35,6,6,8,97,6
4689,2021,1,29,5,13,3,2,1,117,99,2,25,4,4,6,97,6
4690,2021,1,29,5,15,3,2,1,115,99,2,61,11,11,13,104,6
4691,2021,1,29,5,16,3,2,1,115,99,1,36,6,6,8,104,6
4692,2021,1,29,5,16,3,2,1,115,99,1,40,7,7,9,97,6
4693,2021,1,29,5,16,3,2,1,117,99,1,27,4,4,6,97,6
4694,2021,1,30,6,8,2,1,1,116,99,1,20,3,3,5,104,6
4695,2021,1,30,6,16,3,2,1,115,99,1,60,11,11,13,104,6
4696,2021,1,30,6,15,3,2,1,114,99,1,35,6,6,8,104,6
4697,2021,1,30,6,17,3,2,1,115,99,1,43,7,7,9,104,6
4698,2021,1,30,6,18,4,3,1,115,99,1,32,5,5,7,104,6
4699,2021,1,30,6,12,3,2,1,116,99,1,21,3,3,5,104,6
4700,2021,1,30,6,20,4,3,1,116,99,1,48,8,8,10,97,6
4701,2021,1,1,5,10,2,1,1,108,99,1,44,7,7,9,104,6
4702,2021,1,1,5,13,3,2,1,108,99,1,45,8,8,10,104,6
4703,2021,1,2,6,13,3,2,1,110,99,1,49,8,8,10,104,6
4704,2021,1,4,1,10,2,1,1,110,99,2,54,9,9,11,104,6
4705,2021,1,4,1,11,2,1,1,108,99,1,36,6,6,8,97,6
4706,2021,1,5,2,12,3,2,1,110,99,2,21,3,3,5,104,6
4707,2021,1,5,2,13,3,2,1,108,99,1,55,10,10,12,97,6
4708,2021,1,6,3,9,2,1,1,108,99,2,58,10,10,12,97,6
4709,2021,1,6,3,10,2,1,1,108,99,1,37,6,6,8,104,6
4710,2021,1,6,3,10,2,1,1,111,99,1,32,5,5,7,104,6
4711,2021,1,6,3,15,3,2,1,108,99,2,49,8,8,10,104,6
4712,2021,1,7,4,11,2,1,1,110,99,1,26,4,4,6,104,6
4713,2021,1,7,4,16,3,2,1,108,99,2,43,7,7,9,104,6
4714,2021,1,8,5,9,2,1,1,108,99,1,38,6,6,8,97,6
4715,2021,1,8,5,10,2,1,1,106,99,1,26,4,4,6,104,6
4716,2021,1,8,5,13,3,2,1,108,99,1,24,3,3,5,104,6
4717,2021,1,8,5,15,3,2,1,108,99,1,32,5,5,7,97,6
4718,2021,1,9,6,12,3,2,1,108,99,2,32,5,5,7,97,6
4719,2021,1,9,6,17,3,2,1,108,99,1,32,5,5,7,97,6
4720,2021,1,11,1,12,3,2,1,108,99,1,999,12,16,18,99,6
4721,2021,1,11,1,12,3,2,1,111,99,1,25,4,4,6,97,6
4722,2021,1,11,1,14,3,2,1,109,99,1,50,9,9,11,104,6
4723,2021,1,11,1,16,3,2,1,108,99,2,41,7,7,9,104,6
4724,2021,1,12,2,10,2,1,1,110,99,1,19,2,2,4,97,6
4725,2021,1,12,2,10,2,1,1,110,99,1,36,6,6,8,104,6
4726,2021,1,12,2,11,2,1,1,108,99,1,32,5,5,7,104,6
4727,2021,1,12,2,11,2,1,1,108,99,2,32,5,5,7,97,6
4728,2021,1,12,2,13,3,2,1,110,99,1,25,4,4,6,104,6
4729,2021,1,12,2,18,4,3,1,108,99,1,40,7,7,9,104,6
4730,2021,1,13,3,8,2,1,1,108,99,2,24,3,3,5,104,6
4731,2021,1,13,3,19,4,3,1,110,99,1,23,3,3,5,104,6
4732,2021,1,13,3,12,3,2,3,301,99,1,35,6,6,8,104,6
4733,2021,1,13,3,15,3,2,1,108,99,2,55,10,10,12,104,6
4734,2021,1,14,4,11,2,1,1,108,99,2,33,5,5,7,104,6
4735,2021,1,15,5,9,2,1,1,108,99,2,40,7,7,9,96,6
4736,2021,1,15,5,10,2,1,1,108,99,2,35,6,6,8,97,6
4737,2021,1,15,5,15,3,2,1,108,99,1,35,6,6,8,104,6
4738,2021,1,15,5,11,2,1,1,108,99,1,45,8,8,10,104,6
4739,2021,1,15,5,15,3,2,1,108,99,2,42,7,7,9,104,6
4740,2021,1,15,5,20,4,3,1,108,99,1,28,4,4,6,104,6
4741,2021,1,16,6,19,4,3,1,108,99,1,35,6,6,8,104,6
4742,2021,1,16,6,16,3,2,1,108,99,1,40,7,7,9,97,6
4743,2021,1,17,7,16,3,2,3,312,99,1,27,4,4,6,97,6
4744,2021,1,18,1,15,3,2,1,108,99,1,20,3,3,5,97,6
4745,2021,1,18,1,15,3,2,3,308,99,1,26,4,4,6,104,6
4746,2021,1,19,2,12,3,2,1,110,99,2,34,5,5,7,104,6
4747,2021,1,19,2,14,3,2,1,110,99,2,23,3,3,5,97,6
4748,2021,1,19,2,14,3,2,1,110,99,2,41,7,7,9,104,6
4749,2021,1,20,3,9,2,1,1,108,99,1,62,11,11,13,96,6
4750,2021,1,20,3,23,4,3,1,108,99,1,34,5,5,7,97,6
4751,2021,1,21,4,13,3,2,1,108,99,1,27,4,4,6,97,6
4752,2021,1,21,4,20,4,3,1,108,99,1,42,7,7,9,97,6
4753,2021,1,22,5,12,3,2,1,110,99,1,34,5,5,7,97,6
4754,2021,1,22,5,15,3,2,1,108,99,1,57,10,10,12,97,6
4755,2021,1,22,5,18,4,3,1,108,99,2,44,7,7,9,104,6
4756,2021,1,22,5,18,4,3,1,108,99,1,48,8,8,10,97,6
4757,2021,1,22,5,18,4,3,1,108,99,1,26,4,4,6,104,6
4758,2021,1,22,5,18,4,3,1,108,99,1,42,7,7,9,104,6
4759,2021,1,23,6,11,2,1,1,108,99,1,50,9,9,11,97,6
4760,2021,1,23,6,20,4,3,1,108,99,1,32,5,5,7,97,6
4761,2021,1,24,7,10,2,1,1,108,99,1,28,4,4,6,97,6
4762,2021,1,24,7,15,3,2,1,108,99,1,27,4,4,6,104,6
4763,2021,1,24,7,15,3,2,1,101,19,1,47,8,8,10,97,6
4764,2021,1,25,1,12,3,2,1,108,99,1,41,7,7,9,97,6
4765,2021,1,26,2,8,2,1,1,108,99,1,76,11,14,16,97,6
4766,2021,1,26,2,16,3,2,1,110,99,1,53,9,9,11,104,6
4767,2021,1,27,3,8,2,1,1,110,99,1,22,3,3,5,104,6
4768,2021,1,27,3,16,3,2,1,110,99,1,28,4,4,6,104,6
4769,2021,1,27,3,10,2,1,1,109,99,1,38,6,6,8,104,6
4770,2021,1,27,3,15,3,2,1,108,99,1,23,3,3,5,104,6
4771,2021,1,27,3,16,3,2,1,108,99,1,26,4,4,6,104,6
4772,2021,1,27,3,18,4,3,1,108,99,1,25,4,4,6,97,6
4773,2021,1,28,4,11,2,1,1,108,99,2,21,3,3,5,104,6
4774,2021,1,28,4,12,3,2,1,108,99,1,43,7,7,9,104,6
4775,2021,1,28,4,14,3,2,1,101,25,2,25,4,4,6,104,6
4776,2021,1,30,6,14,3,2,1,108,99,1,58,10,10,12,104,6
4777,2021,1,30,6,9,2,1,1,108,99,1,44,7,7,9,104,6
4778,2021,1,31,7,11,2,1,1,108,99,1,31,5,5,7,99,6
4779,2021,2,3,3,14,3,2,20,2001,99,1,24,3,3,5,74,6
4780,2021,2,7,7,17,3,2,20,2011,99,1,44,7,7,9,97,6
4781,2021,2,10,3,12,3,2,20,2001,99,2,18,2,2,4,97,6
4782,2021,2,12,5,17,3,2,20,2007,99,2,34,5,5,7,74,6
4783,2021,2,13,6,13,3,2,20,2009,99,1,37,6,6,8,97,6
4784,2021,2,12,5,5,1,1,20,2010,99,1,51,9,9,11,74,6
4785,2021,2,13,6,14,3,2,20,2001,99,2,33,5,5,7,74,6
4786,2021,2,13,6,13,3,2,20,2004,99,1,29,4,4,6,97,6
4787,2021,2,9,2,10,2,1,20,2008,99,2,45,8,8,10,74,6
4788,2021,2,8,1,15,3,2,20,2001,99,1,43,7,7,9,97,6
4789,2021,2,15,1,13,3,2,20,2001,99,2,23,3,3,5,97,6
4790,2021,2,22,1,13,3,2,20,2004,99,1,43,7,7,9,74,6
4791,2021,2,1,1,13,3,2,9,922,99,2,25,4,4,6,104,6
4792,2021,2,3,3,12,3,2,9,920,99,2,43,7,7,9,104,6
4793,2021,2,2,2,13,3,2,9,920,99,1,55,10,10,12,104,6
4794,2021,2,2,2,13,3,2,9,920,99,1,32,5,5,7,104,6
4795,2021,2,2,2,12,3,2,9,917,99,1,36,6,6,8,104,6
4796,2021,2,2,2,14,3,2,9,920,99,1,52,9,9,11,104,6
4797,2021,2,2,2,10,2,1,9,920,99,2,68,11,12,14,104,6
4798,2021,2,2,2,16,3,2,9,920,99,1,45,8,8,10,104,6
4799,2021,2,2,2,14,3,2,9,922,99,1,30,5,5,7,104,6
4800,2021,2,2,2,13,3,2,12,1230,99,1,46,8,8,10,104,6
4801,2021,2,5,5,99,5,4,12,1230,99,2,32,5,5,7,104,6
4802,2021,2,5,5,16,3,2,9,917,99,2,32,5,5,7,104,6
4803,2021,2,5,5,16,3,2,9,920,99,1,49,8,8,10,104,6
4804,2021,2,6,6,15,3,2,12,1230,99,1,21,3,3,5,104,6
4805,2021,2,6,6,13,3,2,12,1222,99,2,23,3,3,5,104,6
4806,2021,2,8,1,13,3,2,12,1212,99,1,27,4,4,6,104,6
4807,2021,2,9,2,14,3,2,9,920,99,2,47,8,8,10,97,6
4808,2021,2,9,2,14,3,2,9,920,99,1,32,5,5,7,104,6
4809,2021,2,9,2,21,4,3,11,1107,99,2,26,4,4,6,104,6
4810,2021,2,11,4,10,2,1,9,920,99,2,32,5,5,7,74,6
4811,2021,2,11,4,14,3,2,12,1220,99,2,21,3,3,5,104,6
4812,2021,2,12,5,13,3,2,9,920,99,1,46,8,8,10,104,6
4813,2021,2,12,5,11,2,1,9,920,99,1,33,5,5,7,104,6
4814,2021,2,16,2,15,3,2,9,917,99,2,36,6,6,8,104,6
4815,2021,2,16,2,11,2,1,9,920,99,2,24,3,3,5,104,6
4816,2021,2,16,2,14,3,2,9,920,99,2,27,4,4,6,104,6
4817,2021,2,16,2,14,3,2,9,920,99,1,31,5,5,7,104,6
4818,2021,2,16,2,9,2,1,9,920,99,2,28,4,4,6,104,6
4819,2021,2,17,3,21,4,3,9,922,99,2,41,7,7,9,104,6
4820,2021,2,17,3,9,2,1,9,922,99,2,21,3,3,5,104,6
4821,2021,2,17,3,14,3,2,12,1220,99,1,33,5,5,7,104,6
4822,2021,2,17,3,10,2,1,9,920,99,1,24,3,3,5,104,6
4823,2021,2,18,4,21,4,3,9,917,99,1,36,6,6,8,104,6
4824,2021,2,19,5,99,5,4,12,1220,99,2,999,12,16,18,74,6
4825,2021,2,1,1,16,3,2,13,1301,99,2,999,12,16,18,74,6
4826,2021,2,2,2,17,3,2,13,1301,99,1,23,3,3,5,97,6
4827,2021,2,3,3,11,2,1,13,1314,99,2,38,6,6,8,74,6
4828,2021,2,3,3,12,3,2,13,1301,99,2,38,6,6,8,74,6
4829,2021,2,4,4,9,2,1,13,1302,99,1,25,4,4,6,74,6
4830,2021,2,5,5,12,3,2,13,1301,99,1,999,12,16,18,74,6
4831,2021,2,6,6,15,3,2,13,1327,99,1,62,11,11,13,74,6
4832,2021,2,7,7,12,3,2,13,1301,99,2,21,3,3,5,74,6
4833,2021,2,8,1,7,2,1,13,1321,99,1,65,11,12,14,74,6
4834,2021,2,9,2,19,4,3,13,1314,99,1,37,6,6,8,74,6
4835,2021,2,10,3,10,2,1,13,1301,99,1,57,10,10,12,74,6
4836,2021,2,10,3,15,3,2,13,1301,99,2,999,12,16,18,74,6
4837,2021,2,11,4,13,3,2,13,1327,99,1,30,5,5,7,74,6
4838,2021,2,14,7,13,3,2,13,1301,99,2,43,7,7,9,74,6
4839,2021,2,16,2,12,3,2,13,1314,99,1,59,10,10,12,74,6
4840,2021,2,17,3,11,2,1,13,1326,99,1,45,8,8,10,95,6
4841,2021,2,18,4,11,2,1,13,1301,99,1,37,6,6,8,97,6
4842,2021,2,19,5,14,3,2,13,1301,99,1,21,3,3,5,74,6
4843,2021,2,19,5,15,3,2,13,1301,99,1,999,12,16,18,74,6
4844,2021,2,22,1,14,3,2,13,1301,99,1,51,9,9,11,74,6
4845,2021,2,2,2,99,5,4,1,108,99,2,26,4,4,6,104,6
4846,2021,2,4,4,14,3,2,1,108,99,1,22,3,3,5,97,6
4847,2021,2,5,5,15,3,2,1,108,99,2,31,5,5,7,104,6
4848,2021,2,5,5,11,2,1,1,108,99,1,32,5,5,7,104,6
4849,2021,2,8,1,12,3,2,1,108,99,2,24,3,3,5,97,6
4850,2021,2,8,1,12,3,2,1,108,99,1,34,5,5,7,104,6
4851,2021,2,10,3,8,2,1,1,108,99,2,999,12,16,18,104,6
4852,2021,2,10,3,19,4,3,1,108,99,1,24,3,3,5,104,6
4853,2021,2,10,3,9,2,1,1,108,99,1,61,11,11,13,104,6
4854,2021,2,17,3,13,3,2,1,108,99,2,53,9,9,11,104,6
4855,2021,2,17,3,9,2,1,1,108,99,1,33,5,5,7,97,6
4856,2021,2,17,3,20,4,3,1,108,99,1,30,5,5,7,97,6
4857,2021,2,19,5,8,2,1,1,108,99,2,23,3,3,5,97,6
4858,2021,2,17,3,16,3,2,17,1712,99,1,29,4,4,6,104,6
4859,2021,2,8,1,15,3,2,14,1402,99,1,36,6,6,8,74,6
4860,2021,2,8,1,13,3,2,14,1401,99,1,24,3,3,5,97,6
4861,2021,2,8,1,15,3,2,14,1401,99,1,39,6,6,8,74,6
4862,2021,2,8,1,9,2,1,14,1401,99,1,36,6,6,8,74,6
4863,2021,2,8,1,10,2,1,14,1413,99,1,999,12,16,18,74,6
4864,2021,2,10,3,14,3,2,14,1401,99,1,48,8,8,10,74,6
4865,2021,2,12,5,15,3,2,14,1419,99,2,48,8,8,10,74,6
4866,2021,2,15,1,11,2,1,14,1413,99,1,41,7,7,9,74,6
4867,2021,2,15,1,14,3,2,14,1418,99,2,18,2,2,4,74,6
4868,2021,2,15,1,11,2,1,14,1412,99,2,21,3,3,5,74,6
4869,2021,2,18,4,11,2,1,14,1412,99,1,28,4,4,6,74,6
4870,2021,2,18,4,17,3,2,14,1401,99,1,32,5,5,7,74,6
4871,2021,2,19,5,16,3,2,14,1404,99,2,27,4,4,6,74,6
4872,2021,2,1,1,13,3,2,3,314,99,2,25,4,4,6,74,6
4873,2021,2,1,1,13,3,2,3,304,99,1,20,3,3,5,74,6
4874,2021,2,2,2,16,3,2,3,315,99,2,38,6,6,8,74,6
4875,2021,2,2,2,16,3,2,3,309,99,1,38,6,6,8,74,6
4876,2021,2,2,2,13,3,2,3,311,99,2,40,7,7,9,74,6
4877,2021,2,2,2,14,3,2,3,309,99,1,28,4,4,6,74,6
4878,2021,2,2,2,18,4,3,3,309,99,2,26,4,4,6,74,6
4879,2021,2,2,2,18,4,3,3,309,99,2,42,7,7,9,74,6
4880,2021,2,2,2,18,4,3,3,309,99,1,21,3,3,5,74,6
4881,2021,2,2,2,19,4,3,3,309,99,1,34,5,5,7,74,6
4882,2021,2,2,2,9,2,1,3,315,99,1,43,7,7,9,74,6
4883,2021,2,3,3,10,2,1,3,312,99,1,62,11,11,13,74,6
4884,2021,2,3,3,13,3,2,3,308,99,1,32,5,5,7,74,6
4885,2021,2,3,3,13,3,2,3,309,99,2,30,5,5,7,74,6
4886,2021,2,4,4,12,3,2,3,301,99,2,34,5,5,7,74,6
4887,2021,2,4,4,13,3,2,3,312,99,1,21,3,3,5,74,6
4888,2021,2,4,4,16,3,2,3,301,99,1,21,3,3,5,74,6
4889,2021,2,8,1,14,3,2,3,312,99,1,43,7,7,9,74,6
4890,2021,2,8,1,18,4,3,3,301,99,2,50,9,9,11,74,6
4891,2021,2,8,1,14,3,2,3,302,99,1,43,7,7,9,74,6
4892,2021,2,8,1,15,3,2,3,301,99,1,55,10,10,12,74,6
4893,2021,2,8,1,15,3,2,3,309,99,2,20,3,3,5,74,6
4894,2021,2,9,2,14,3,2,3,302,99,1,26,4,4,6,74,6
4895,2021,2,10,3,10,2,1,3,315,99,1,26,4,4,6,74,6
4896,2021,2,11,4,10,2,1,3,301,99,1,31,5,5,7,74,6
4897,2021,2,11,4,13,3,2,3,315,99,1,48,8,8,10,74,6
4898,2021,2,11,4,23,4,3,3,308,99,1,25,4,4,6,74,6
4899,2021,2,13,6,7,2,1,3,302,99,1,46,8,8,10,74,6
4900,2021,2,13,6,14,3,2,3,308,99,1,36,6,6,8,74,6
4901,2021,2,14,7,10,2,1,3,302,99,1,26,4,4,6,74,6
4902,2021,2,14,7,9,2,1,3,301,99,1,22,3,3,5,74,6
4903,2021,2,15,1,13,3,2,3,301,99,2,55,10,10,12,74,6
4904,2021,2,15,1,11,2,1,3,301,99,2,27,4,4,6,74,6
4905,2021,2,16,2,12,3,2,3,301,99,2,35,6,6,8,74,6
4906,2021,2,16,2,15,3,2,3,301,99,2,25,4,4,6,74,6
4907,2021,2,17,3,12,3,2,3,304,99,2,41,7,7,9,74,6
4908,2021,2,18,4,18,4,3,3,301,99,2,33,5,5,7,74,6
4909,2021,2,18,4,12,3,2,3,312,99,2,40,7,7,9,74,6
4910,2021,2,18,4,15,3,2,3,311,99,1,55,10,10,12,74,6
4911,2021,2,18,4,15,3,2,3,313,99,1,38,6,6,8,74,6
4912,2021,2,19,5,10,2,1,3,302,99,1,21,3,3,5,74,6
4913,2021,2,19,5,16,3,2,3,309,99,2,48,8,8,10,74,6
4914,2021,2,20,6,14,3,2,3,304,99,1,47,8,8,10,74,6
4915,2021,2,20,6,23,4,3,3,315,99,1,22,3,3,5,74,6
4916,2021,2,21,7,16,3,2,3,313,99,1,27,4,4,6,74,6
4917,2021,2,22,1,17,3,2,3,308,99,2,22,3,3,5,74,6
4918,2021,2,1,1,12,3,2,12,1202,99,2,49,8,8,10,104,6
4919,2021,2,2,2,15,3,2,12,1215,99,2,42,7,7,9,104,6
4920,2021,2,2,2,10,2,1,12,1201,99,2,38,6,6,8,74,6
4921,2021,2,4,4,10,2,1,12,1202,99,1,53,9,9,11,74,6
4922,2021,2,5,5,14,3,2,12,1209,99,1,38,6,6,8,104,6
4923,2021,2,8,1,8,2,1,12,1202,99,1,35,6,6,8,97,6
4924,2021,2,8,1,11,2,1,12,1203,99,1,35,6,6,8,97,6
4925,2021,2,10,3,10,2,1,12,1224,99,2,23,3,3,5,104,6
4926,2021,2,11,4,10,2,1,12,1201,99,1,48,8,8,10,74,6
4927,2021,2,13,6,12,3,2,12,1202,99,1,19,2,2,4,104,6
4928,2021,2,14,7,9,2,1,12,1215,99,2,39,6,6,8,104,6
4929,2021,2,15,1,14,3,2,12,1211,99,1,58,10,10,12,104,6
4930,2021,2,16,2,19,4,3,12,1214,99,1,42,7,7,9,74,6
4931,2021,2,18,4,14,3,2,12,1215,99,1,999,12,16,18,104,6
4932,2021,2,21,7,15,3,2,12,1201,99,1,23,3,3,5,97,6
4933,2021,2,21,7,11,2,1,12,1201,99,1,48,8,8,10,104,6
4934,2021,2,22,1,11,2,1,12,1210,99,2,37,6,6,8,104,6
4935,2021,2,22,1,99,5,4,12,1205,99,2,999,12,16,18,74,6
4936,2021,2,4,4,14,3,2,7,701,99,2,38,6,6,8,104,6
4937,2021,2,4,4,15,3,2,7,705,99,1,35,6,6,8,97,6
4938,2021,2,11,4,14,3,2,7,705,99,1,37,6,6,8,104,6
4939,2021,2,12,5,19,4,3,7,710,99,1,24,3,3,5,104,6
4940,2021,2,14,7,10,2,1,7,718,99,1,28,4,4,6,97,6
4941,2021,2,15,1,21,4,3,7,709,99,1,50,9,9,11,97,6
4942,2021,2,16,2,10,2,1,7,717,99,2,25,4,4,6,104,6
4943,2021,2,16,2,16,3,2,7,718,99,2,42,7,7,9,97,6
4944,2021,2,17,3,8,2,1,7,701,99,1,26,4,4,6,104,6
4945,2021,2,18,4,19,4,3,7,717,99,2,21,3,3,5,104,6
4946,2021,2,19,5,14,3,2,7,719,99,2,25,4,4,6,104,6
4947,2021,2,19,5,10,2,1,7,704,99,1,56,10,10,12,104,6
4948,2021,2,20,6,18,4,3,7,701,99,2,26,4,4,6,97,6
4949,2021,2,22,1,12,3,2,7,701,99,2,18,2,2,4,97,6
4950,2021,2,2,2,11,2,1,8,801,99,2,34,5,5,7,104,6
4951,2021,2,7,7,13,3,2,8,801,99,1,26,4,4,6,104,6
4952,2021,2,9,2,9,2,1,8,801,99,1,44,7,7,9,104,6
4953,2021,2,9,2,13,3,2,8,801,99,1,47,8,8,10,97,6
4954,2021,2,11,4,12,3,2,8,801,99,1,27,4,4,6,104,6
4955,2021,2,12,5,13,3,2,8,801,99,1,26,4,4,6,104,6
4956,2021,2,17,3,12,3,2,8,801,99,1,29,4,4,6,104,6
4957,2021,2,18,4,9,2,1,8,801,99,2,20,3,3,5,104,6
4958,2021,2,2,2,10,2,1,1,115,99,1,53,9,9,11,104,6
4959,2021,2,2,2,15,3,2,1,115,99,9,999,12,16,18,104,6
4960,2021,2,2,2,99,5,4,1,116,99,2,999,12,16,18,104,6
4961,2021,2,3,3,8,2,1,1,117,99,1,22,3,3,5,104,6
4962,2021,2,3,3,10,2,1,1,116,99,2,37,6,6,8,104,6
4963,2021,2,3,3,8,2,1,1,114,99,9,999,12,16,18,104,6
4964,2021,2,3,3,13,3,2,1,114,99,9,999,12,16,18,104,6
4965,2021,2,3,3,13,3,2,1,116,99,9,999,12,16,18,104,6
4966,2021,2,3,3,11,2,1,1,114,99,9,999,12,16,18,104,6
4967,2021,2,5,5,10,2,1,1,115,99,2,31,5,5,7,104,6
4968,2021,2,7,7,3,1,1,1,114,99,2,44,7,7,9,104,6
4969,2021,2,7,7,14,3,2,1,114,99,1,74,11,13,15,104,6
4970,2021,2,7,7,13,3,2,1,114,99,9,999,12,16,18,104,6
4971,2021,2,8,1,10,2,1,1,116,99,2,45,8,8,10,104,6
4972,2021,2,9,2,14,3,2,1,114,99,2,36,6,6,8,104,6
4973,2021,2,9,2,11,2,1,1,114,99,1,33,5,5,7,104,6
4974,2021,2,9,2,16,3,2,1,114,99,9,999,12,16,18,104,6
4975,2021,2,9,2,8,2,1,1,114,99,2,999,12,16,18,104,6
4976,2021,2,10,3,14,3,2,1,116,99,2,27,4,4,6,104,6
4977,2021,2,10,3,11,2,1,1,116,99,1,44,7,7,9,104,6
4978,2021,2,10,3,13,3,2,1,116,99,1,23,3,3,5,104,6
4979,2021,2,10,3,16,3,2,1,117,99,1,35,6,6,8,104,6
4980,2021,2,10,3,17,3,2,1,117,99,2,54,9,9,11,104,6
4981,2021,2,10,3,9,2,1,1,114,99,2,39,6,6,8,104,6
4982,2021,2,10,3,99,5,4,1,114,99,1,88,11,15,17,104,6
4983,2021,2,10,3,99,5,4,1,114,99,2,48,8,8,10,104,6
4984,2021,2,10,3,15,3,2,1,116,99,1,12,1,1,3,104,6
4985,2021,2,10,3,16,3,2,1,114,99,1,38,6,6,8,104,6
4986,2021,2,10,3,12,3,2,1,114,99,2,70,11,13,15,104,6
4987,2021,2,12,5,8,2,1,1,117,99,1,30,5,5,7,104,6
4988,2021,2,15,1,12,3,2,1,114,99,9,999,12,16,18,104,6
4989,2021,2,16,2,14,3,2,1,116,99,1,36,6,6,8,104,6
4990,2021,2,19,5,10,2,1,1,114,99,1,29,4,4,6,104,6
4991,2021,2,19,5,13,3,2,1,114,99,1,22,3,3,5,104,6
4992,2021,2,19,5,10,2,1,1,114,99,1,37,6,6,8,104,6
4993,2021,2,19,5,3,1,1,1,114,99,9,999,12,16,18,104,6
4994,2021,2,19,5,9,2,1,1,115,99,9,999,12,16,18,104,6
4995,2021,2,19,5,16,3,2,1,115,99,9,999,12,16,18,104,6
4996,2021,2,20,6,99,5,4,1,114,99,1,999,12,16,18,104,6
4997,2021,2,20,6,16,3,2,1,114,99,9,999,12,16,18,104,6
4998,2021,2,22,1,8,2,1,1,114,99,9,999,12,16,18,104,6
4999,2021,2,22,1,1,1,1,1,114,99,9,999,12,16,18,104,6
5000,2021,2,22,1,10,2,1,1,117,99,9,999,12,16,18,104,6
5001,2021,2,22,1,13,3,2,1,116,99,1,26,4,4,6,104,6
5002,2021,2,2,2,14,3,2,19,1901,99,2,25,4,4,6,74,6
5003,2021,2,4,4,14,3,2,19,1904,99,1,19,2,2,4,74,6
5004,2021,2,8,1,9,2,1,19,1911,99,2,999,12,16,18,74,6
5005,2021,2,8,1,20,4,3,19,1904,99,1,21,3,3,5,74,6
5006,2021,2,8,1,10,2,1,19,1901,99,1,29,4,4,6,74,6
5007,2021,2,16,2,11,2,1,19,1904,99,1,43,7,7,9,74,6
5008,2021,2,20,6,9,2,1,19,1901,99,2,52,9,9,11,104,6
5009,2021,2,22,1,14,3,2,14,1401,99,1,47,8,8,10,74,6
5010,2021,2,24,3,9,2,1,14,1403,99,1,45,8,8,10,74,6
5011,2021,2,24,3,12,3,2,14,1415,99,1,27,4,4,6,74,6
5012,2021,2,26,5,11,2,1,14,1401,99,1,54,9,9,11,74,6
5013,2021,2,26,5,17,3,2,14,1401,99,2,29,4,4,6,74,6
5014,2021,2,26,5,17,3,2,14,1413,99,1,999,12,16,18,74,6
5015,2021,2,26,5,18,4,3,14,1413,99,2,23,3,3,5,74,6
5016,2021,2,27,6,9,2,1,14,1414,99,1,29,4,4,6,74,6
5017,2021,2,20,6,19,4,3,20,2007,99,1,33,5,5,7,97,6
5018,2021,2,17,3,9,2,1,20,2001,99,1,38,6,6,8,95,6
5019,2021,2,22,1,12,3,2,20,2001,99,2,32,5,5,7,74,6
5020,2021,2,24,3,15,3,2,7,701,99,1,24,3,3,5,104,6
5021,2021,2,26,5,12,3,2,17,1701,99,1,32,5,5,7,97,6
5022,2021,2,24,3,12,3,2,1,114,99,1,68,11,12,14,104,6
5023,2021,2,24,3,9,2,1,1,114,99,9,999,12,16,18,104,6
5024,2021,2,25,4,14,3,2,1,116,99,1,57,10,10,12,104,6
5025,2021,2,26,5,9,2,1,1,116,99,2,33,5,5,7,104,6
5026,2021,2,26,5,99,5,4,1,116,99,1,42,7,7,9,104,6
5027,2021,2,26,5,13,3,2,1,115,99,9,999,12,16,18,104,6
5028,2021,2,23,2,11,2,1,9,920,99,2,49,8,8,10,104,6
5029,2021,2,23,2,10,2,1,12,1221,99,2,30,5,5,7,104,6
5030,2021,2,24,3,15,3,2,9,920,99,1,24,3,3,5,104,6
5031,2021,2,25,4,14,3,2,12,1221,99,2,34,5,5,7,104,6
5032,2021,2,26,5,21,4,3,12,1230,99,1,43,7,7,9,104,6
5033,2021,2,26,5,20,4,3,9,920,99,2,61,11,11,13,104,6
5034,2021,2,24,3,13,3,2,13,1303,99,1,999,12,16,18,74,6
5035,2021,2,25,4,14,3,2,13,1311,99,1,33,5,5,7,74,6
5036,2021,2,27,6,8,2,1,13,1301,99,2,65,11,12,14,74,6
5037,2021,2,23,2,99,5,4,1,108,99,1,61,11,11,13,97,6
5038,2021,2,23,2,11,2,1,12,1211,99,1,63,11,11,13,74,6
5039,2021,2,24,3,12,3,2,12,1213,99,2,35,6,6,8,104,6
5040,2021,2,28,7,10,2,1,9,920,99,2,29,4,4,6,104,6
5041,2021,2,23,2,18,4,3,9,917,99,2,22,3,3,5,104,6
5042,2021,2,2,2,15,3,2,2,204,99,2,31,5,5,7,74,6
5043,2021,2,6,6,22,4,3,2,203,99,2,46,8,8,10,74,6
5044,2021,2,13,6,10,2,1,2,207,99,2,27,4,4,6,74,6
5045,2021,2,25,4,99,5,4,1,108,99,9,999,12,16,18,74,6
5046,2021,2,28,7,11,2,1,14,1418,99,1,37,6,6,8,74,6
5047,2021,2,26,5,12,3,2,7,710,99,2,38,6,6,8,97,6
5048,2021,2,27,6,15,3,2,1,114,99,9,999,12,16,18,104,6
5049,2021,2,27,6,13,3,2,1,114,99,9,999,12,16,18,104,6
5050,2021,2,27,6,11,2,1,1,114,99,9,999,12,16,18,104,6
5051,2021,2,27,6,13,3,2,1,116,99,2,999,12,16,18,97,6
5052,2021,2,27,6,19,4,3,1,117,99,2,30,5,5,7,104,6
5053,2021,2,28,7,20,4,3,1,114,99,2,31,5,5,7,104,6
5054,2021,2,28,7,11,2,1,1,114,99,9,999,12,16,18,104,6
5055,2021,2,28,7,14,3,2,1,114,99,9,999,12,16,18,104,6
5056,2021,2,25,4,11,2,1,19,1901,99,1,47,8,8,10,104,6
5057,2021,2,27,6,12,3,2,19,1904,99,2,31,5,5,7,104,6
5058,2021,2,21,7,10,2,1,3,314,99,1,999,12,16,18,74,6
5059,2021,2,24,3,14,3,2,3,308,99,1,24,3,3,5,74,6
5060,2021,2,26,5,12,3,2,3,305,99,1,36,6,6,8,74,6
5061,2021,2,26,5,13,3,2,3,302,99,1,49,8,8,10,74,6
5062,2021,2,26,5,13,3,2,3,308,99,1,45,8,8,10,74,6
5063,2021,2,26,5,13,3,2,3,306,99,1,29,4,4,6,74,6
5064,2021,2,26,5,14,3,2,3,307,99,1,29,4,4,6,74,6
5065,2021,2,26,5,16,3,2,3,314,99,1,37,6,6,8,74,6
5066,2021,2,27,6,14,3,2,3,301,99,1,26,4,4,6,74,6
5067,2021,2,27,6,15,3,2,3,309,99,1,29,4,4,6,74,6
5068,2021,2,27,6,16,3,2,3,315,99,1,20,3,3,5,74,6
5069,2021,2,28,7,14,3,2,3,312,99,1,59,10,10,12,74,6
5070,2021,2,1,1,1,1,1,1,101,18,2,29,4,4,6,104,6
5071,2021,2,1,1,13,3,2,1,101,1,1,35,6,6,8,97,6
5072,2021,2,1,1,14,3,2,1,101,5,2,28,4,4,6,104,6
5073,2021,2,1,1,15,3,2,1,101,3,1,51,9,9,11,97,6
5074,2021,2,1,1,16,3,2,1,105,99,2,33,5,5,7,104,6
5075,2021,2,1,1,17,3,2,1,115,99,1,45,8,8,10,99,6
5076,2021,2,1,1,19,4,3,1,101,5,2,48,8,8,10,104,6
5077,2021,2,1,1,21,4,3,1,101,12,1,46,8,8,10,97,6
5078,2021,2,1,1,22,4,3,1,101,1,1,999,12,16,18,99,6
5079,2021,2,1,1,22,4,3,1,116,99,1,21,3,3,5,104,6
5080,2021,2,1,1,22,4,3,1,108,99,1,41,7,7,9,104,6
5081,2021,2,1,1,22,4,3,1,116,99,1,30,5,5,7,104,6
5082,2021,2,1,1,22,4,3,1,101,18,2,43,7,7,9,104,6
5083,2021,2,1,1,22,4,3,1,108,99,1,50,9,9,11,97,6
5084,2021,2,1,1,22,4,3,1,101,16,2,43,7,7,9,104,6
5085,2021,2,1,1,22,4,3,9,920,99,2,32,5,5,7,104,6
5086,2021,2,1,1,22,4,3,1,101,9,1,33,5,5,7,104,6
5087,2021,2,1,1,22,4,3,1,101,1,2,27,4,4,6,104,6
5088,2021,2,1,1,22,4,3,1,101,18,1,43,7,7,9,97,6
5089,2021,2,1,1,22,4,3,1,101,1,1,999,12,16,18,97,6
5090,2021,2,2,2,14,3,2,1,117,99,1,41,7,7,9,99,6
5091,2021,2,2,2,15,3,2,1,108,99,2,30,5,5,7,97,6
5092,2021,2,2,2,13,3,2,1,101,5,1,54,9,9,11,97,6
5093,2021,2,2,2,15,3,2,1,101,19,2,43,7,7,9,104,6
5094,2021,2,2,2,15,3,2,1,101,10,1,55,10,10,12,97,6
5095,2021,2,2,2,16,3,2,1,103,99,1,23,3,3,5,104,6
5096,2021,2,2,2,16,3,2,1,101,18,2,60,11,11,13,104,6
5097,2021,2,2,2,17,3,2,1,101,11,2,39,6,6,8,97,6
5098,2021,2,2,2,19,4,3,1,101,7,1,21,3,3,5,104,6
5099,2021,2,2,2,20,4,3,1,101,11,1,42,7,7,9,104,6
5100,2021,2,2,2,20,4,3,1,113,99,1,51,9,9,11,97,6
5101,2021,2,2,2,20,4,3,1,101,21,1,29,4,4,6,104,6
5102,2021,2,2,2,20,4,3,1,101,18,2,999,12,16,18,84,6
5103,2021,2,2,2,20,4,3,1,101,99,1,55,10,10,12,97,6
5104,2021,2,2,2,23,4,3,1,101,21,1,38,6,6,8,104,6
5105,2021,2,3,3,14,3,2,1,101,1,2,48,8,8,10,104,6
5106,2021,2,3,3,14,3,2,1,101,10,1,59,10,10,12,97,6
5107,2021,2,3,3,15,3,2,1,104,99,2,21,3,3,5,104,6
5108,2021,2,3,3,18,4,3,1,101,7,2,32,5,5,7,97,6
5109,2021,2,3,3,20,4,3,1,101,3,1,27,4,4,6,97,6
5110,2021,2,3,3,20,4,3,1,101,7,2,29,4,4,6,104,6
5111,2021,2,3,3,20,4,3,1,101,7,2,48,8,8,10,104,6
5112,2021,2,3,3,20,4,3,1,106,99,2,47,8,8,10,97,6
5113,2021,2,3,3,20,4,3,1,101,1,2,43,7,7,9,97,6
5114,2021,2,3,3,20,4,3,1,101,18,1,32,5,5,7,101,6
5115,2021,2,3,3,20,4,3,1,101,7,1,39,6,6,8,97,6
5116,2021,2,3,3,21,4,3,1,102,99,1,32,5,5,7,97,6
5117,2021,2,3,3,21,4,3,1,105,99,2,30,5,5,7,104,6
5118,2021,2,3,3,21,4,3,1,103,99,2,62,11,11,13,104,6
5119,2021,2,4,4,8,2,1,1,102,99,1,38,6,6,8,97,6
5120,2021,2,4,4,10,2,1,1,101,18,2,23,3,3,5,104,6
5121,2021,2,4,4,11,2,1,1,101,5,1,38,6,6,8,104,6
5122,2021,2,4,4,12,3,2,1,101,11,1,41,7,7,9,97,6
5123,2021,2,4,4,12,3,2,1,101,6,2,48,8,8,10,97,6
5124,2021,2,4,4,13,3,2,1,105,99,1,24,3,3,5,97,6
5125,2021,2,4,4,15,3,2,1,102,99,1,56,10,10,12,104,6
5126,2021,2,4,4,16,3,2,1,101,7,1,19,2,2,4,97,6
5127,2021,2,4,4,16,3,2,1,101,8,2,51,9,9,11,104,6
5128,2021,2,4,4,16,3,2,1,116,99,1,21,3,3,5,97,6
5129,2021,2,4,4,17,3,2,1,101,5,1,45,8,8,10,97,6
5130,2021,2,4,4,20,4,3,1,101,12,1,34,5,5,7,104,6
5131,2021,2,4,4,20,4,3,1,101,18,1,43,7,7,9,104,6
5132,2021,2,4,4,20,4,3,1,101,1,2,49,8,8,10,104,6
5133,2021,2,4,4,20,4,3,1,101,7,2,23,3,3,5,97,6
5134,2021,2,4,4,20,4,3,1,103,99,2,46,8,8,10,97,6
5135,2021,2,4,4,20,4,3,1,101,17,2,52,9,9,11,97,6
5136,2021,2,4,4,21,4,3,1,107,99,2,40,7,7,9,97,6
5137,2021,2,4,4,21,4,3,1,101,5,1,45,8,8,10,104,6
5138,2021,2,4,4,21,4,3,1,101,11,2,35,6,6,8,97,6
5139,2021,2,4,4,21,4,3,1,101,21,2,43,7,7,9,97,6
5140,2021,2,4,4,8,2,1,1,101,18,1,60,11,11,13,97,6
5141,2021,2,5,5,14,3,2,1,101,18,1,31,5,5,7,97,6
5142,2021,2,5,5,16,3,2,1,101,18,1,41,7,7,9,97,6
5143,2021,2,5,5,16,3,2,1,101,10,2,28,4,4,6,97,6
5144,2021,2,5,5,18,4,3,1,103,99,1,28,4,4,6,97,6
5145,2021,2,5,5,18,4,3,1,101,18,1,22,3,3,5,104,6
5146,2021,2,5,5,18,4,3,1,101,18,1,48,8,8,10,97,6
5147,2021,2,5,5,18,4,3,1,101,11,2,35,6,6,8,104,6
5148,2021,2,5,5,18,4,3,1,115,99,2,20,3,3,5,97,6
5149,2021,2,5,5,18,4,3,1,101,18,2,38,6,6,8,97,6
5150,2021,2,5,5,18,4,3,1,108,99,1,26,4,4,6,104,6
5151,2021,2,5,5,18,4,3,1,101,4,1,50,9,9,11,97,6
5152,2021,2,5,5,18,4,3,1,103,99,1,999,12,16,18,104,6
5153,2021,2,5,5,21,4,3,1,101,3,1,28,4,4,6,104,6
5154,2021,2,6,6,10,2,1,1,101,19,1,45,8,8,10,99,6
5155,2021,2,6,6,11,2,1,1,101,18,2,38,6,6,8,104,6
5156,2021,2,6,6,14,3,2,1,101,18,2,37,6,6,8,97,6
5157,2021,2,6,6,15,3,2,1,101,18,1,36,6,6,8,104,6
5158,2021,2,6,6,16,3,2,1,103,99,2,22,3,3,5,97,6
5159,2021,2,6,6,17,3,2,1,101,16,2,27,4,4,6,97,6
5160,2021,2,6,6,21,4,3,1,101,12,2,46,8,8,10,104,6
5161,2021,2,7,7,16,3,2,1,116,99,2,32,5,5,7,97,6
5162,2021,2,7,7,21,4,3,1,101,17,1,50,9,9,11,104,6
5163,2021,2,7,7,21,4,3,1,101,5,1,24,3,3,5,104,6
5164,2021,2,8,1,11,2,1,1,101,5,2,21,3,3,5,97,6
5165,2021,2,8,1,12,3,2,1,102,99,1,42,7,7,9,97,6
5166,2021,2,8,1,14,3,2,1,101,2,1,45,8,8,10,97,6
5167,2021,2,8,1,14,3,2,1,106,99,1,36,6,6,8,104,6
5168,2021,2,8,1,17,3,2,1,107,99,1,50,9,9,11,104,6
5169,2021,2,8,1,17,3,2,3,308,99,1,28,4,4,6,104,6
5170,2021,2,8,1,17,3,2,1,101,6,1,26,4,4,6,97,6
5171,2021,2,8,1,17,3,2,1,101,2,1,37,6,6,8,97,6
5172,2021,2,8,1,17,3,2,1,101,18,1,70,11,13,15,104,6
5173,2021,2,8,1,17,3,2,1,101,13,1,21,3,3,5,97,6
5174,2021,2,8,1,17,3,2,1,103,99,2,35,6,6,8,97,6
5175,2021,2,8,1,19,4,3,1,101,11,1,53,9,9,11,96,6
5176,2021,2,8,1,19,4,3,1,105,99,1,34,5,5,7,104,6
5177,2021,2,8,1,19,4,3,1,101,9,1,26,4,4,6,104,6
5178,2021,2,8,1,19,4,3,1,101,1,1,39,6,6,8,104,6
5179,2021,2,9,2,23,4,3,1,101,12,1,28,4,4,6,104,6
5180,2021,2,9,2,8,2,1,1,115,99,1,32,5,5,7,104,6
5181,2021,2,9,2,12,3,2,1,102,99,1,41,7,7,9,97,6
5182,2021,2,9,2,13,3,2,1,101,18,1,33,5,5,7,104,6
5183,2021,2,9,2,15,3,2,1,101,11,1,42,7,7,9,104,6
5184,2021,2,9,2,15,3,2,1,101,7,1,59,10,10,12,97,6
5185,2021,2,9,2,15,3,2,1,101,3,1,47,8,8,10,97,6
5186,2021,2,9,2,15,3,2,1,101,6,1,45,8,8,10,104,6
5187,2021,2,9,2,16,3,2,1,109,99,2,30,5,5,7,104,6
5188,2021,2,9,2,17,3,2,1,101,5,2,47,8,8,10,104,6
5189,2021,2,9,2,18,4,3,1,101,18,1,999,12,16,18,97,6
5190,2021,2,9,2,19,4,3,1,107,99,2,24,3,3,5,104,6
5191,2021,2,10,3,9,2,1,1,105,99,1,32,5,5,7,104,6
5192,2021,2,10,3,12,3,2,1,101,7,2,40,7,7,9,104,6
5193,2021,2,10,3,15,3,2,1,101,5,1,43,7,7,9,97,6
5194,2021,2,10,3,15,3,2,1,101,6,1,999,12,16,18,97,6
5195,2021,2,10,3,17,3,2,1,101,6,1,43,7,7,9,104,6
5196,2021,2,10,3,18,4,3,1,101,2,1,41,7,7,9,104,6
5197,2021,2,10,3,21,4,3,1,101,99,1,999,12,16,18,97,6
5198,2021,2,10,3,21,4,3,1,101,5,1,62,11,11,13,103,6
5199,2021,2,10,3,21,4,3,1,101,6,1,30,5,5,7,97,6
5200,2021,2,10,3,22,4,3,1,101,7,2,23,3,3,5,104,6
5201,2021,2,11,4,10,2,1,1,103,99,1,34,5,5,7,97,6
5202,2021,2,11,4,13,3,2,1,101,6,2,45,8,8,10,97,6
5203,2021,2,11,4,13,3,2,1,103,99,1,31,5,5,7,97,6
5204,2021,2,11,4,18,4,3,1,102,99,1,58,10,10,12,74,6
5205,2021,2,11,4,18,4,3,1,101,13,1,35,6,6,8,97,6
5206,2021,2,11,4,18,4,3,1,103,99,1,28,4,4,6,97,6
5207,2021,2,11,4,18,4,3,1,101,9,1,37,6,6,8,74,6
5208,2021,2,11,4,20,4,3,1,101,6,1,38,6,6,8,99,6
5209,2021,2,11,4,21,4,3,1,101,12,1,32,5,5,7,104,6
5210,2021,2,11,4,21,4,3,1,101,6,1,46,8,8,10,104,6
5211,2021,2,11,4,21,4,3,1,115,99,1,27,4,4,6,104,6
5212,2021,2,11,4,22,4,3,1,105,99,2,45,8,8,10,104,6
5213,2021,2,12,5,10,2,1,1,101,18,1,51,9,9,11,104,6
5214,2021,2,12,5,11,2,1,1,101,7,2,49,8,8,10,97,6
5215,2021,2,12,5,12,3,2,1,101,21,2,47,8,8,10,104,6
5216,2021,2,12,5,12,3,2,1,101,1,1,34,5,5,7,97,6
5217,2021,2,12,5,13,3,2,1,101,99,2,47,8,8,10,97,6
5218,2021,2,12,5,9,2,1,1,101,9,1,63,11,11,13,97,6
5219,2021,2,12,5,13,3,2,1,101,5,2,31,5,5,7,97,6
5220,2021,2,12,5,17,3,2,1,103,99,1,27,4,4,6,104,6
5221,2021,2,12,5,17,3,2,1,101,11,1,42,7,7,9,104,6
5222,2021,2,12,5,17,3,2,1,105,99,2,38,6,6,8,104,6
5223,2021,2,12,5,18,4,3,1,101,17,2,27,4,4,6,99,6
5224,2021,2,12,5,19,4,3,1,101,5,2,45,8,8,10,104,6
5225,2021,2,12,5,21,4,3,1,101,3,1,57,10,10,12,97,6
5226,2021,2,12,5,21,4,3,1,101,12,1,37,6,6,8,97,6
5227,2021,2,12,5,21,4,3,1,101,18,1,26,4,4,6,104,6
5228,2021,2,12,5,22,4,3,1,108,99,1,32,5,5,7,97,6
5229,2021,2,12,5,22,4,3,1,101,10,2,48,8,8,10,97,6
5230,2021,2,12,5,22,4,3,1,101,18,2,37,6,6,8,74,6
5231,2021,2,12,5,23,4,3,1,105,99,1,44,7,7,9,97,6
5232,2021,2,13,6,8,2,1,1,101,16,2,47,8,8,10,97,6
5233,2021,2,13,6,9,2,1,1,101,5,1,23,3,3,5,97,6
5234,2021,2,13,6,11,2,1,1,101,3,2,47,8,8,10,97,6
5235,2021,2,13,6,14,3,2,1,101,2,1,48,8,8,10,104,6
5236,2021,2,13,6,16,3,2,1,101,10,1,42,7,7,9,104,6
5237,2021,2,13,6,21,4,3,1,101,2,1,41,7,7,9,97,6
5238,2021,2,13,6,21,4,3,1,101,12,1,45,8,8,10,95,6
5239,2021,2,13,6,21,4,3,1,101,9,1,49,8,8,10,104,6
5240,2021,2,13,6,21,4,3,1,101,6,1,999,12,16,18,104,6
5241,2021,2,13,6,22,4,3,1,101,12,2,999,12,16,18,104,6
5242,2021,2,14,7,13,3,2,1,101,3,2,25,4,4,6,104,6
5243,2021,2,14,7,15,3,2,1,108,99,2,18,2,2,4,104,6
5244,2021,2,14,7,15,3,2,1,108,99,1,30,5,5,7,104,6
5245,2021,2,15,1,12,3,2,1,103,99,1,28,4,4,6,104,6
5246,2021,2,15,1,13,3,2,1,101,13,1,27,4,4,6,104,6
5247,2021,2,15,1,14,3,2,1,101,6,2,39,6,6,8,104,6
5248,2021,2,15,1,15,3,2,1,101,15,1,25,4,4,6,104,6
5249,2021,2,15,1,15,3,2,1,101,10,1,41,7,7,9,104,6
5250,2021,2,15,1,16,3,2,1,107,99,1,46,8,8,10,104,6
5251,2021,2,15,1,16,3,2,1,101,16,2,41,7,7,9,104,6
5252,2021,2,15,1,16,3,2,1,101,99,1,49,8,8,10,104,6
5253,2021,2,15,1,13,3,2,1,101,8,1,31,5,5,7,97,6
5254,2021,2,15,1,17,3,2,1,101,7,2,56,10,10,12,97,6
5255,2021,2,15,1,17,3,2,1,102,99,1,49,8,8,10,97,6
5256,2021,2,15,1,18,4,3,1,101,3,1,31,5,5,7,97,6
5257,2021,2,15,1,18,4,3,1,101,16,1,25,4,4,6,104,6
5258,2021,2,15,1,19,4,3,1,101,6,1,21,3,3,5,97,6
5259,2021,2,15,1,19,4,3,1,101,3,1,49,8,8,10,97,6
5260,2021,2,15,1,21,4,3,1,101,3,2,51,9,9,11,104,6
5261,2021,2,15,1,21,4,3,1,101,18,1,24,3,3,5,97,6
5262,2021,2,15,1,22,4,3,1,105,99,1,30,5,5,7,104,6
5263,2021,2,15,1,22,4,3,1,101,6,1,40,7,7,9,97,6
5264,2021,2,16,2,14,3,2,1,101,6,1,71,11,13,15,104,6
5265,2021,2,16,2,14,3,2,1,101,1,1,46,8,8,10,104,6
5266,2021,2,16,2,14,3,2,1,106,99,1,31,5,5,7,104,6
5267,2021,2,16,2,15,3,2,1,101,10,1,34,5,5,7,104,6
5268,2021,2,16,2,19,4,3,1,101,14,2,41,7,7,9,97,6
5269,2021,2,16,2,19,4,3,1,105,99,1,22,3,3,5,104,6
5270,2021,2,16,2,20,4,3,1,115,99,1,26,4,4,6,104,6
5271,2021,2,16,2,20,4,3,1,101,18,1,28,4,4,6,104,6
5272,2021,2,16,2,21,4,3,1,113,99,1,36,6,6,8,97,6
5273,2021,2,16,2,22,4,3,1,101,11,1,37,6,6,8,104,6
5274,2021,2,16,2,22,4,3,1,101,1,1,999,12,16,18,104,6
5275,2021,2,16,2,22,4,3,1,101,5,2,999,12,16,18,104,6
5276,2021,2,16,2,22,4,3,1,101,3,1,999,12,16,18,104,6
5277,2021,2,17,3,11,2,1,1,101,9,1,44,7,7,9,104,6
5278,2021,2,17,3,11,2,1,1,103,99,1,48,8,8,10,104,6
5279,2021,2,17,3,15,3,2,1,101,12,1,64,11,11,13,97,6
5280,2021,2,17,3,15,3,2,1,101,17,1,54,9,9,11,97,6
5281,2021,2,17,3,15,3,2,1,101,7,1,36,6,6,8,97,6
5282,2021,2,17,3,15,3,2,3,304,99,2,42,7,7,9,104,6
5283,2021,2,17,3,15,3,2,1,101,3,2,60,11,11,13,97,6
5284,2021,2,17,3,15,3,2,1,101,6,1,47,8,8,10,99,6
5285,2021,2,17,3,15,3,2,1,101,13,2,999,12,16,18,104,6
5286,2021,2,17,3,15,3,2,1,101,4,1,31,5,5,7,97,6
5287,2021,2,17,3,16,3,2,1,101,8,1,45,8,8,10,99,6
5288,2021,2,17,3,16,3,2,1,101,1,1,29,4,4,6,97,6
5289,2021,2,17,3,16,3,2,1,102,99,1,51,9,9,11,97,6
5290,2021,2,17,3,20,4,3,1,103,99,1,38,6,6,8,104,6
5291,2021,2,17,3,22,4,3,1,101,7,1,29,4,4,6,99,6
5292,2021,2,17,3,22,4,3,1,101,18,1,43,7,7,9,97,6
5293,2021,2,17,3,22,4,3,1,101,21,1,47,8,8,10,104,6
5294,2021,2,17,3,22,4,3,1,101,11,1,29,4,4,6,97,6
5295,2021,2,17,3,22,4,3,1,108,99,1,21,3,3,5,104,6
5296,2021,2,17,3,23,4,3,1,106,99,2,39,6,6,8,97,6
5297,2021,2,17,3,11,2,1,1,101,21,1,36,6,6,8,97,6
5298,2021,2,18,4,13,3,2,1,105,99,1,32,5,5,7,94,6
5299,2021,2,18,4,13,3,2,1,101,12,1,49,8,8,10,97,6
5300,2021,2,18,4,15,3,2,1,101,7,2,21,3,3,5,104,6
5301,2021,2,18,4,16,3,2,1,101,1,2,32,5,5,7,97,6
5302,2021,2,18,4,16,3,2,1,110,99,1,46,8,8,10,104,6
5303,2021,2,18,4,16,3,2,1,101,21,1,64,11,11,13,104,6
5304,2021,2,18,4,16,3,2,1,101,4,2,29,4,4,6,97,6
5305,2021,2,18,4,17,3,2,1,101,7,2,21,3,3,5,97,6
5306,2021,2,18,4,18,4,3,1,101,18,1,62,11,11,13,97,6
5307,2021,2,18,4,20,4,3,1,101,15,1,36,6,6,8,104,6
5308,2021,2,18,4,21,4,3,3,311,99,1,44,7,7,9,94,6
5309,2021,2,18,4,21,4,3,1,102,99,1,60,11,11,13,104,6
5310,2021,2,18,4,21,4,3,1,101,7,1,40,7,7,9,104,6
5311,2021,2,18,4,22,4,3,1,101,16,2,26,4,4,6,97,6
5312,2021,2,19,5,15,3,2,1,101,6,1,26,4,4,6,97,6
5313,2021,2,19,5,16,3,2,1,101,99,1,999,12,16,18,94,6
5314,2021,2,19,5,16,3,2,1,101,99,1,999,12,16,18,97,6
5315,2021,2,19,5,16,3,2,1,101,1,1,41,7,7,9,97,6
5316,2021,2,19,5,16,3,2,1,103,99,1,999,12,16,18,97,6
5317,2021,2,19,5,16,3,2,1,107,99,1,30,5,5,7,104,6
5318,2021,2,19,5,16,3,2,1,101,11,2,62,11,11,13,96,6
5319,2021,2,19,5,16,3,2,1,101,99,1,20,3,3,5,104,6
5320,2021,2,19,5,16,3,2,1,101,99,2,999,12,16,18,104,6
5321,2021,2,19,5,17,3,2,1,101,1,1,40,7,7,9,97,6
5322,2021,2,19,5,17,3,2,1,101,13,1,26,4,4,6,97,6
5323,2021,2,19,5,21,4,3,1,101,12,1,45,8,8,10,104,6
5324,2021,2,19,5,21,4,3,1,101,99,1,45,8,8,10,97,6
5325,2021,2,20,6,11,2,1,1,101,99,2,35,6,6,8,97,6
5326,2021,2,20,6,20,4,3,1,101,18,2,55,10,10,12,97,6
5327,2021,2,20,6,19,4,3,1,101,18,2,18,2,2,4,104,6
5328,2021,2,20,6,21,4,3,1,101,99,2,50,9,9,11,97,6
5329,2021,2,21,7,0,1,1,1,101,7,2,55,10,10,12,97,6
5330,2021,2,21,7,7,2,1,1,101,21,1,31,5,5,7,104,6
5331,2021,2,21,7,15,3,2,1,101,11,1,49,8,8,10,97,6
5332,2021,2,21,7,16,3,2,1,115,99,1,24,3,3,5,104,6
5333,2021,2,21,7,18,4,3,1,101,99,1,39,6,6,8,104,6
5334,2021,2,21,7,19,4,3,1,101,18,2,25,4,4,6,104,6
5335,2021,2,21,7,20,4,3,1,101,3,1,25,4,4,6,104,6
5336,2021,2,21,7,21,4,3,1,101,16,1,33,5,5,7,104,6
5337,2021,2,22,1,13,3,2,1,101,6,1,39,6,6,8,104,6
5338,2021,2,22,1,14,3,2,1,101,5,1,40,7,7,9,97,6
5339,2021,2,22,1,14,3,2,1,101,3,1,26,4,4,6,97,6
5340,2021,2,22,1,14,3,2,1,101,18,2,38,6,6,8,97,6
5341,2021,2,22,1,16,3,2,1,101,16,2,55,10,10,12,97,6
5342,2021,2,22,1,17,3,2,1,101,99,1,999,12,16,18,94,6
5343,2021,2,22,1,18,4,3,1,101,12,1,46,8,8,10,94,6
5344,2021,2,22,1,19,4,3,1,101,10,2,33,5,5,7,104,6
5345,2021,2,22,1,14,3,2,1,101,18,2,33,5,5,7,104,6
5346,2021,2,23,2,7,2,1,1,101,99,2,999,12,16,18,104,6
5347,2021,2,23,2,7,2,1,1,101,16,2,999,12,16,18,97,6
5348,2021,2,23,2,7,2,1,1,101,15,1,999,12,16,18,97,6
5349,2021,2,23,2,7,2,1,1,101,15,1,54,9,9,11,104,6
5350,2021,2,23,2,7,2,1,1,107,99,1,999,12,16,18,104,6
5351,2021,2,23,2,7,2,1,1,101,99,2,39,6,6,8,104,6
5352,2021,2,23,2,7,2,1,1,101,99,1,34,5,5,7,104,6
5353,2021,2,23,2,7,2,1,1,101,99,2,22,3,3,5,104,6
5354,2021,2,23,2,7,2,1,1,101,9,1,38,6,6,8,104,6
5355,2021,2,23,2,7,2,1,1,101,18,2,30,5,5,7,104,6
5356,2021,2,23,2,14,3,2,1,101,99,1,60,11,11,13,104,6
5357,2021,2,23,2,15,3,2,1,101,99,1,43,7,7,9,97,6
5358,2021,2,23,2,16,3,2,1,101,25,2,31,5,5,7,101,6
5359,2021,2,23,2,16,3,2,1,101,18,1,35,6,6,8,97,6
5360,2021,2,23,2,18,4,3,1,101,99,1,999,12,16,18,104,6
5361,2021,2,23,2,18,4,3,1,101,99,1,29,4,4,6,97,6
5362,2021,2,23,2,18,4,3,1,101,6,1,34,5,5,7,97,6
5363,2021,2,23,2,18,4,3,1,101,6,1,29,4,4,6,104,6
5364,2021,2,23,2,18,4,3,1,101,4,1,28,4,4,6,104,6
5365,2021,2,23,2,18,4,3,1,101,99,1,999,12,16,18,94,6
5366,2021,2,23,2,18,4,3,1,101,18,1,35,6,6,8,97,6
5367,2021,2,23,2,21,4,3,1,101,10,1,47,8,8,10,97,6
5368,2021,2,23,2,21,4,3,1,101,25,1,43,7,7,9,97,6
5369,2021,2,23,2,21,4,3,1,101,2,1,31,5,5,7,97,6
5370,2021,2,23,2,21,4,3,1,101,5,1,53,9,9,11,97,6
5371,2021,2,23,2,21,4,3,1,101,5,1,43,7,7,9,104,6
5372,2021,2,23,2,9,2,1,1,101,13,1,27,4,4,6,97,6
5373,2021,2,24,3,14,3,2,1,101,18,1,24,3,3,5,104,6
5374,2021,2,24,3,15,3,2,1,101,19,1,19,2,2,4,104,6
5375,2021,2,24,3,15,3,2,1,101,7,1,40,7,7,9,104,6
5376,2021,2,24,3,15,3,2,1,101,7,2,27,4,4,6,104,6
5377,2021,2,24,3,15,3,2,1,101,16,1,50,9,9,11,97,6
5378,2021,2,24,3,16,3,2,1,101,3,1,35,6,6,8,104,6
5379,2021,2,24,3,17,3,2,1,101,12,2,49,8,8,10,97,6
5380,2021,2,24,3,18,4,3,1,101,18,1,48,8,8,10,104,6
5381,2021,2,24,3,19,4,3,1,101,16,1,33,5,5,7,97,6
5382,2021,2,24,3,20,4,3,1,101,1,1,32,5,5,7,104,6
5383,2021,2,24,3,21,4,3,1,101,99,1,999,12,16,18,97,6
5384,2021,2,24,3,22,4,3,1,101,6,2,67,11,12,14,97,6
5385,2021,2,25,4,13,3,2,1,101,18,1,53,9,9,11,97,6
5386,2021,2,25,4,14,3,2,1,101,5,2,999,12,16,18,97,6
5387,2021,2,25,4,15,3,2,1,101,2,2,25,4,4,6,97,6
5388,2021,2,25,4,16,3,2,1,101,6,1,58,10,10,12,104,6
5389,2021,2,25,4,19,4,3,1,101,7,2,26,4,4,6,104,6
5390,2021,2,25,4,20,4,3,1,101,21,1,38,6,6,8,97,6
5391,2021,2,25,4,22,4,3,1,101,6,1,999,12,16,18,104,6
5392,2021,2,25,4,22,4,3,1,101,3,2,34,5,5,7,97,6
5393,2021,2,26,5,10,2,1,1,103,99,1,32,5,5,7,97,6
5394,2021,2,26,5,12,3,2,1,101,5,1,26,4,4,6,104,6
5395,2021,2,26,5,13,3,2,1,101,16,2,999,12,16,18,104,6
5396,2021,2,26,5,13,3,2,1,107,99,2,48,8,8,10,97,6
5397,2021,2,26,5,13,3,2,1,113,99,2,43,7,7,9,104,6
5398,2021,2,26,5,15,3,2,1,103,99,1,25,4,4,6,97,6
5399,2021,2,26,5,15,3,2,1,101,16,1,36,6,6,8,97,6
5400,2021,2,26,5,16,3,2,1,101,3,1,55,10,10,12,104,6
5401,2021,2,26,5,16,3,2,1,101,3,2,35,6,6,8,97,6
5402,2021,2,26,5,19,4,3,1,101,7,1,27,4,4,6,97,6
5403,2021,2,26,5,21,4,3,1,101,99,1,44,7,7,9,104,6
5404,2021,2,26,5,21,4,3,1,101,99,1,45,8,8,10,104,6
5405,2021,2,26,5,21,4,3,1,107,99,1,24,3,3,5,104,6
5406,2021,2,26,5,21,4,3,1,112,99,2,25,4,4,6,97,6
5407,2021,2,26,5,22,4,3,1,101,12,2,25,4,4,6,97,6
5408,2021,2,26,5,22,4,3,1,101,17,1,36,6,6,8,97,6
5409,2021,2,26,5,22,4,3,1,108,99,2,34,5,5,7,97,6
5410,2021,2,26,5,22,4,3,1,101,1,2,24,3,3,5,97,6
5411,2021,2,26,5,23,4,3,1,101,1,2,30,5,5,7,97,6
5412,2021,2,26,5,23,4,3,1,101,1,1,999,12,16,18,84,6
5413,2021,2,27,6,13,3,2,1,101,5,1,19,2,2,4,97,6
5414,2021,2,27,6,18,4,3,1,101,1,2,64,11,11,13,104,6
5415,2021,2,27,6,22,4,3,1,101,18,1,32,5,5,7,104,6
5416,2021,2,27,6,22,4,3,1,101,18,1,42,7,7,9,99,6
5417,2021,2,27,6,22,4,3,1,101,7,2,40,7,7,9,97,6
5418,2021,2,28,7,12,3,2,6,608,99,1,999,12,16,18,95,6
5419,2021,2,28,7,13,3,2,1,101,24,1,38,6,6,8,97,6
5420,2021,2,28,7,13,3,2,1,101,12,1,27,4,4,6,97,6
5421,2021,2,28,7,15,3,2,1,101,3,1,999,12,16,18,97,6
5422,2021,2,28,7,19,4,3,1,101,1,1,27,4,4,6,97,6
5423,2021,2,28,7,23,4,3,1,101,1,1,29,4,4,6,97,6
5424,2021,2,28,7,23,4,3,1,101,21,2,26,4,4,6,104,6
5425,2021,2,1,1,11,2,1,9,901,99,1,31,5,5,7,104,6
5426,2021,2,2,2,14,3,2,9,901,99,1,43,7,7,9,104,6
5427,2021,2,2,2,15,3,2,9,901,99,1,31,5,5,7,104,6
5428,2021,2,3,3,12,3,2,9,901,99,2,41,7,7,9,104,6
5429,2021,2,3,3,17,3,2,9,901,99,1,52,9,9,11,97,6
5430,2021,2,3,3,18,4,3,9,901,99,1,49,8,8,10,94,6
5431,2021,2,4,4,11,2,1,9,901,99,1,28,4,4,6,104,6
5432,2021,2,5,5,15,3,2,9,901,99,2,23,3,3,5,104,6
5433,2021,2,5,5,16,3,2,9,917,99,1,20,3,3,5,104,6
5434,2021,2,9,2,11,2,1,9,901,99,1,38,6,6,8,94,6
5435,2021,2,9,2,16,3,2,9,901,99,1,34,5,5,7,104,6
5436,2021,2,10,3,8,2,1,9,910,99,1,32,5,5,7,104,6
5437,2021,2,11,4,11,2,1,1,114,99,2,56,10,10,12,104,6
5438,2021,2,11,4,17,3,2,9,902,99,1,43,7,7,9,97,6
5439,2021,2,12,5,9,2,1,9,919,99,2,27,4,4,6,104,6
5440,2021,2,12,5,12,3,2,9,909,99,2,35,6,6,8,97,6
5441,2021,2,12,5,16,3,2,9,920,99,1,59,10,10,12,95,6
5442,2021,2,13,6,13,3,2,8,806,99,1,35,6,6,8,97,6
5443,2021,2,14,7,16,3,2,9,920,99,1,30,5,5,7,99,6
5444,2021,2,15,1,13,3,2,9,901,99,1,34,5,5,7,97,6
5445,2021,2,16,2,9,2,1,9,901,99,1,51,9,9,11,104,6
5446,2021,2,16,2,11,2,1,9,901,99,1,21,3,3,5,104,6
5447,2021,2,16,2,12,3,2,9,911,99,1,52,9,9,11,97,6
5448,2021,2,16,2,13,3,2,9,910,99,2,27,4,4,6,97,6
5449,2021,2,17,3,16,3,2,9,901,99,2,38,6,6,8,104,6
5450,2021,2,17,3,16,3,2,9,901,99,1,23,3,3,5,104,6
5451,2021,2,18,4,8,2,1,9,920,99,1,53,9,9,11,95,6
5452,2021,2,18,4,14,3,2,9,901,99,1,38,6,6,8,104,6
5453,2021,2,18,4,12,3,2,9,901,99,1,48,8,8,10,94,6
5454,2021,2,18,4,15,3,2,9,917,99,1,38,6,6,8,97,6
5455,2021,2,19,5,0,1,1,9,901,99,1,34,5,5,7,104,6
5456,2021,2,19,5,12,3,2,9,906,99,1,35,6,6,8,97,6
5457,2021,2,19,5,12,3,2,9,920,99,1,48,8,8,10,99,6
5458,2021,2,19,5,15,3,2,9,901,99,1,999,12,16,18,104,6
5459,2021,2,19,5,16,3,2,8,801,99,1,36,6,6,8,94,6
5460,2021,2,20,6,17,3,2,9,902,99,1,32,5,5,7,104,6
5461,2021,2,20,6,17,3,2,9,901,99,2,28,4,4,6,104,6
5462,2021,2,22,1,14,3,2,9,901,99,1,30,5,5,7,97,6
5463,2021,2,22,1,15,3,2,9,903,99,1,41,7,7,9,97,6
5464,2021,2,22,1,22,4,3,9,901,99,2,31,5,5,7,104,6
5465,2021,2,23,2,11,2,1,9,901,99,2,999,12,16,18,104,6
5466,2021,2,23,2,15,3,2,9,901,99,1,29,4,4,6,94,6
5467,2021,2,23,2,15,3,2,12,1201,99,1,23,3,3,5,97,6
5468,2021,2,25,4,13,3,2,9,919,99,1,54,9,9,11,104,6
5469,2021,2,25,4,14,3,2,9,901,99,1,33,5,5,7,97,6
5470,2021,2,25,4,22,4,3,9,901,99,1,46,8,8,10,97,6
5471,2021,2,26,5,16,3,2,12,1220,99,2,55,10,10,12,94,6
5472,2021,2,1,1,13,3,2,21,2102,99,2,35,6,6,8,104,6
5473,2021,2,2,2,11,2,1,21,2103,99,2,56,10,10,12,104,6
5474,2021,2,4,4,14,3,2,21,2101,99,2,44,7,7,9,104,6
5475,2021,2,4,4,18,4,3,21,2101,99,2,26,4,4,6,104,6
5476,2021,2,5,5,8,2,1,2,208,99,1,48,8,8,10,104,6
5477,2021,2,5,5,13,3,2,21,2101,99,1,30,5,5,7,104,6
5478,2021,2,9,2,9,2,1,21,2101,99,2,22,3,3,5,104,6
5479,2021,2,9,2,13,3,2,21,2101,99,1,32,5,5,7,104,6
5480,2021,2,12,5,13,3,2,21,2101,99,1,21,3,3,5,104,6
5481,2021,2,14,7,10,2,1,21,2103,99,2,37,6,6,8,104,6
5482,2021,2,15,1,13,3,2,21,2101,99,1,61,11,11,13,97,6
5483,2021,2,16,2,12,3,2,21,2101,99,2,32,5,5,7,104,6
5484,2021,2,16,2,11,2,1,6,614,99,1,28,4,4,6,97,6
5485,2021,2,19,5,12,3,2,21,2101,99,1,52,9,9,11,104,6
5486,2021,2,19,5,20,4,3,21,2101,99,1,51,9,9,11,97,6
5487,2021,2,20,6,15,3,2,21,2101,99,2,31,5,5,7,104,6
5488,2021,2,21,7,10,2,1,21,2101,99,2,60,11,11,13,104,6
5489,2021,2,21,7,12,3,2,21,2102,99,2,23,3,3,5,104,6
5490,2021,2,23,2,10,2,1,21,2106,99,2,35,6,6,8,104,6
5491,2021,2,23,2,16,3,2,2,201,99,1,25,4,4,6,104,6
5492,2021,2,24,3,12,3,2,21,2101,99,1,29,4,4,6,104,6
5493,2021,2,24,3,18,4,3,21,2103,99,2,34,5,5,7,104,6
5494,2021,2,24,3,11,2,1,21,2103,99,2,51,9,9,11,104,6
5495,2021,2,25,4,16,3,2,21,2105,99,2,19,2,2,4,104,6
5496,2021,2,25,4,18,4,3,21,2103,99,2,36,6,6,8,95,6
5497,2021,2,26,5,18,4,3,21,2101,99,2,37,6,6,8,104,6
5498,2021,2,27,6,13,3,2,21,2105,99,1,39,6,6,8,104,6
5499,2021,2,27,6,14,3,2,21,2101,99,1,84,11,15,17,104,6
5500,2021,2,1,1,9,2,1,16,1605,99,1,19,2,2,4,104,6
5501,2021,2,2,2,19,4,3,16,1602,99,2,34,5,5,7,104,6
5502,2021,2,2,2,17,3,2,15,1507,99,1,42,7,7,9,104,6
5503,2021,2,2,2,12,3,2,15,1503,99,2,51,9,9,11,104,6
5504,2021,2,2,2,19,4,3,16,1604,99,1,31,5,5,7,104,6
5505,2021,2,3,3,11,2,1,16,1601,99,1,42,7,7,9,104,6
5506,2021,2,3,3,14,3,2,16,1601,99,1,23,3,3,5,104,6
5507,2021,2,3,3,15,3,2,16,1615,99,2,40,7,7,9,97,6
5508,2021,2,4,4,10,2,1,15,1503,99,1,30,5,5,7,104,6
5509,2021,2,4,4,14,3,2,14,1420,99,2,40,7,7,9,104,6
5510,2021,2,5,5,15,3,2,14,1420,99,1,25,4,4,6,104,6
5511,2021,2,5,5,16,3,2,15,1505,99,1,40,7,7,9,97,6
5512,2021,2,5,5,16,3,2,15,1505,99,2,46,8,8,10,104,6
5513,2021,2,5,5,16,3,2,15,1506,99,2,60,11,11,13,104,6
5514,2021,2,6,6,12,3,2,16,1604,99,2,36,6,6,8,97,6
5515,2021,2,6,6,12,3,2,16,1604,99,2,25,4,4,6,104,6
5516,2021,2,10,3,12,3,2,15,1501,99,1,26,4,4,6,97,6
5517,2021,2,10,3,14,3,2,16,1601,99,2,44,7,7,9,97,6
5518,2021,2,10,3,20,4,3,16,1601,99,2,25,4,4,6,104,6
5519,2021,2,11,4,16,3,2,15,1507,99,1,20,3,3,5,104,6
5520,2021,2,12,5,13,3,2,16,1601,99,1,31,5,5,7,104,6
5521,2021,2,13,6,16,3,2,16,1605,99,2,21,3,3,5,97,6
5522,2021,2,14,7,14,3,2,15,1503,99,2,22,3,3,5,104,6
5523,2021,2,14,7,18,4,3,16,1614,99,1,39,6,6,8,104,6
5524,2021,2,15,1,9,2,1,16,1602,99,2,30,5,5,7,104,6
5525,2021,2,15,1,15,3,2,16,1610,99,1,37,6,6,8,104,6
5526,2021,2,15,1,13,3,2,16,1615,99,1,25,4,4,6,104,6
5527,2021,2,15,1,12,3,2,16,1601,99,1,27,4,4,6,104,6
5528,2021,2,15,1,14,3,2,16,1601,99,1,33,5,5,7,97,6
5529,2021,2,15,1,15,3,2,15,1503,99,1,31,5,5,7,97,6
5530,2021,2,15,1,15,3,2,15,1502,99,1,63,11,11,13,104,6
5531,2021,2,16,2,12,3,2,15,1503,99,2,25,4,4,6,97,6
5532,2021,2,17,3,14,3,2,16,1601,99,1,37,6,6,8,97,6
5533,2021,2,17,3,18,4,3,16,1601,99,1,38,6,6,8,104,6
5534,2021,2,17,3,19,4,3,16,1601,99,1,43,7,7,9,104,6
5535,2021,2,18,4,9,2,1,16,1601,99,1,38,6,6,8,104,6
5536,2021,2,18,4,10,2,1,15,1507,99,2,37,6,6,8,104,6
5537,2021,2,18,4,11,2,1,15,1507,99,2,51,9,9,11,97,6
5538,2021,2,18,4,12,3,2,15,1504,99,2,25,4,4,6,104,6
5539,2021,2,18,4,20,4,3,15,1503,99,2,31,5,5,7,104,6
5540,2021,2,19,5,14,3,2,15,1504,99,2,23,3,3,5,104,6
5541,2021,2,19,5,21,4,3,15,1502,99,1,50,9,9,11,97,6
5542,2021,2,19,5,15,3,2,15,1502,99,1,24,3,3,5,104,6
5543,2021,2,19,5,19,4,3,16,1604,99,2,34,5,5,7,97,6
5544,2021,2,21,7,12,3,2,16,1601,99,1,21,3,3,5,104,6
5545,2021,2,22,1,15,3,2,16,1601,99,1,34,5,5,7,104,6
5546,2021,2,23,2,15,3,2,16,1603,99,2,44,7,7,9,104,6
5547,2021,2,23,2,17,3,2,16,1601,99,1,47,8,8,10,97,6
5548,2021,2,23,2,13,3,2,15,1508,99,1,28,4,4,6,104,6
5549,2021,2,23,2,14,3,2,16,1602,99,1,50,9,9,11,104,6
5550,2021,2,23,2,15,3,2,15,1507,99,1,25,4,4,6,97,6
5551,2021,2,23,2,17,3,2,16,1615,99,1,39,6,6,8,104,6
5552,2021,2,23,2,14,3,2,16,1601,99,2,30,5,5,7,104,6
5553,2021,2,23,2,23,4,3,16,1601,99,2,67,11,12,14,104,6
5554,2021,2,24,3,13,3,2,14,1420,99,1,32,5,5,7,104,6
5555,2021,2,24,3,13,3,2,15,1501,99,2,19,2,2,4,104,6
5556,2021,2,24,3,19,4,3,16,1601,99,2,41,7,7,9,104,6
5557,2021,2,25,4,17,3,2,16,1615,99,1,25,4,4,6,104,6
5558,2021,2,25,4,17,3,2,15,1503,99,2,34,5,5,7,104,6
5559,2021,2,26,5,17,3,2,15,1501,99,1,28,4,4,6,97,6
5560,2021,2,26,5,17,3,2,16,1613,99,1,62,11,11,13,104,6
5561,2021,2,27,6,16,3,2,15,1501,99,1,35,6,6,8,104,6
5562,2021,2,1,1,18,4,3,10,1016,99,1,27,4,4,6,104,6
5563,2021,2,1,1,14,3,2,10,1014,99,2,23,3,3,5,104,6
5564,2021,2,2,2,9,2,1,10,1014,99,1,40,7,7,9,97,6
5565,2021,2,2,2,8,2,1,11,1101,99,2,60,11,11,13,104,6
5566,2021,2,2,2,14,3,2,11,1101,99,1,45,8,8,10,97,6
5567,2021,2,2,2,20,4,3,11,1101,99,1,40,7,7,9,97,6
5568,2021,2,3,3,12,3,2,11,1108,99,1,29,4,4,6,104,6
5569,2021,2,3,3,9,2,1,11,1101,99,1,19,2,2,4,104,6
5570,2021,2,4,4,16,3,2,11,1106,99,2,39,6,6,8,97,6
5571,2021,2,4,4,13,3,2,10,1020,99,2,40,7,7,9,104,6
5572,2021,2,5,5,17,3,2,10,1020,99,2,30,5,5,7,97,6
5573,2021,2,5,5,12,3,2,11,1101,99,1,31,5,5,7,104,6
5574,2021,2,5,5,17,3,2,10,1010,99,1,22,3,3,5,104,6
5575,2021,2,5,5,10,2,1,10,1002,99,1,31,5,5,7,104,6
5576,2021,2,5,5,11,2,1,11,1107,99,1,32,5,5,7,104,6
5577,2021,2,5,5,10,2,1,10,1020,99,2,19,2,2,4,104,6
5578,2021,2,5,5,16,3,2,11,1101,99,1,35,6,6,8,104,6
5579,2021,2,5,5,13,3,2,11,1101,99,1,34,5,5,7,104,6
5580,2021,2,8,1,9,2,1,11,1107,99,2,44,7,7,9,104,6
5581,2021,2,8,1,10,2,1,11,1102,99,2,34,5,5,7,97,6
5582,2021,2,8,1,12,3,2,10,1009,99,1,37,6,6,8,104,6
5583,2021,2,9,2,9,2,1,10,1017,99,2,30,5,5,7,97,6
5584,2021,2,9,2,10,2,1,11,1101,99,2,24,3,3,5,104,6
5585,2021,2,9,2,9,2,1,11,1101,99,2,36,6,6,8,104,6
5586,2021,2,9,2,16,3,2,10,1013,99,2,31,5,5,7,104,6
5587,2021,2,9,2,10,2,1,11,1109,99,2,48,8,8,10,104,6
5588,2021,2,10,3,13,3,2,10,1016,99,2,24,3,3,5,97,6
5589,2021,2,10,3,17,3,2,10,1010,99,1,71,11,13,15,104,6
5590,2021,2,11,4,19,4,3,10,1009,99,2,65,11,12,14,104,6
5591,2021,2,11,4,6,2,1,11,1102,99,1,33,5,5,7,97,6
5592,2021,2,11,4,13,3,2,10,1002,99,1,61,11,11,13,97,6
5593,2021,2,14,7,11,2,1,10,1019,99,1,26,4,4,6,104,6
5594,2021,2,14,7,14,3,2,10,1002,99,2,27,4,4,6,104,6
5595,2021,2,15,1,13,3,2,8,801,99,1,37,6,6,8,97,6
5596,2021,2,15,1,11,2,1,11,1101,99,2,26,4,4,6,97,6
5597,2021,2,15,1,18,4,3,11,1106,99,1,39,6,6,8,97,6
5598,2021,2,15,1,22,4,3,11,1103,99,2,26,4,4,6,104,6
5599,2021,2,15,1,13,3,2,10,1010,99,2,30,5,5,7,104,6
5600,2021,2,16,2,13,3,2,11,1103,99,1,31,5,5,7,97,6
5601,2021,2,16,2,11,2,1,11,1107,99,2,26,4,4,6,104,6
5602,2021,2,16,2,11,2,1,10,1010,99,2,33,5,5,7,97,6
5603,2021,2,18,4,17,3,2,10,1002,99,2,48,8,8,10,96,6
5604,2021,2,19,5,14,3,2,11,1101,99,1,28,4,4,6,104,6
5605,2021,2,19,5,17,3,2,10,1001,99,1,45,8,8,10,97,6
5606,2021,2,19,5,10,2,1,11,1107,99,1,27,4,4,6,104,6
5607,2021,2,19,5,15,3,2,11,1102,99,2,50,9,9,11,104,6
5608,2021,2,19,5,15,3,2,11,1102,99,1,37,6,6,8,104,6
5609,2021,2,19,5,12,3,2,11,1101,99,2,52,9,9,11,104,6
5610,2021,2,19,5,16,3,2,10,1016,99,1,20,3,3,5,104,6
5611,2021,2,19,5,16,3,2,10,1018,99,1,28,4,4,6,104,6
5612,2021,2,20,6,16,3,2,10,1002,99,1,32,5,5,7,104,6
5613,2021,2,21,7,14,3,2,11,1103,99,2,30,5,5,7,104,6
5614,2021,2,21,7,14,3,2,11,1101,99,1,24,3,3,5,97,6
5615,2021,2,21,7,19,4,3,10,1004,99,1,21,3,3,5,104,6
5616,2021,2,22,1,13,3,2,11,1102,99,2,32,5,5,7,104,6
5617,2021,2,22,1,12,3,2,11,1101,99,1,73,11,13,15,95,6
5618,2021,2,22,1,12,3,2,11,1107,99,1,23,3,3,5,104,6
5619,2021,2,22,1,10,2,1,11,1101,99,1,41,7,7,9,104,6
5620,2021,2,22,1,21,4,3,11,1101,99,2,40,7,7,9,104,6
5621,2021,2,23,2,18,4,3,11,1101,99,1,43,7,7,9,104,6
5622,2021,2,23,2,14,3,2,10,1014,99,2,24,3,3,5,97,6
5623,2021,2,23,2,17,3,2,11,1101,99,1,40,7,7,9,104,6
5624,2021,2,23,2,12,3,2,10,1017,99,1,21,3,3,5,104,6
5625,2021,2,24,3,17,3,2,10,1021,99,1,23,3,3,5,97,6
5626,2021,2,25,4,1,1,1,10,1001,99,2,38,6,6,8,97,6
5627,2021,2,25,4,8,2,1,11,1101,99,1,31,5,5,7,104,6
5628,2021,2,25,4,18,4,3,10,1001,99,1,18,2,2,4,104,6
5629,2021,2,25,4,14,3,2,10,1021,99,1,999,12,16,18,104,6
5630,2021,2,25,4,19,4,3,10,1001,99,1,32,5,5,7,95,6
5631,2021,2,26,5,13,3,2,10,1012,99,1,31,5,5,7,97,6
5632,2021,2,26,5,17,3,2,11,1106,99,2,29,4,4,6,97,6
5633,2021,2,26,5,12,3,2,11,1101,99,1,44,7,7,9,104,6
5634,2021,2,26,5,12,3,2,10,1013,99,2,39,6,6,8,104,6
5635,2021,2,27,6,17,3,2,10,1003,99,1,32,5,5,7,97,6
5636,2021,2,28,7,9,2,1,11,1101,99,1,23,3,3,5,97,6
5637,2021,2,1,1,11,2,1,3,310,99,1,34,5,5,7,97,6
5638,2021,2,2,2,16,3,2,4,401,99,2,53,9,9,11,104,6
5639,2021,2,3,3,17,3,2,4,416,99,1,62,11,11,13,94,6
5640,2021,2,4,4,11,2,1,4,415,99,1,46,8,8,10,104,6
5641,2021,2,5,5,16,3,2,4,401,99,2,39,6,6,8,104,6
5642,2021,2,5,5,17,3,2,4,416,99,2,33,5,5,7,104,6
5643,2021,2,6,6,21,4,3,4,406,99,2,21,3,3,5,104,6
5644,2021,2,7,7,9,2,1,3,308,99,1,35,6,6,8,104,6
5645,2021,2,7,7,10,2,1,4,413,99,2,58,10,10,12,97,6
5646,2021,2,8,1,12,3,2,4,415,99,1,56,10,10,12,97,6
5647,2021,2,8,1,17,3,2,4,401,99,1,26,4,4,6,104,6
5648,2021,2,8,1,22,4,3,4,416,99,2,25,4,4,6,104,6
5649,2021,2,8,1,22,4,3,1,101,12,1,42,7,7,9,104,6
5650,2021,2,9,2,12,3,2,4,415,99,1,18,2,2,4,104,6
5651,2021,2,9,2,14,3,2,4,416,99,1,55,10,10,12,104,6
5652,2021,2,9,2,13,3,2,4,416,99,1,24,3,3,5,97,6
5653,2021,2,10,3,16,3,2,4,401,99,1,32,5,5,7,97,6
5654,2021,2,10,3,14,3,2,4,411,99,2,35,6,6,8,97,6
5655,2021,2,10,3,15,3,2,4,411,99,2,42,7,7,9,97,6
5656,2021,2,10,3,16,3,2,4,416,99,2,45,8,8,10,104,6
5657,2021,2,11,4,13,3,2,4,407,99,1,25,4,4,6,104,6
5658,2021,2,12,5,12,3,2,4,414,99,2,27,4,4,6,104,6
5659,2021,2,12,5,17,3,2,4,401,99,1,40,7,7,9,104,6
5660,2021,2,12,5,11,2,1,4,403,99,1,20,3,3,5,97,6
5661,2021,2,13,6,15,3,2,4,416,99,1,42,7,7,9,104,6
5662,2021,2,15,1,10,2,1,4,401,99,1,34,5,5,7,97,6
5663,2021,2,15,1,13,3,2,4,401,99,1,24,3,3,5,97,6
5664,2021,2,15,1,15,3,2,4,406,99,1,24,3,3,5,97,6
5665,2021,2,16,2,12,3,2,4,414,99,2,25,4,4,6,97,6
5666,2021,2,16,2,14,3,2,4,401,99,2,26,4,4,6,97,6
5667,2021,2,17,3,12,3,2,4,404,99,1,26,4,4,6,97,6
5668,2021,2,18,4,12,3,2,4,408,99,2,19,2,2,4,104,6
5669,2021,2,18,4,12,3,2,4,401,99,1,33,5,5,7,97,6
5670,2021,2,18,4,19,4,3,4,413,99,2,32,5,5,7,104,6
5671,2021,2,19,5,16,3,2,4,401,99,1,63,11,11,13,104,6
5672,2021,2,20,6,8,2,1,4,401,99,1,47,8,8,10,104,6
5673,2021,2,20,6,17,3,2,4,401,99,1,25,4,4,6,97,6
5674,2021,2,23,2,12,3,2,4,401,99,1,30,5,5,7,104,6
5675,2021,2,24,3,14,3,2,4,415,99,2,43,7,7,9,104,6
5676,2021,2,24,3,15,3,2,4,404,99,1,33,5,5,7,97,6
5677,2021,2,24,3,14,3,2,4,410,99,1,28,4,4,6,104,6
5678,2021,2,24,3,13,3,2,4,404,99,1,26,4,4,6,97,6
5679,2021,2,24,3,14,3,2,4,401,99,1,40,7,7,9,97,6
5680,2021,2,25,4,16,3,2,4,403,99,2,50,9,9,11,104,6
5681,2021,2,25,4,17,3,2,4,411,99,1,30,5,5,7,97,6
5682,2021,2,25,4,18,4,3,4,414,99,1,34,5,5,7,104,6
5683,2021,2,26,5,11,2,1,4,415,99,2,37,6,6,8,97,6
5684,2021,2,27,6,11,2,1,4,401,99,1,26,4,4,6,104,6
5685,2021,2,28,7,15,3,2,4,403,99,1,24,3,3,5,104,6
5686,2021,2,1,1,12,3,2,22,2201,99,2,999,12,16,18,104,6
5687,2021,2,4,4,10,2,1,22,2201,99,2,37,6,6,8,104,6
5688,2021,2,4,4,22,4,3,22,2208,99,2,39,6,6,8,104,6
5689,2021,2,4,4,11,2,1,22,2202,99,1,23,3,3,5,104,6
5690,2021,2,4,4,14,3,2,22,2214,99,2,41,7,7,9,104,6
5691,2021,2,4,4,14,3,2,22,2202,99,1,52,9,9,11,104,6
5692,2021,2,5,5,15,3,2,22,2201,99,2,47,8,8,10,104,6
5693,2021,2,6,6,9,2,1,22,2216,99,1,43,7,7,9,104,6
5694,2021,2,8,1,15,3,2,22,2208,99,2,18,2,2,4,104,6
5695,2021,2,9,2,11,2,1,22,2205,99,1,23,3,3,5,104,6
5696,2021,2,11,4,16,3,2,22,2214,99,1,50,9,9,11,104,6
5697,2021,2,12,5,11,2,1,22,2207,99,1,51,9,9,11,97,6
5698,2021,2,15,1,13,3,2,22,2201,99,2,37,6,6,8,104,6
5699,2021,2,15,1,11,2,1,22,2201,99,1,50,9,9,11,104,6
5700,2021,2,15,1,10,2,1,22,2211,99,2,41,7,7,9,104,6
5701,2021,2,17,3,15,3,2,22,2201,99,2,23,3,3,5,97,6
5702,2021,2,17,3,15,3,2,22,2206,99,1,24,3,3,5,104,6
5703,2021,2,17,3,15,3,2,22,2212,99,2,32,5,5,7,97,6
5704,2021,2,17,3,17,3,2,22,2206,99,1,32,5,5,7,104,6
5705,2021,2,18,4,9,2,1,22,2204,99,2,25,4,4,6,104,6
5706,2021,2,19,5,17,3,2,22,2201,99,1,63,11,11,13,104,6
5707,2021,2,21,7,16,3,2,22,2201,99,2,26,4,4,6,104,6
5708,2021,2,22,1,11,2,1,22,2201,99,2,35,6,6,8,104,6
5709,2021,2,22,1,13,3,2,22,2205,99,2,35,6,6,8,104,6
5710,2021,2,22,1,15,3,2,22,2215,99,1,43,7,7,9,104,6
5711,2021,2,22,1,16,3,2,22,2202,99,1,38,6,6,8,104,6
5712,2021,2,23,2,18,4,3,22,2207,99,1,51,9,9,11,104,6
5713,2021,2,23,2,19,4,3,22,2205,99,2,25,4,4,6,104,6
5714,2021,2,24,3,15,3,2,22,2203,99,2,34,5,5,7,104,6
5715,2021,2,24,3,20,4,3,22,2201,99,2,27,4,4,6,97,6
5716,2021,2,24,3,10,2,1,22,2213,99,2,41,7,7,9,104,6
5717,2021,2,25,4,15,3,2,22,2202,99,2,45,8,8,10,97,6
5718,2021,2,27,6,12,3,2,22,2201,99,2,53,9,9,11,104,6
5719,2021,2,27,6,16,3,2,22,2201,99,1,29,4,4,6,104,6
5720,2021,2,27,6,8,2,1,22,2214,99,1,23,3,3,5,104,6
5721,2021,2,28,7,10,2,1,22,2201,99,2,35,6,6,8,104,6
5722,2021,2,28,7,13,3,2,22,2202,99,2,34,5,5,7,97,6
5723,2021,2,28,7,15,3,2,22,2214,99,2,30,5,5,7,97,6
5724,2021,2,1,1,10,2,1,5,504,99,2,30,5,5,7,104,6
5725,2021,2,1,1,12,3,2,5,501,99,2,24,3,3,5,104,6
5726,2021,2,2,2,10,2,1,5,511,99,1,42,7,7,9,104,6
5727,2021,2,2,2,13,3,2,5,502,99,1,28,4,4,6,97,6
5728,2021,2,2,2,14,3,2,5,507,99,1,21,3,3,5,104,6
5729,2021,2,2,2,17,3,2,5,507,99,1,39,6,6,8,95,6
5730,2021,2,3,3,13,3,2,5,513,99,2,34,5,5,7,104,6
5731,2021,2,3,3,17,3,2,5,501,99,1,27,4,4,6,104,6
5732,2021,2,4,4,16,3,2,5,501,99,1,24,3,3,5,104,6
5733,2021,2,4,4,16,3,2,5,501,99,2,20,3,3,5,104,6
5734,2021,2,4,4,19,4,3,5,501,99,1,54,9,9,11,104,6
5735,2021,2,6,6,16,3,2,5,506,99,1,27,4,4,6,104,6
5736,2021,2,7,7,6,2,1,5,502,99,2,43,7,7,9,104,6
5737,2021,2,7,7,10,2,1,5,501,99,1,26,4,4,6,104,6
5738,2021,2,8,1,13,3,2,5,501,99,2,28,4,4,6,104,6
5739,2021,2,8,1,15,3,2,5,501,99,1,30,5,5,7,97,6
5740,2021,2,8,1,17,3,2,5,509,99,1,30,5,5,7,97,6
5741,2021,2,8,1,17,3,2,5,509,99,1,20,3,3,5,104,6
5742,2021,2,8,1,17,3,2,5,502,99,2,26,4,4,6,104,6
5743,2021,2,8,1,17,3,2,5,502,99,1,22,3,3,5,104,6
5744,2021,2,9,2,12,3,2,5,505,99,2,35,6,6,8,97,6
5745,2021,2,9,2,20,4,3,5,514,99,2,21,3,3,5,104,6
5746,2021,2,10,3,18,4,3,5,501,99,2,42,7,7,9,104,6
5747,2021,2,11,4,12,3,2,5,513,99,2,48,8,8,10,97,6
5748,2021,2,11,4,15,3,2,5,513,99,1,27,4,4,6,104,6
5749,2021,2,11,4,16,3,2,5,506,99,1,34,5,5,7,97,6
5750,2021,2,11,4,18,4,3,5,502,99,1,999,12,16,18,104,6
5751,2021,2,12,5,22,4,3,5,509,99,1,28,4,4,6,104,6
5752,2021,2,12,5,23,4,3,5,511,99,2,52,9,9,11,104,6
5753,2021,2,12,5,20,4,3,5,502,99,1,32,5,5,7,104,6
5754,2021,2,13,6,12,3,2,5,502,99,1,44,7,7,9,104,6
5755,2021,2,15,1,12,3,2,5,503,99,2,47,8,8,10,104,6
5756,2021,2,15,1,12,3,2,5,503,99,1,23,3,3,5,104,6
5757,2021,2,15,1,12,3,2,5,503,99,1,48,8,8,10,104,6
5758,2021,2,15,1,17,3,2,5,501,99,2,48,8,8,10,104,6
5759,2021,2,15,1,21,4,3,5,502,99,2,25,4,4,6,104,6
5760,2021,2,16,2,10,2,1,5,511,99,2,30,5,5,7,104,6
5761,2021,2,16,2,13,3,2,5,504,99,1,21,3,3,5,104,6
5762,2021,2,16,2,14,3,2,5,503,99,2,29,4,4,6,104,6
5763,2021,2,16,2,17,3,2,5,501,99,2,43,7,7,9,104,6
5764,2021,2,16,2,19,4,3,5,513,99,2,42,7,7,9,97,6
5765,2021,2,17,3,12,3,2,5,504,99,2,36,6,6,8,104,6
5766,2021,2,17,3,15,3,2,5,511,99,1,30,5,5,7,104,6
5767,2021,2,17,3,10,2,1,5,511,99,2,49,8,8,10,104,6
5768,2021,2,18,4,9,2,1,5,501,99,1,39,6,6,8,104,6
5769,2021,2,18,4,14,3,2,5,501,99,2,25,4,4,6,104,6
5770,2021,2,18,4,16,3,2,5,506,99,1,28,4,4,6,104,6
5771,2021,2,18,4,17,3,2,5,504,99,2,38,6,6,8,104,6
5772,2021,2,19,5,12,3,2,5,511,99,2,61,11,11,13,104,6
5773,2021,2,19,5,12,3,2,5,501,99,2,26,4,4,6,104,6
5774,2021,2,19,5,15,3,2,5,507,99,1,34,5,5,7,104,6
5775,2021,2,19,5,16,3,2,5,504,99,1,24,3,3,5,97,6
5776,2021,2,19,5,19,4,3,5,501,99,1,25,4,4,6,97,6
5777,2021,2,19,5,19,4,3,5,507,99,1,48,8,8,10,104,6
5778,2021,2,20,6,10,2,1,5,501,99,1,50,9,9,11,97,6
5779,2021,2,20,6,15,3,2,5,509,99,1,27,4,4,6,104,6
5780,2021,2,20,6,17,3,2,5,502,99,1,29,4,4,6,104,6
5781,2021,2,20,6,22,4,3,5,507,99,2,31,5,5,7,97,6
5782,2021,2,21,7,11,2,1,5,501,99,1,38,6,6,8,104,6
5783,2021,2,21,7,14,3,2,5,505,99,1,22,3,3,5,104,6
5784,2021,2,21,7,20,4,3,5,504,99,1,26,4,4,6,104,6
5785,2021,2,21,7,20,4,3,5,504,99,1,20,3,3,5,104,6
5786,2021,2,22,1,16,3,2,5,502,99,1,30,5,5,7,104,6
5787,2021,2,22,1,16,3,2,5,509,99,2,31,5,5,7,104,6
5788,2021,2,22,1,10,2,1,5,501,99,2,20,3,3,5,104,6
5789,2021,2,22,1,17,3,2,5,511,99,2,27,4,4,6,97,6
5790,2021,2,22,1,22,4,3,5,501,99,2,42,7,7,9,104,6
5791,2021,2,23,2,17,3,2,5,511,99,2,49,8,8,10,97,6
5792,2021,2,23,2,17,3,2,5,502,99,2,30,5,5,7,104,6
5793,2021,2,23,2,18,4,3,5,511,99,1,21,3,3,5,97,6
5794,2021,2,24,3,14,3,2,5,501,99,1,55,10,10,12,104,6
5795,2021,2,24,3,16,3,2,5,511,99,1,40,7,7,9,104,6
5796,2021,2,24,3,17,3,2,5,512,99,1,21,3,3,5,104,6
5797,2021,2,24,3,21,4,3,5,501,99,2,32,5,5,7,97,6
5798,2021,2,25,4,14,3,2,5,511,99,1,54,9,9,11,97,6
5799,2021,2,25,4,17,3,2,5,501,99,2,48,8,8,10,104,6
5800,2021,2,26,5,14,3,2,5,511,99,2,52,9,9,11,97,6
5801,2021,2,26,5,14,3,2,5,502,99,1,38,6,6,8,104,6
5802,2021,2,26,5,16,3,2,5,502,99,1,29,4,4,6,104,6
5803,2021,2,27,6,12,3,2,5,506,99,2,36,6,6,8,104,6
5804,2021,2,28,7,19,4,3,5,511,99,1,26,4,4,6,104,6
5805,2021,2,2,2,11,2,1,18,1801,99,1,54,9,9,11,104,6
5806,2021,2,2,2,11,2,1,18,1801,99,2,27,4,4,6,104,6
5807,2021,2,2,2,15,3,2,18,1804,99,2,37,6,6,8,104,6
5808,2021,2,2,2,21,4,3,18,1805,99,1,34,5,5,7,104,6
5809,2021,2,3,3,17,3,2,18,1804,99,1,26,4,4,6,104,6
5810,2021,2,4,4,16,3,2,18,1804,99,2,65,11,12,14,104,6
5811,2021,2,4,4,18,4,3,18,1801,99,2,999,12,16,18,104,6
5812,2021,2,5,5,9,2,1,18,1805,99,1,48,8,8,10,97,6
5813,2021,2,6,6,9,2,1,18,1805,99,2,999,12,16,18,104,6
5814,2021,2,7,7,23,4,3,18,1803,99,2,46,8,8,10,104,6
5815,2021,2,8,1,14,3,2,18,1801,99,1,45,8,8,10,97,6
5816,2021,2,9,2,11,2,1,18,1801,99,2,31,5,5,7,104,6
5817,2021,2,9,2,11,2,1,18,1804,99,1,40,7,7,9,97,6
5818,2021,2,9,2,13,3,2,18,1801,99,2,33,5,5,7,97,6
5819,2021,2,10,3,11,2,1,18,1801,99,2,23,3,3,5,104,6
5820,2021,2,10,3,11,2,1,18,1801,99,1,34,5,5,7,97,6
5821,2021,2,11,4,10,2,1,18,1804,99,1,50,9,9,11,104,6
5822,2021,2,11,4,11,2,1,18,1804,99,2,27,4,4,6,104,6
5823,2021,2,11,4,18,4,3,18,1801,99,1,19,2,2,4,104,6
5824,2021,2,12,5,10,2,1,18,1803,99,2,50,9,9,11,104,6
5825,2021,2,14,7,14,3,2,18,1801,99,2,37,6,6,8,104,6
5826,2021,2,16,2,10,2,1,18,1801,99,2,23,3,3,5,104,6
5827,2021,2,16,2,15,3,2,18,1802,99,1,40,7,7,9,97,6
5828,2021,2,17,3,14,3,2,18,1801,99,1,64,11,11,13,104,6
5829,2021,2,17,3,13,3,2,18,1801,99,1,45,8,8,10,104,6
5830,2021,2,18,4,10,2,1,18,1804,99,1,26,4,4,6,104,6
5831,2021,2,18,4,12,3,2,18,1802,99,1,39,6,6,8,97,6
5832,2021,2,18,4,14,3,2,18,1801,99,2,34,5,5,7,97,6
5833,2021,2,18,4,14,3,2,18,1801,99,1,26,4,4,6,104,6
5834,2021,2,19,5,11,2,1,18,1801,99,1,999,12,16,18,97,6
5835,2021,2,19,5,14,3,2,18,1804,99,1,35,6,6,8,104,6
5836,2021,2,22,1,10,2,1,18,1801,99,2,40,7,7,9,104,6
5837,2021,2,22,1,11,2,1,18,1801,99,1,999,12,16,18,104,6
5838,2021,2,22,1,9,2,1,18,1803,99,1,32,5,5,7,104,6
5839,2021,2,22,1,10,2,1,18,1801,99,1,38,6,6,8,104,6
5840,2021,2,22,1,11,2,1,18,1801,99,1,39,6,6,8,104,6
5841,2021,2,23,2,11,2,1,18,1801,99,2,37,6,6,8,97,6
5842,2021,2,23,2,12,3,2,18,1801,99,2,45,8,8,10,97,6
5843,2021,2,24,3,18,4,3,18,1805,99,2,27,4,4,6,104,6
5844,2021,2,25,4,20,4,3,18,1801,99,2,25,4,4,6,104,6
5845,2021,2,28,7,10,2,1,18,1801,99,1,36,6,6,8,97,6
5846,2021,2,1,1,15,3,2,6,605,99,1,36,6,6,8,104,6
5847,2021,2,1,1,15,3,2,6,603,99,1,63,11,11,13,104,6
5848,2021,2,1,1,20,4,3,6,602,99,1,20,3,3,5,104,6
5849,2021,2,1,1,22,4,3,6,602,99,1,44,7,7,9,104,6
5850,2021,2,2,2,12,3,2,6,602,99,2,34,5,5,7,104,6
5851,2021,2,2,2,17,3,2,6,602,99,1,28,4,4,6,104,6
5852,2021,2,3,3,10,2,1,6,603,99,1,39,6,6,8,104,6
5853,2021,2,4,4,10,2,1,6,602,99,1,17,2,2,4,97,6
5854,2021,2,5,5,11,2,1,6,614,99,1,22,3,3,5,94,6
5855,2021,2,6,6,21,4,3,6,608,99,2,23,3,3,5,104,6
5856,2021,2,7,7,13,3,2,6,608,99,1,41,7,7,9,97,6
5857,2021,2,8,1,21,4,3,6,602,99,1,54,9,9,11,104,6
5858,2021,2,10,3,11,2,1,6,603,99,1,65,11,12,14,95,6
5859,2021,2,10,3,15,3,2,6,602,99,1,26,4,4,6,97,6
5860,2021,2,10,3,16,3,2,6,614,99,2,59,10,10,12,104,6
5861,2021,2,11,4,11,2,1,6,607,99,1,41,7,7,9,95,6
5862,2021,2,11,4,12,3,2,6,602,99,1,29,4,4,6,104,6
5863,2021,2,11,4,19,4,3,6,602,99,1,32,5,5,7,104,6
5864,2021,2,12,5,10,2,1,6,608,99,1,39,6,6,8,104,6
5865,2021,2,12,5,14,3,2,6,608,99,2,28,4,4,6,104,6
5866,2021,2,12,5,16,3,2,6,601,99,2,41,7,7,9,97,6
5867,2021,2,15,1,15,3,2,6,602,99,1,24,3,3,5,104,6
5868,2021,2,16,2,15,3,2,6,603,99,2,26,4,4,6,104,6
5869,2021,2,16,2,16,3,2,6,604,99,2,31,5,5,7,104,6
5870,2021,2,17,3,17,3,2,6,601,99,1,31,5,5,7,104,6
5871,2021,2,17,3,17,3,2,6,610,99,1,20,3,3,5,104,6
5872,2021,2,18,4,15,3,2,6,608,99,1,25,4,4,6,104,6
5873,2021,2,18,4,15,3,2,6,610,99,2,20,3,3,5,104,6
5874,2021,2,18,4,19,4,3,6,601,99,2,34,5,5,7,104,6
5875,2021,2,18,4,20,4,3,6,602,99,2,25,4,4,6,104,6
5876,2021,2,19,5,12,3,2,6,606,99,2,20,3,3,5,104,6
5877,2021,2,20,6,10,2,1,6,609,99,1,55,10,10,12,97,6
5878,2021,2,20,6,16,3,2,6,613,99,2,24,3,3,5,104,6
5879,2021,2,20,6,16,3,2,6,608,99,1,44,7,7,9,97,6
5880,2021,2,20,6,17,3,2,6,609,99,2,49,8,8,10,104,6
5881,2021,2,21,7,1,1,1,6,601,99,2,41,7,7,9,104,6
5882,2021,2,21,7,15,3,2,6,608,99,1,32,5,5,7,97,6
5883,2021,2,22,1,10,2,1,6,606,99,2,23,3,3,5,104,6
5884,2021,2,22,1,12,3,2,6,602,99,1,26,4,4,6,104,6
5885,2021,2,22,1,18,4,3,6,601,99,2,56,10,10,12,104,6
5886,2021,2,22,1,16,3,2,6,606,99,2,35,6,6,8,104,6
5887,2021,2,24,3,9,2,1,6,603,99,1,19,2,2,4,97,6
5888,2021,2,25,4,13,3,2,6,608,99,1,24,3,3,5,104,6
5889,2021,2,26,5,19,4,3,6,606,99,2,24,3,3,5,104,6
5890,2021,2,27,6,9,2,1,6,601,99,1,24,3,3,5,104,6
5891,2021,2,28,7,15,3,2,6,602,99,1,55,10,10,12,104,6
5892,2021,2,1,1,14,3,2,1,114,99,1,43,7,7,9,104,6
5893,2021,2,1,1,11,2,1,1,115,99,2,45,8,8,10,104,6
5894,2021,2,1,1,13,3,2,1,117,99,1,20,3,3,5,97,6
5895,2021,2,1,1,11,2,1,1,117,99,1,51,9,9,11,104,6
5896,2021,2,1,1,15,3,2,1,117,99,1,60,11,11,13,104,6
5897,2021,2,2,2,14,3,2,1,114,99,2,38,6,6,8,104,6
5898,2021,2,2,2,17,3,2,1,116,99,2,44,7,7,9,104,6
5899,2021,2,2,2,17,3,2,1,115,99,2,51,9,9,11,104,6
5900,2021,2,2,2,17,3,2,1,115,99,1,32,5,5,7,104,6
5901,2021,2,2,2,17,3,2,1,115,99,1,24,3,3,5,104,6
5902,2021,2,2,2,17,3,2,1,115,99,1,27,4,4,6,104,6
5903,2021,2,2,2,17,3,2,1,115,99,2,37,6,6,8,97,6
5904,2021,2,3,3,13,3,2,1,115,99,2,42,7,7,9,104,6
5905,2021,2,3,3,17,3,2,1,115,99,2,35,6,6,8,97,6
5906,2021,2,4,4,12,3,2,1,116,99,1,53,9,9,11,104,6
5907,2021,2,6,6,19,4,3,1,115,99,1,20,3,3,5,97,6
5908,2021,2,6,6,20,4,3,1,114,99,1,28,4,4,6,97,6
5909,2021,2,6,6,8,2,1,1,117,99,1,22,3,3,5,104,6
5910,2021,2,6,6,19,4,3,1,115,99,1,24,3,3,5,97,6
5911,2021,2,6,6,16,3,2,1,115,99,1,33,5,5,7,104,6
5912,2021,2,6,6,14,3,2,1,115,99,1,36,6,6,8,97,6
5913,2021,2,6,6,14,3,2,1,115,99,1,29,4,4,6,104,6
5914,2021,2,6,6,15,3,2,1,115,99,2,38,6,6,8,104,6
5915,2021,2,9,2,11,2,1,1,114,99,1,23,3,3,5,104,6
5916,2021,2,9,2,18,4,3,1,114,99,1,51,9,9,11,104,6
5917,2021,2,9,2,17,3,2,1,114,99,1,43,7,7,9,104,6
5918,2021,2,9,2,13,3,2,1,114,99,2,38,6,6,8,104,6
5919,2021,2,9,2,17,3,2,1,115,99,2,45,8,8,10,97,6
5920,2021,2,10,3,18,4,3,1,115,99,1,32,5,5,7,97,6
5921,2021,2,10,3,14,3,2,1,115,99,1,25,4,4,6,104,6
5922,2021,2,10,3,16,3,2,1,115,99,1,34,5,5,7,104,6
5923,2021,2,10,3,11,2,1,1,117,99,1,49,8,8,10,104,6
5924,2021,2,10,3,22,4,3,1,117,99,2,27,4,4,6,104,6
5925,2021,2,11,4,16,3,2,1,115,99,2,48,8,8,10,104,6
5926,2021,2,12,5,12,3,2,1,115,99,2,30,5,5,7,97,6
5927,2021,2,12,5,11,2,1,3,301,99,1,20,3,3,5,97,6
5928,2021,2,12,5,18,4,3,1,115,99,2,52,9,9,11,104,6
5929,2021,2,12,5,17,3,2,1,116,99,1,24,3,3,5,104,6
5930,2021,2,13,6,16,3,2,1,114,99,1,57,10,10,12,104,6
5931,2021,2,13,6,15,3,2,1,117,99,1,74,11,13,15,104,6
5932,2021,2,13,6,20,4,3,1,114,99,2,25,4,4,6,104,6
5933,2021,2,14,7,12,3,2,1,117,99,1,38,6,6,8,104,6
5934,2021,2,15,1,9,2,1,1,115,99,1,26,4,4,6,104,6
5935,2021,2,16,2,9,2,1,1,115,99,1,999,12,16,18,104,6
5936,2021,2,16,2,13,3,2,1,115,99,1,42,7,7,9,104,6
5937,2021,2,16,2,11,2,1,1,117,99,1,26,4,4,6,104,6
5938,2021,2,16,2,13,3,2,1,116,99,2,34,5,5,7,97,6
5939,2021,2,18,4,17,3,2,1,117,99,2,29,4,4,6,104,6
5940,2021,2,18,4,9,2,1,1,117,99,1,51,9,9,11,97,6
5941,2021,2,18,4,8,2,1,1,115,99,1,36,6,6,8,104,6
5942,2021,2,21,7,15,3,2,1,117,99,2,31,5,5,7,74,6
5943,2021,2,21,7,15,3,2,1,115,99,2,48,8,8,10,97,6
5944,2021,2,22,1,14,3,2,1,114,99,2,32,5,5,7,104,6
5945,2021,2,22,1,17,3,2,1,116,99,1,40,7,7,9,97,6
5946,2021,2,22,1,12,3,2,1,115,99,2,35,6,6,8,97,6
5947,2021,2,23,2,8,2,1,1,115,99,1,68,11,12,14,104,6
5948,2021,2,23,2,16,3,2,1,115,99,1,23,3,3,5,104,6
5949,2021,2,23,2,14,3,2,1,115,99,2,28,4,4,6,104,6
5950,2021,2,23,2,15,3,2,1,117,99,1,24,3,3,5,104,6
5951,2021,2,24,3,13,3,2,1,115,99,1,38,6,6,8,104,6
5952,2021,2,24,3,15,3,2,1,115,99,1,39,6,6,8,104,6
5953,2021,2,24,3,16,3,2,1,115,99,1,64,11,11,13,104,6
5954,2021,2,25,4,10,2,1,1,114,99,2,44,7,7,9,97,6
5955,2021,2,25,4,13,3,2,1,116,99,2,19,2,2,4,104,6
5956,2021,2,26,5,8,2,1,1,115,99,2,45,8,8,10,97,6
5957,2021,2,26,5,14,3,2,1,115,99,2,29,4,4,6,104,6
5958,2021,2,26,5,11,2,1,1,115,99,1,21,3,3,5,104,6
5959,2021,2,26,5,12,3,2,1,115,99,1,25,4,4,6,104,6
5960,2021,2,26,5,14,3,2,1,115,99,2,49,8,8,10,97,6
5961,2021,2,27,6,8,2,1,1,117,99,2,44,7,7,9,104,6
5962,2021,2,27,6,14,3,2,1,115,99,1,23,3,3,5,104,6
5963,2021,2,27,6,15,3,2,1,115,99,2,46,8,8,10,96,6
5964,2021,2,27,6,15,3,2,1,116,99,1,999,12,16,18,104,6
5965,2021,2,28,7,11,2,1,1,115,99,1,46,8,8,10,104,6
5966,2021,2,28,7,17,3,2,12,1213,99,1,30,5,5,7,97,6
5967,2021,2,2,2,17,3,2,1,110,99,1,30,5,5,7,104,6
5968,2021,2,2,2,13,3,2,3,306,99,2,38,6,6,8,104,6
5969,2021,2,2,2,12,3,2,1,108,99,2,26,4,4,6,104,6
5970,2021,2,2,2,11,2,1,1,111,99,1,49,8,8,10,97,6
5971,2021,2,3,3,9,2,1,1,108,99,1,35,6,6,8,104,6
5972,2021,2,3,3,9,2,1,1,108,99,1,26,4,4,6,104,6
5973,2021,2,3,3,13,3,2,1,108,99,1,46,8,8,10,97,6
5974,2021,2,4,4,10,2,1,1,110,99,1,34,5,5,7,97,6
5975,2021,2,4,4,10,2,1,1,109,99,1,26,4,4,6,97,6
5976,2021,2,4,4,16,3,2,1,110,99,1,33,5,5,7,104,6
5977,2021,2,6,6,19,4,3,1,108,99,1,59,10,10,12,104,6
5978,2021,2,7,7,12,3,2,1,108,99,2,22,3,3,5,104,6
5979,2021,2,8,1,14,3,2,1,108,99,1,40,7,7,9,97,6
5980,2021,2,8,1,15,3,2,1,110,99,1,31,5,5,7,104,6
5981,2021,2,8,1,16,3,2,1,108,99,1,56,10,10,12,97,6
5982,2021,2,8,1,23,4,3,1,108,99,1,59,10,10,12,97,6
5983,2021,2,10,3,10,2,1,1,110,99,2,20,3,3,5,97,6
5984,2021,2,10,3,10,2,1,1,108,99,2,52,9,9,11,97,6
5985,2021,2,10,3,13,3,2,1,108,99,1,20,3,3,5,104,6
5986,2021,2,10,3,13,3,2,1,108,99,2,44,7,7,9,97,6
5987,2021,2,10,3,23,4,3,1,108,99,1,33,5,5,7,104,6
5988,2021,2,10,3,15,3,2,1,108,99,1,40,7,7,9,104,6
5989,2021,2,10,3,11,2,1,1,108,99,2,43,7,7,9,104,6
5990,2021,2,10,3,14,3,2,1,110,99,2,26,4,4,6,97,6
5991,2021,2,10,3,14,3,2,1,108,99,2,22,3,3,5,104,6
5992,2021,2,11,4,20,4,3,1,108,99,1,48,8,8,10,97,6
5993,2021,2,12,5,0,1,1,1,108,99,2,999,12,16,18,97,6
5994,2021,2,12,5,18,4,3,1,108,99,1,43,7,7,9,97,6
5995,2021,2,12,5,16,3,2,1,108,99,2,52,9,9,11,104,6
5996,2021,2,13,6,0,1,1,1,108,99,2,43,7,7,9,97,6
5997,2021,2,13,6,16,3,2,1,108,99,1,32,5,5,7,97,6
5998,2021,2,13,6,17,3,2,1,108,99,1,37,6,6,8,97,6
5999,2021,2,15,1,17,3,2,1,108,99,2,40,7,7,9,104,6
6000,2021,2,15,1,10,2,1,1,108,99,2,42,7,7,9,104,6
6001,2021,2,15,1,13,3,2,1,108,99,1,39,6,6,8,104,6
6002,2021,2,15,1,10,2,1,1,111,99,2,58,10,10,12,97,6
6003,2021,2,15,1,9,2,1,1,109,99,2,43,7,7,9,104,6
6004,2021,2,16,2,12,3,2,1,110,99,1,44,7,7,9,97,6
6005,2021,2,17,3,10,2,1,1,108,99,2,26,4,4,6,104,6
6006,2021,2,17,3,12,3,2,1,108,99,1,60,11,11,13,97,6
6007,2021,2,17,3,16,3,2,1,108,99,2,34,5,5,7,104,6
6008,2021,2,18,4,12,3,2,1,109,99,1,31,5,5,7,104,6
6009,2021,2,18,4,12,3,2,1,110,99,1,20,3,3,5,104,6
6010,2021,2,18,4,15,3,2,1,108,99,1,50,9,9,11,97,6
6011,2021,2,19,5,11,2,1,1,110,99,1,35,6,6,8,104,6
6012,2021,2,19,5,13,3,2,1,108,99,2,56,10,10,12,97,6
6013,2021,2,19,5,18,4,3,3,308,99,1,28,4,4,6,104,6
6014,2021,2,19,5,20,4,3,1,108,99,1,21,3,3,5,104,6
6015,2021,2,20,6,21,4,3,1,108,99,2,34,5,5,7,97,6
6016,2021,2,22,1,12,3,2,1,110,99,1,30,5,5,7,104,6
6017,2021,2,22,1,13,3,2,1,108,99,1,50,9,9,11,104,6
6018,2021,2,22,1,14,3,2,1,108,99,2,22,3,3,5,104,6
6019,2021,2,22,1,16,3,2,1,108,99,1,46,8,8,10,97,6
6020,2021,2,22,1,18,4,3,1,108,99,1,52,9,9,11,104,6
6021,2021,2,23,2,15,3,2,1,108,99,1,30,5,5,7,104,6
6022,2021,2,23,2,16,3,2,1,108,99,2,24,3,3,5,104,6
6023,2021,2,24,3,17,3,2,1,110,99,1,28,4,4,6,104,6
6024,2021,2,24,3,10,2,1,1,110,99,2,23,3,3,5,104,6
6025,2021,2,24,3,13,3,2,1,108,99,1,30,5,5,7,97,6
6026,2021,2,24,3,14,3,2,1,108,99,2,47,8,8,10,97,6
6027,2021,2,24,3,18,4,3,1,108,99,2,51,9,9,11,104,6
6028,2021,2,25,4,15,3,2,1,108,99,1,28,4,4,6,97,6
6029,2021,2,25,4,16,3,2,1,108,99,1,27,4,4,6,104,6
6030,2021,2,25,4,10,2,1,1,108,99,2,40,7,7,9,104,6
6031,2021,2,25,4,14,3,2,1,108,99,1,32,5,5,7,97,6
6032,2021,2,25,4,12,3,2,1,110,99,1,23,3,3,5,104,6
6033,2021,2,25,4,20,4,3,1,110,99,2,46,8,8,10,104,6
6034,2021,2,26,5,16,3,2,1,108,99,2,37,6,6,8,104,6
6035,2021,2,26,5,20,4,3,1,109,99,1,46,8,8,10,97,6
6036,2021,2,27,6,14,3,2,1,108,99,1,31,5,5,7,97,6
6037,2021,3,1,1,13,3,2,1,108,99,1,31,5,5,7,69,3
6038,2021,3,1,1,17,3,2,1,108,99,1,50,9,9,11,75,3
6039,2021,3,1,1,14,3,2,1,108,99,1,42,7,7,9,75,3
6040,2021,3,1,1,14,3,2,1,108,99,1,42,7,7,9,75,3
6041,2021,3,1,1,9,2,1,19,1901,99,1,24,3,3,5,69,3
6042,2021,3,1,1,10,2,1,5,501,99,1,63,11,11,13,69,3
6043,2021,3,3,3,6,2,1,1,101,16,1,33,5,5,7,69,3
6044,2021,3,3,3,10,2,1,21,2101,99,1,27,4,4,6,69,3
6045,2021,3,4,4,13,3,2,1,108,99,1,20,3,3,5,69,3
6046,2021,3,4,4,10,2,1,2,201,99,1,62,11,11,13,75,3
6047,2021,3,4,4,18,4,3,1,115,99,1,33,5,5,7,75,3
6048,2021,3,4,4,18,4,3,1,115,99,1,33,5,5,7,75,3
6049,2021,3,7,7,7,2,1,1,101,7,1,32,5,5,7,69,3
6050,2021,3,8,1,15,3,2,1,101,11,1,26,4,4,6,69,3
6051,2021,3,8,1,17,3,2,5,501,99,1,47,8,8,10,69,3
6052,2021,3,8,1,19,4,3,5,501,99,1,36,6,6,8,75,3
6053,2021,3,8,1,8,2,1,1,101,5,2,36,6,6,8,75,3
6054,2021,3,8,1,18,4,3,9,901,99,1,31,5,5,7,75,3
6055,2021,3,8,1,15,3,2,1,101,1,1,63,11,11,13,75,3
6056,2021,3,9,2,17,3,2,1,108,99,1,22,3,3,5,75,3
6057,2021,3,9,2,23,4,3,17,1705,99,1,34,5,5,7,75,3
6058,2021,3,9,2,20,4,3,4,416,99,1,46,8,8,10,75,3
6059,2021,3,10,3,9,2,1,5,511,99,1,57,10,10,12,69,3
6060,2021,3,10,3,12,3,2,6,608,99,1,41,7,7,9,75,3
6061,2021,3,10,3,19,4,3,22,2217,99,1,29,4,4,6,75,3
6062,2021,3,10,3,23,4,3,1,101,10,1,44,7,7,9,75,3
6063,2021,3,10,3,23,4,3,1,101,10,1,44,7,7,9,75,3
6064,2021,3,10,3,23,4,3,1,101,10,1,44,7,7,9,75,3
6065,2021,3,10,3,23,4,3,1,101,10,1,44,7,7,9,75,3
6066,2021,3,10,3,23,4,3,1,101,10,1,44,7,7,9,75,3
6067,2021,3,11,4,2,1,1,5,509,99,1,30,5,5,7,69,3
6068,2021,3,12,5,19,4,3,1,101,11,1,30,5,5,7,75,3
6069,2021,3,13,6,11,2,1,1,101,10,1,26,4,4,6,75,3
6070,2021,3,13,6,16,3,2,1,116,99,1,49,8,8,10,75,3
6071,2021,3,13,6,5,1,1,5,506,99,1,52,9,9,11,69,3
6072,2021,3,13,6,11,2,1,17,1704,99,2,50,9,9,11,75,3
6073,2021,3,13,6,11,2,1,17,1704,99,2,50,9,9,11,75,3
6074,2021,3,14,7,9,2,1,5,510,99,1,42,7,7,9,69,3
6075,2021,3,14,7,9,2,1,5,510,99,1,52,9,9,11,69,3
6076,2021,3,15,1,11,2,1,1,108,99,1,35,6,6,8,75,3
6077,2021,3,15,1,8,2,1,1,115,99,1,27,4,4,6,75,3
6078,2021,3,15,1,4,1,1,4,401,99,1,32,5,5,7,75,3
6079,2021,3,16,2,9,2,1,1,101,9,1,29,4,4,6,75,3
6080,2021,3,16,2,9,2,1,1,101,9,1,29,4,4,6,75,3
6081,2021,3,16,2,19,4,3,1,113,99,1,48,8,8,10,75,3
6082,2021,3,16,2,9,2,1,19,1905,99,1,64,11,11,13,75,3
6083,2021,3,16,2,14,3,2,2,201,99,1,37,6,6,8,75,3
6084,2021,3,16,2,14,3,2,18,1805,99,1,32,5,5,7,75,3
6085,2021,3,16,2,12,3,2,17,1707,99,1,26,4,4,6,75,3
6086,2021,3,17,3,14,3,2,2,207,99,1,66,11,12,14,75,3
6087,2021,3,17,3,7,2,1,4,408,99,1,27,4,4,6,75,3
6088,2021,3,18,4,7,2,1,19,1904,99,1,43,7,7,9,75,3
6089,2021,3,18,4,13,3,2,2,204,99,1,56,10,10,12,69,3
6090,2021,3,19,5,21,4,3,1,101,10,1,48,8,8,10,75,3
6091,2021,3,19,5,11,2,1,5,509,99,1,35,6,6,8,75,3
6092,2021,3,19,5,5,1,1,1,101,18,1,42,7,7,9,69,3
6093,2021,3,20,6,19,4,3,1,108,99,1,42,7,7,9,69,3
6094,2021,3,20,6,10,2,1,18,1803,99,1,34,5,5,7,69,3
6095,2021,3,22,1,11,2,1,1,117,99,1,31,5,5,7,75,3
6096,2021,3,22,1,14,3,2,9,901,99,1,35,6,6,8,69,3
6097,2021,3,22,1,8,2,1,4,401,99,2,29,4,4,6,69,3
6098,2021,3,25,4,14,3,2,1,103,99,1,64,11,11,13,69,3
6099,2021,3,25,4,11,2,1,1,101,11,1,45,8,8,10,75,3
6100,2021,3,25,4,0,1,1,19,1901,99,1,31,5,5,7,75,3
6101,2021,3,26,5,11,2,1,1,103,99,1,58,10,10,12,75,3
6102,2021,3,28,7,21,4,3,1,101,10,1,48,8,8,10,69,3
6103,2021,3,28,7,21,4,3,1,101,10,1,48,8,8,10,69,3
6104,2021,3,28,7,16,3,2,5,511,99,1,52,9,9,11,75,3
6105,2021,3,29,1,7,2,1,1,115,99,1,999,12,16,18,69,3
6106,2021,3,29,1,7,2,1,1,115,99,1,999,12,16,18,69,3
6107,2021,3,29,1,15,3,2,1,115,99,1,23,3,3,5,69,3
6108,2021,3,29,1,23,4,3,1,115,99,1,35,6,6,8,69,3
6109,2021,3,30,2,6,2,1,2,201,99,1,49,8,8,10,69,3
6110,2021,3,30,2,6,2,1,2,201,99,1,49,8,8,10,69,3
6111,2021,3,30,2,6,2,1,2,201,99,1,49,8,8,10,69,3
6112,2021,3,30,2,6,2,1,2,201,99,1,49,8,8,10,69,3
6113,2021,3,30,2,6,2,1,2,201,99,1,49,8,8,10,69,3
6114,2021,3,30,2,6,2,1,2,201,99,1,49,8,8,10,69,3
6115,2021,3,30,2,15,3,2,5,501,99,1,38,6,6,8,69,3
6116,2021,3,31,3,8,2,1,2,201,99,1,33,5,5,7,75,3
6117,2021,3,1,1,7,2,1,1,101,5,1,31,5,5,7,21,3
6118,2021,3,1,1,9,2,1,1,116,99,1,16,2,2,4,21,3
6119,2021,3,1,1,10,2,1,1,108,99,1,31,5,5,7,20,3
6120,2021,3,1,1,16,3,2,20,2009,99,2,45,8,8,10,81,3
6121,2021,3,1,1,9,2,1,19,1901,99,1,24,3,3,5,19,3
6122,2021,3,2,2,14,3,2,1,101,14,2,30,5,5,7,20,3
6123,2021,3,2,2,11,2,1,1,101,7,2,44,7,7,9,20,3
6124,2021,3,2,2,12,3,2,11,1101,99,2,20,3,3,5,21,3
6125,2021,3,2,2,9,2,1,16,1601,99,2,34,5,5,7,81,3
6126,2021,3,3,3,9,2,1,1,116,99,2,25,4,4,6,21,3
6127,2021,3,3,3,15,3,2,17,1710,99,1,28,4,4,6,21,3
6128,2021,3,5,5,10,2,1,1,116,99,2,30,5,5,7,21,3
6129,2021,3,5,5,0,1,1,7,716,99,1,35,6,6,8,21,3
6130,2021,3,5,5,18,4,3,1,101,7,1,999,12,16,18,21,3
6131,2021,3,5,5,12,3,2,20,2005,99,2,999,12,16,18,81,3
6132,2021,3,5,5,16,3,2,16,1611,99,1,999,12,16,18,81,3
6133,2021,3,5,5,11,2,1,4,413,99,1,49,8,8,10,81,3
6134,2021,3,6,6,8,2,1,1,101,6,1,23,3,3,5,20,3
6135,2021,3,6,6,14,3,2,1,101,10,1,41,7,7,9,20,3
6136,2021,3,6,6,13,3,2,1,115,99,1,23,3,3,5,19,3
6137,2021,3,6,6,7,2,1,14,1401,99,1,30,5,5,7,20,3
6138,2021,3,6,7,22,4,3,1,114,99,2,34,5,5,7,20,3
6139,2021,3,6,7,16,3,2,11,1101,99,1,31,5,5,7,21,3
6140,2021,3,6,7,22,4,3,13,1301,99,2,63,11,11,13,19,3
6141,2021,3,7,7,17,3,2,18,1804,99,1,16,2,2,4,20,3
6142,2021,3,8,1,8,2,1,1,101,1,1,43,7,7,9,20,3
6143,2021,3,8,1,6,2,1,21,2101,99,2,28,4,4,6,21,3
6144,2021,3,8,1,19,4,3,1,115,99,2,39,6,6,8,19,3
6145,2021,3,8,1,11,2,1,8,801,99,1,23,3,3,5,20,3
6146,2021,3,9,2,16,3,2,1,108,99,2,41,7,7,9,19,3
6147,2021,3,9,2,13,3,2,5,505,99,1,40,7,7,9,20,3
6148,2021,3,9,2,6,2,1,2,208,99,1,58,10,10,12,32,3
6149,2021,3,9,2,23,4,3,17,1705,99,1,34,5,5,7,81,3
6150,2021,3,9,2,11,2,1,4,401,99,1,36,6,6,8,20,3
6151,2021,3,10,3,9,2,1,5,511,99,1,46,8,8,10,20,3
6152,2021,3,10,3,21,4,3,1,108,99,1,47,8,8,10,20,3
6153,2021,3,11,4,10,2,1,1,101,1,1,40,7,7,9,20,3
6154,2021,3,11,4,13,3,2,5,505,99,1,53,9,9,11,19,3
6155,2021,3,11,4,6,2,1,12,1230,99,1,29,4,4,6,20,3
6156,2021,3,11,4,5,1,1,13,1301,99,1,29,4,4,6,19,3
6157,2021,3,12,5,9,2,1,1,109,99,1,29,4,4,6,20,3
6158,2021,3,12,5,23,4,3,4,401,99,1,41,7,7,9,20,3
6159,2021,3,13,6,9,2,1,1,101,10,1,24,3,3,5,20,3
6160,2021,3,13,6,11,2,1,1,101,10,1,26,4,4,6,81,3
6161,2021,3,13,6,20,4,3,13,1314,99,1,999,12,16,18,19,3
6162,2021,3,14,7,10,2,1,1,117,99,1,26,4,4,6,20,3
6163,2021,3,14,7,20,4,3,1,115,99,2,41,7,7,9,19,3
6164,2021,3,14,7,10,2,1,4,406,99,1,22,3,3,5,20,3
6165,2021,3,15,1,11,2,1,1,101,21,2,24,3,3,5,19,3
6166,2021,3,15,1,15,3,2,1,115,99,1,999,12,16,18,20,3
6167,2021,3,15,1,1,1,1,5,501,99,1,999,12,16,18,21,3
6168,2021,3,15,1,17,3,2,5,502,99,1,30,5,5,7,20,3
6169,2021,3,15,1,7,2,1,5,502,99,1,30,5,5,7,20,3
6170,2021,3,15,1,17,3,2,5,511,99,1,999,12,16,18,32,3
6171,2021,3,15,1,12,3,2,10,1001,99,1,30,5,5,7,21,3
6172,2021,3,15,1,11,2,1,12,1201,99,1,999,12,16,18,21,3
6173,2021,3,16,2,9,2,1,19,1905,99,1,64,11,11,13,81,3
6174,2021,3,16,2,5,1,1,11,1101,99,1,33,5,5,7,20,3
6175,2021,3,16,2,13,3,2,8,801,99,1,999,12,16,18,20,3
6176,2021,3,16,2,12,3,2,17,1707,99,1,26,4,4,6,81,3
6177,2021,3,17,3,16,3,2,1,101,7,1,26,4,4,6,20,3
6178,2021,3,17,3,7,2,1,1,108,99,2,47,8,8,10,19,3
6179,2021,3,17,3,4,1,1,19,1906,99,1,25,4,4,6,21,3
6180,2021,3,17,3,15,3,2,9,917,99,2,999,12,16,18,19,3
6181,2021,3,17,3,9,2,1,4,412,99,1,38,6,6,8,21,3
6182,2021,3,18,4,7,2,1,1,108,99,1,47,8,8,10,21,3
6183,2021,3,18,4,12,3,2,5,501,99,1,999,12,16,18,21,3
6184,2021,3,18,4,12,3,2,13,1312,99,1,999,12,16,18,81,3
6185,2021,3,18,4,16,3,2,18,1802,99,1,37,6,6,8,19,3
6186,2021,3,19,5,16,3,2,14,1411,99,2,17,2,2,4,21,3
6187,2021,3,19,5,23,4,3,1,108,99,1,35,6,6,8,21,3
6188,2021,3,20,6,14,3,2,17,1712,99,1,999,12,16,18,21,3
6189,2021,3,20,6,22,4,3,1,101,9,1,999,12,16,18,20,3
6190,2021,3,21,7,14,3,2,1,101,4,1,999,12,16,18,20,3
6191,2021,3,22,1,17,3,2,1,101,1,1,34,5,5,7,21,3
6192,2021,3,22,1,8,2,1,1,101,10,2,36,6,6,8,20,3
6193,2021,3,22,1,9,2,1,1,101,19,1,32,5,5,7,21,3
6194,2021,3,22,1,11,2,1,5,511,99,1,999,12,16,18,32,3
6195,2021,3,22,1,22,4,3,12,1202,99,1,24,3,3,5,19,3
6196,2021,3,22,1,17,3,2,14,1413,99,1,999,12,16,18,20,3
6197,2021,3,22,1,10,2,1,4,401,99,2,29,4,4,6,20,3
6198,2021,3,22,1,11,2,1,4,413,99,2,21,3,3,5,20,3
6199,2021,3,23,2,3,1,1,1,101,3,1,28,4,4,6,20,3
6200,2021,3,23,2,12,3,2,1,101,5,2,45,8,8,10,21,3
6201,2021,3,24,3,9,2,1,1,101,4,1,43,7,7,9,21,3
6202,2021,3,24,3,13,3,2,1,101,7,1,38,6,6,8,20,3
6203,2021,3,24,3,17,3,2,1,115,99,1,999,12,16,18,20,3
6204,2021,3,24,3,18,4,3,1,114,99,1,30,5,5,7,19,3
6205,2021,3,24,3,20,4,3,15,1507,99,1,67,11,12,14,19,3
6206,2021,3,24,3,11,2,1,3,301,99,1,40,7,7,9,20,3
6207,2021,3,25,4,15,3,2,1,103,99,1,64,11,11,13,20,3
6208,2021,3,26,5,12,3,2,1,108,99,2,32,5,5,7,20,3
6209,2021,3,26,5,8,2,1,19,1905,99,1,32,5,5,7,20,3
6210,2021,3,27,6,3,1,1,1,115,99,1,44,7,7,9,19,3
6211,2021,3,27,6,19,4,3,1,101,7,1,999,12,16,18,20,3
6212,2021,3,27,6,0,1,1,9,901,99,2,22,3,3,5,20,3
6213,2021,3,28,7,16,3,2,5,511,99,1,52,9,9,11,81,3
6214,2021,3,28,7,22,4,3,9,920,99,1,999,12,16,18,20,3
6215,2021,3,28,7,22,4,3,9,920,99,1,999,12,16,18,20,3
6216,2021,3,28,7,22,4,3,9,920,99,1,999,12,16,18,20,3
6217,2021,3,29,1,20,4,3,1,102,99,1,52,9,9,11,20,3
6218,2021,3,29,1,9,2,1,1,101,10,1,45,8,8,10,20,3
6219,2021,3,29,1,11,2,1,1,108,99,1,43,7,7,9,20,3
6220,2021,3,29,1,21,4,3,12,1202,99,1,20,3,3,5,20,3
6221,2021,3,29,1,5,1,1,2,201,99,1,999,12,16,18,20,3
6222,2021,3,30,2,16,3,2,1,103,99,2,29,4,4,6,19,3
6223,2021,3,30,2,12,3,2,9,901,99,1,999,12,16,18,20,3
6224,2021,3,30,2,8,2,1,14,1401,99,1,28,4,4,6,20,3
6225,2021,3,30,2,20,4,3,3,301,99,1,26,4,4,6,20,3
6226,2021,3,31,3,13,3,2,1,101,17,1,20,3,3,5,20,3
6227,2021,3,31,3,10,2,1,11,1101,99,1,999,12,16,18,20,3
6228,2021,3,31,3,1,1,1,9,901,99,1,28,4,4,6,81,3
6229,2021,3,31,3,0,1,1,16,1616,99,1,999,12,16,18,81,3
6230,2021,3,31,3,13,3,2,16,1613,99,2,22,3,3,5,81,3
6231,2021,3,31,3,13,3,2,2,207,99,2,26,4,4,6,19,3
6232,2021,3,31,3,8,2,1,2,201,99,1,33,5,5,7,81,3
6233,2021,3,31,3,11,2,1,17,1705,99,1,24,3,3,5,20,3
6234,2021,3,1,1,16,3,2,1,101,4,2,25,4,4,6,30,3
6235,2021,3,1,1,19,4,3,20,2001,99,2,34,5,5,7,30,3
6236,2021,3,1,1,20,4,3,11,1106,99,1,999,12,16,18,30,3
6237,2021,3,2,2,22,4,3,1,101,1,1,999,12,16,18,30,3
6238,2021,3,2,2,4,1,1,1,101,18,2,59,10,10,12,30,3
6239,2021,3,2,2,12,3,2,5,511,99,2,33,5,5,7,30,3
6240,2021,3,2,2,22,4,3,3,307,99,1,17,2,2,4,30,3
6241,2021,3,4,4,15,3,2,15,1507,99,1,44,7,7,9,30,3
6242,2021,3,4,4,18,4,3,10,1001,99,1,62,11,11,13,30,3
6243,2021,3,5,5,14,3,2,4,415,99,1,999,12,16,18,30,3
6244,2021,3,6,6,13,3,2,7,711,99,2,32,5,5,7,30,3
6245,2021,3,6,6,7,2,1,1,101,7,2,46,8,8,10,30,3
6246,2021,3,8,1,20,4,3,1,102,99,1,21,3,3,5,30,3
6247,2021,3,9,2,18,4,3,1,101,7,1,999,12,16,18,30,3
6248,2021,3,9,2,9,2,1,18,1803,99,1,999,12,16,18,30,3
6249,2021,3,10,3,13,3,2,17,1701,99,2,999,12,16,18,30,3
6250,2021,3,10,3,12,3,2,9,901,99,2,24,3,3,5,30,3
6251,2021,3,10,3,13,3,2,9,902,99,2,37,6,6,8,30,3
6252,2021,3,10,3,23,4,3,1,101,1,2,24,3,3,5,30,3
6253,2021,3,10,3,18,4,3,1,108,99,2,24,3,3,5,30,3
6254,2021,3,10,3,18,4,3,1,108,99,1,25,4,4,6,30,3
6255,2021,3,10,3,18,4,3,1,108,99,1,24,3,3,5,30,3
6256,2021,3,14,7,11,2,1,21,2101,99,2,31,5,5,7,30,3
6257,2021,3,14,7,3,1,1,5,509,99,1,999,12,16,18,30,3
6258,2021,3,14,7,18,4,3,5,509,99,2,20,3,3,5,30,3
6259,2021,3,15,1,18,4,3,19,1904,99,2,34,5,5,7,30,3
6260,2021,3,15,1,21,4,3,13,1328,99,2,21,3,3,5,30,3
6261,2021,3,15,1,14,3,2,4,414,99,1,999,12,16,18,30,3
6262,2021,3,15,1,14,3,2,4,401,99,1,74,11,13,15,30,3
6263,2021,3,16,2,21,4,3,13,1301,99,1,999,12,16,18,30,3
6264,2021,3,17,3,7,2,1,1,101,18,1,41,7,7,9,30,3
6265,2021,3,18,4,15,3,2,1,114,99,2,42,7,7,9,30,3
6266,2021,3,20,6,13,3,2,1,101,1,2,19,2,2,4,30,3
6267,2021,3,20,6,20,4,3,1,114,99,2,19,2,2,4,30,3
6268,2021,3,21,7,15,3,2,1,101,1,2,19,2,2,4,30,3
6269,2021,3,21,7,12,3,2,1,101,10,2,36,6,6,8,30,3
6270,2021,3,21,7,12,3,2,22,2201,99,1,21,3,3,5,30,3
6271,2021,3,21,7,12,3,2,22,2201,99,1,21,3,3,5,30,3
6272,2021,3,22,1,13,3,2,10,1001,99,1,43,7,7,9,30,3
6273,2021,3,22,1,11,2,1,9,909,99,1,55,10,10,12,30,3
6274,2021,3,22,1,11,2,1,9,909,99,1,54,9,9,11,30,3
6275,2021,3,22,1,11,2,1,12,1225,99,2,29,4,4,6,30,3
6276,2021,3,23,2,9,2,1,1,101,4,1,21,3,3,5,30,3
6277,2021,3,23,2,19,4,3,21,2101,99,2,19,2,2,4,30,3
6278,2021,3,23,2,23,4,3,13,1301,99,1,31,5,5,7,30,3
6279,2021,3,24,3,19,4,3,1,101,1,2,22,3,3,5,30,3
6280,2021,3,24,3,14,3,2,1,101,18,1,19,2,2,4,30,3
6281,2021,3,24,3,21,4,3,9,917,99,1,23,3,3,5,30,3
6282,2021,3,24,3,17,3,2,16,1601,99,1,999,12,16,18,80,3
6283,2021,3,25,4,19,4,3,1,101,6,2,22,3,3,5,30,3
6284,2021,3,25,4,11,2,1,16,1601,99,2,24,3,3,5,30,3
6285,2021,3,26,5,19,4,3,5,501,99,1,12,1,1,3,30,3
6286,2021,3,26,5,11,2,1,18,1801,99,2,999,12,16,18,30,3
6287,2021,3,27,6,13,3,2,17,1701,99,2,31,5,5,7,30,3
6288,2021,3,28,7,17,3,2,1,115,99,2,19,2,2,4,30,3
6289,2021,3,28,7,11,2,1,20,2004,99,2,39,6,6,8,30,3
6290,2021,3,28,7,0,1,1,3,301,99,1,30,5,5,7,30,3
6291,2021,3,29,1,21,4,3,16,1604,99,1,999,12,16,18,30,3
6292,2021,3,30,2,21,4,3,14,1412,99,1,21,3,3,5,30,3
6293,2021,3,30,2,21,4,3,16,1613,99,1,32,5,5,7,30,3
6294,2021,3,31,3,20,4,3,1,101,13,1,23,3,3,5,30,3
6295,2021,3,31,3,15,3,2,5,501,99,1,20,3,3,5,30,3
6296,2021,3,1,1,5,1,1,1,115,99,1,32,5,5,7,71,5
6297,2021,3,1,1,9,2,1,1,117,99,2,17,2,2,4,71,5
6298,2021,3,1,1,8,2,1,1,108,99,1,22,3,3,5,71,5
6299,2021,3,1,1,20,4,3,1,108,99,1,57,10,10,12,71,5
6300,2021,3,1,1,19,4,3,17,1703,99,1,14,1,1,3,71,5
6301,2021,3,1,1,3,1,1,17,1706,99,2,15,2,2,4,71,5
6302,2021,3,1,1,14,3,2,17,1711,99,1,81,11,15,17,71,5
6303,2021,3,1,1,8,2,1,14,1414,99,2,9,1,1,2,71,5
6304,2021,3,1,1,16,3,2,4,416,99,2,26,4,4,6,71,5
6305,2021,3,2,2,10,2,1,1,107,99,2,13,1,1,3,71,5
6306,2021,3,2,2,9,2,1,13,1313,99,1,7,1,1,2,71,5
6307,2021,3,2,2,14,3,2,17,1703,99,2,26,4,4,6,71,5
6308,2021,3,2,2,14,3,2,17,1703,99,2,3,1,1,1,71,5
6309,2021,3,2,2,14,3,2,17,1703,99,2,2,1,1,1,71,5
6310,2021,3,2,2,9,2,1,17,1710,99,2,18,2,2,4,71,5
6311,2021,3,2,2,9,2,1,17,1710,99,2,2,1,1,1,71,5
6312,2021,3,3,3,3,1,1,1,101,7,2,14,1,1,3,71,5
6313,2021,3,3,3,17,3,2,19,1904,99,2,25,4,4,6,71,5
6314,2021,3,3,3,3,1,1,17,1710,99,2,15,2,2,4,71,5
6315,2021,3,4,4,18,4,3,1,101,21,2,14,1,1,3,71,5
6316,2021,3,4,4,0,1,1,1,110,99,2,15,2,2,4,71,5
6317,2021,3,4,4,0,1,1,1,110,99,1,0,1,1,1,71,5
6318,2021,3,4,4,11,2,1,19,1905,99,1,46,8,8,10,71,5
6319,2021,3,4,4,11,2,1,5,514,99,2,14,1,1,3,71,5
6320,2021,3,4,4,14,3,2,18,1801,99,1,10,1,1,3,71,5
6321,2021,3,4,4,11,2,1,17,1706,99,1,46,8,8,10,71,5
6322,2021,3,4,4,8,2,1,17,1710,99,1,13,1,1,3,71,5
6323,2021,3,4,4,17,3,2,4,404,99,1,15,2,2,4,71,5
6324,2021,3,4,4,8,2,1,4,401,99,2,22,3,3,5,71,5
6325,2021,3,5,5,22,4,3,1,107,99,2,14,1,1,3,71,5
6326,2021,3,5,5,17,3,2,1,115,99,2,17,2,2,4,71,5
6327,2021,3,5,5,7,2,1,1,108,99,1,66,11,12,14,71,5
6328,2021,3,5,5,15,3,2,1,101,19,2,17,2,2,4,71,5
6329,2021,3,5,5,15,3,2,1,101,19,2,15,2,2,4,71,5
6330,2021,3,5,5,22,4,3,1,110,99,1,88,11,15,17,71,5
6331,2021,3,6,6,6,2,1,1,115,99,2,31,5,5,7,71,5
6332,2021,3,6,6,1,1,1,5,502,99,1,16,2,2,4,71,5
6333,2021,3,7,7,6,2,1,1,102,99,1,57,10,10,12,71,5
6334,2021,3,7,7,19,4,3,1,115,99,2,66,11,12,14,71,5
6335,2021,3,7,7,18,4,3,21,2101,99,2,19,2,2,4,71,5
6336,2021,3,7,7,14,3,2,19,1904,99,1,16,2,2,4,71,5
6337,2021,3,7,7,0,1,1,13,1301,99,2,14,1,1,3,71,5
6338,2021,3,7,7,19,4,3,18,1801,99,2,16,2,2,4,71,5
6339,2021,3,7,7,19,4,3,3,312,99,2,17,2,2,4,71,5
6340,2021,3,8,1,17,3,2,1,101,25,2,16,2,2,4,71,5
6341,2021,3,8,1,20,4,3,1,101,5,2,16,2,2,4,71,5
6342,2021,3,8,1,16,3,2,1,101,13,2,34,5,5,7,71,5
6343,2021,3,8,1,22,4,3,1,115,99,2,17,2,2,4,71,5
6344,2021,3,8,1,14,3,2,1,114,99,1,51,9,9,11,71,5
6345,2021,3,8,1,10,2,1,1,116,99,2,14,1,1,3,71,5
6346,2021,3,8,1,5,1,1,1,116,99,2,14,1,1,3,71,5
6347,2021,3,8,1,15,3,2,1,108,99,2,27,4,4,6,71,5
6348,2021,3,8,1,13,3,2,1,115,99,2,53,9,9,11,71,5
6349,2021,3,8,1,12,3,2,21,2101,99,2,28,4,4,6,71,5
6350,2021,3,8,1,12,3,2,21,2101,99,2,8,1,1,2,71,5
6351,2021,3,8,1,4,1,1,5,509,99,1,35,6,6,8,71,5
6352,2021,3,8,1,23,4,3,4,409,99,2,28,4,4,6,71,5
6353,2021,3,9,2,1,1,1,1,115,99,1,23,3,3,5,71,5
6354,2021,3,9,2,1,1,1,1,115,99,2,15,2,2,4,71,5
6355,2021,3,9,2,0,1,1,1,115,99,1,15,2,2,4,71,5
6356,2021,3,9,2,13,3,2,15,1501,99,1,23,3,3,5,71,5
6357,2021,3,9,2,16,3,2,4,401,99,1,27,4,4,6,71,5
6358,2021,3,9,2,18,4,3,17,1706,99,2,15,2,2,4,71,5
6359,2021,3,10,3,6,2,1,1,115,99,1,21,3,3,5,71,5
6360,2021,3,10,3,17,3,2,1,110,99,2,17,2,2,4,71,5
6361,2021,3,10,3,7,2,1,19,1904,99,2,25,4,4,6,71,5
6362,2021,3,10,3,7,2,1,19,1904,99,2,2,1,1,1,71,5
6363,2021,3,10,3,8,2,1,19,1905,99,1,78,11,14,16,71,5
6364,2021,3,10,3,20,4,3,5,502,99,2,13,1,1,3,71,5
6365,2021,3,10,3,8,2,1,8,805,99,2,12,1,1,3,71,5
6366,2021,3,10,3,15,3,2,16,1609,99,2,26,4,4,6,71,5
6367,2021,3,10,3,8,2,1,2,201,99,1,24,3,3,5,71,5
6368,2021,3,10,3,15,3,2,4,401,99,2,18,2,2,4,71,5
6369,2021,3,11,4,7,2,1,1,101,18,2,15,2,2,4,71,5
6370,2021,3,11,4,20,4,3,1,101,24,2,15,2,2,4,71,5
6371,2021,3,11,4,20,4,3,1,115,99,1,14,1,1,3,71,5
6372,2021,3,11,4,16,3,2,1,117,99,1,38,6,6,8,71,5
6373,2021,3,11,4,17,3,2,1,108,99,1,46,8,8,10,71,5
6374,2021,3,11,4,14,3,2,4,414,99,2,15,2,2,4,71,5
6375,2021,3,11,4,6,2,1,4,407,99,1,38,6,6,8,71,5
6376,2021,3,12,5,13,3,2,1,108,99,2,11,1,1,3,71,5
6377,2021,3,12,5,10,2,1,22,2201,99,1,56,10,10,12,71,5
6378,2021,3,12,5,13,3,2,20,2001,99,2,12,1,1,3,71,5
6379,2021,3,12,5,16,3,2,20,2007,99,2,16,2,2,4,71,5
6380,2021,3,12,5,11,2,1,5,504,99,2,15,2,2,4,71,5
6381,2021,3,12,5,5,1,1,4,414,99,2,16,2,2,4,71,5
6382,2021,3,13,6,13,3,2,1,115,99,2,27,4,4,6,71,5
6383,2021,3,13,6,99,5,4,1,117,99,2,20,3,3,5,71,5
6384,2021,3,13,6,11,2,1,1,101,19,2,14,1,1,3,71,5
6385,2021,3,13,6,12,3,2,20,2002,99,2,12,1,1,3,71,5
6386,2021,3,13,6,17,3,2,5,505,99,2,37,6,6,8,71,5
6387,2021,3,13,6,17,3,2,5,505,99,1,11,1,1,3,71,5
6388,2021,3,13,6,17,3,2,16,1601,99,1,24,3,3,5,71,5
6389,2021,3,13,6,20,4,3,17,1706,99,1,17,2,2,4,71,5
6390,2021,3,14,7,10,2,1,1,108,99,2,16,2,2,4,71,5
6391,2021,3,14,7,17,3,2,1,108,99,2,14,1,1,3,71,5
6392,2021,3,14,7,14,3,2,1,101,19,1,21,3,3,5,71,5
6393,2021,3,14,7,12,3,2,1,108,99,1,28,4,4,6,71,5
6394,2021,3,14,7,15,3,2,20,2001,99,2,17,2,2,4,71,5
6395,2021,3,14,7,10,2,1,19,1904,99,2,51,9,9,11,71,5
6396,2021,3,14,7,14,3,2,13,1311,99,2,14,1,1,3,71,5
6397,2021,3,15,1,21,4,3,1,101,7,2,14,1,1,3,71,5
6398,2021,3,15,1,19,4,3,1,108,99,2,15,2,2,4,71,5
6399,2021,3,15,1,21,4,3,20,2009,99,2,15,2,2,4,71,5
6400,2021,3,15,1,21,4,3,20,2009,99,2,15,2,2,4,71,5
6401,2021,3,15,1,13,3,2,5,504,99,1,29,4,4,6,71,5
6402,2021,3,15,1,13,3,2,8,801,99,2,18,2,2,4,71,5
6403,2021,3,16,2,19,4,3,1,115,99,2,61,11,11,13,71,5
6404,2021,3,16,2,17,3,2,1,114,99,2,14,1,1,3,71,5
6405,2021,3,16,2,13,3,2,1,108,99,2,16,2,2,4,71,5
6406,2021,3,16,2,7,2,1,8,801,99,2,15,2,2,4,71,5
6407,2021,3,16,2,10,2,1,3,312,99,2,16,2,2,4,71,5
6408,2021,3,17,3,5,1,1,1,117,99,2,15,2,2,4,71,5
6409,2021,3,17,3,18,4,3,20,2007,99,1,12,1,1,3,71,5
6410,2021,3,17,3,6,2,1,20,2006,99,2,15,2,2,4,71,5
6411,2021,3,17,3,19,4,3,19,1904,99,2,20,3,3,5,71,5
6412,2021,3,17,3,13,3,2,2,207,99,1,33,5,5,7,71,5
6413,2021,3,17,3,18,4,3,18,1804,99,2,14,1,1,3,71,5
6414,2021,3,17,3,7,2,1,17,1705,99,2,30,5,5,7,71,5
6415,2021,3,17,3,7,2,1,17,1705,99,2,10,1,1,3,71,5
6416,2021,3,17,3,7,2,1,17,1705,99,1,8,1,1,2,71,5
6417,2021,3,17,3,7,2,1,17,1705,99,1,2,1,1,1,71,5
6418,2021,3,17,3,12,3,2,17,1702,99,1,28,4,4,6,71,5
6419,2021,3,17,3,15,3,2,7,706,99,2,25,4,4,6,71,5
6420,2021,3,17,3,15,3,2,7,706,99,2,8,1,1,2,71,5
6421,2021,3,18,4,18,4,3,1,101,7,2,11,1,1,3,71,5
6422,2021,3,18,4,17,3,2,1,101,7,2,30,5,5,7,71,5
6423,2021,3,18,4,22,4,3,1,101,21,2,15,2,2,4,71,5
6424,2021,3,18,4,20,4,3,1,117,99,2,14,1,1,3,71,5
6425,2021,3,18,4,11,2,1,1,101,19,1,17,2,2,4,71,5
6426,2021,3,18,4,5,1,1,1,101,19,1,20,3,3,5,71,5
6427,2021,3,18,4,10,2,1,5,511,99,1,15,2,2,4,71,5
6428,2021,3,18,4,8,2,1,8,802,99,2,16,2,2,4,71,5
6429,2021,3,18,4,19,4,3,7,701,99,2,14,1,1,3,71,5
6430,2021,3,19,5,9,2,1,1,101,19,2,10,1,1,3,71,5
6431,2021,3,19,5,11,2,1,2,207,99,2,15,2,2,4,71,5
6432,2021,3,19,5,6,2,1,17,1703,99,2,14,1,1,3,71,5
6433,2021,3,19,5,2,1,1,4,416,99,1,33,5,5,7,71,5
6434,2021,3,20,6,15,3,2,1,114,99,1,60,11,11,13,71,5
6435,2021,3,20,6,13,3,2,1,115,99,2,25,4,4,6,71,5
6436,2021,3,20,6,19,4,3,1,114,99,2,14,1,1,3,71,5
6437,2021,3,20,6,6,2,1,10,1011,99,2,40,7,7,9,71,5
6438,2021,3,21,7,14,3,2,1,114,99,1,26,4,4,6,71,5
6439,2021,3,21,7,20,4,3,1,110,99,2,15,2,2,4,71,5
6440,2021,3,21,7,8,2,1,5,502,99,1,16,2,2,4,71,5
6441,2021,3,21,7,13,3,2,5,510,99,2,12,1,1,3,71,5
6442,2021,3,21,7,23,4,3,2,205,99,2,17,2,2,4,71,5
6443,2021,3,21,7,9,2,1,17,1703,99,1,3,1,1,1,71,5
6444,2021,3,21,7,9,2,1,17,1703,99,1,2,1,1,1,71,5
6445,2021,3,22,1,17,3,2,1,101,7,2,14,1,1,3,71,5
6446,2021,3,22,1,11,2,1,1,115,99,2,17,2,2,4,71,5
6447,2021,3,22,1,9,2,1,1,115,99,2,34,5,5,7,71,5
6448,2021,3,22,1,11,2,1,1,108,99,1,62,11,11,13,71,5
6449,2021,3,22,1,12,3,2,19,1910,99,2,24,3,3,5,71,5
6450,2021,3,22,1,12,3,2,19,1910,99,1,999,12,16,18,71,5
6451,2021,3,22,1,23,4,3,17,1704,99,2,16,2,2,4,71,5
6452,2021,3,22,1,14,3,2,3,306,99,2,19,2,2,4,71,5
6453,2021,3,23,2,9,2,1,1,105,99,1,12,1,1,3,71,5
6454,2021,3,23,2,12,3,2,1,115,99,2,14,1,1,3,71,5
6455,2021,3,23,2,16,3,2,7,713,99,2,15,2,2,4,71,5
6456,2021,3,24,3,16,3,2,1,114,99,2,14,1,1,3,71,5
6457,2021,3,24,3,19,4,3,1,115,99,2,15,2,2,4,71,5
6458,2021,3,24,3,15,3,2,1,115,99,2,16,2,2,4,71,5
6459,2021,3,24,3,10,2,1,1,115,99,1,64,11,11,13,71,5
6460,2021,3,24,3,17,3,2,1,108,99,2,26,4,4,6,71,5
6461,2021,3,24,3,19,4,3,1,108,99,1,13,1,1,3,71,5
6462,2021,3,24,3,1,1,1,17,1706,99,2,15,2,2,4,71,5
6463,2021,3,25,4,10,2,1,1,103,99,2,12,1,1,3,71,5
6464,2021,3,25,4,10,2,1,1,103,99,2,12,1,1,3,71,5
6465,2021,3,25,4,0,1,1,1,101,5,1,999,12,16,18,71,5
6466,2021,3,25,4,17,3,2,5,509,99,1,8,1,1,2,71,5
6467,2021,3,25,4,16,3,2,11,1101,99,2,56,10,10,12,71,5
6468,2021,3,25,4,6,2,1,17,1704,99,2,17,2,2,4,71,5
6469,2021,3,25,4,7,2,1,4,413,99,2,70,11,13,15,71,5
6470,2021,3,26,5,13,3,2,1,115,99,2,39,6,6,8,71,5
6471,2021,3,26,5,7,2,1,1,115,99,2,15,2,2,4,71,5
6472,2021,3,26,5,12,3,2,16,1601,99,2,14,1,1,3,71,5
6473,2021,3,26,5,14,3,2,16,1601,99,1,16,2,2,4,71,5
6474,2021,3,26,5,8,2,1,17,1705,99,1,7,1,1,2,71,5
6475,2021,3,26,5,20,4,3,17,1709,99,1,17,2,2,4,71,5
6476,2021,3,27,6,12,3,2,1,115,99,2,15,2,2,4,71,5
6477,2021,3,27,6,9,2,1,20,2001,99,1,15,2,2,4,71,5
6478,2021,3,27,6,9,2,1,20,2001,99,2,15,2,2,4,71,5
6479,2021,3,27,6,22,4,3,19,1901,99,2,22,3,3,5,71,5
6480,2021,3,27,6,12,3,2,6,602,99,1,78,11,14,16,71,5
6481,2021,3,27,6,4,1,1,10,1006,99,1,30,5,5,7,71,5
6482,2021,3,27,6,16,3,2,4,401,99,2,14,1,1,3,71,5
6483,2021,3,27,6,16,3,2,4,401,99,2,17,2,2,4,71,5
6484,2021,3,28,7,9,2,1,1,108,99,1,20,3,3,5,71,5
6485,2021,3,28,7,6,2,1,20,2007,99,2,14,1,1,3,71,5
6486,2021,3,28,7,6,2,1,5,507,99,2,14,1,1,3,71,5
6487,2021,3,28,7,6,2,1,11,1105,99,1,65,11,12,14,71,5
6488,2021,3,29,1,9,2,1,1,101,21,2,17,2,2,4,71,5
6489,2021,3,29,1,12,3,2,1,117,99,2,62,11,11,13,71,5
6490,2021,3,29,1,5,1,1,1,108,99,2,17,2,2,4,71,5
6491,2021,3,29,1,22,4,3,22,2204,99,2,15,2,2,4,71,5
6492,2021,3,29,1,5,1,1,5,514,99,2,15,2,2,4,71,5
6493,2021,3,29,1,10,2,1,18,1805,99,2,7,1,1,2,71,5
6494,2021,3,29,1,14,3,2,4,401,99,2,28,4,4,6,71,5
6495,2021,3,30,2,8,2,1,1,115,99,2,17,2,2,4,71,5
6496,2021,3,30,2,19,4,3,1,116,99,1,48,8,8,10,71,5
6497,2021,3,30,2,17,3,2,1,115,99,2,17,2,2,4,71,5
6498,2021,3,30,2,6,2,1,1,108,99,2,15,2,2,4,71,5
6499,2021,3,30,2,7,2,1,2,201,99,2,21,3,3,5,71,5
6500,2021,3,31,3,21,4,3,1,106,99,1,15,2,2,4,71,5
6501,2021,3,31,3,16,3,2,8,801,99,2,12,1,1,3,71,5
6502,2021,3,31,3,14,3,2,3,301,99,2,22,3,3,5,71,5
6503,2021,3,1,1,21,4,3,1,101,8,1,21,3,3,5,79,3
6504,2021,3,1,1,21,4,3,1,101,25,1,31,5,5,7,79,3
6505,2021,3,1,1,19,4,3,1,101,18,1,27,4,4,6,24,3
6506,2021,3,1,1,8,2,1,1,101,18,2,39,6,6,8,79,3
6507,2021,3,1,1,5,1,1,1,101,11,1,31,5,5,7,24,3
6508,2021,3,1,1,5,1,1,1,101,12,1,23,3,3,5,24,3
6509,2021,3,1,1,7,2,1,1,115,99,1,38,6,6,8,24,3
6510,2021,3,1,1,7,2,1,1,101,11,1,46,8,8,10,79,3
6511,2021,3,1,1,19,4,3,1,116,99,1,26,4,4,6,24,3
6512,2021,3,1,1,19,4,3,1,114,99,1,29,4,4,6,79,3
6513,2021,3,1,1,16,3,2,1,116,99,1,25,4,4,6,24,3
6514,2021,3,1,1,17,3,2,1,101,19,2,37,6,6,8,24,3
6515,2021,3,1,1,17,3,2,1,101,19,2,37,6,6,8,24,3
6516,2021,3,1,1,23,4,3,5,501,99,2,39,6,6,8,24,3
6517,2021,3,1,1,7,2,1,5,514,99,1,26,4,4,6,79,3
6518,2021,3,1,1,15,3,2,5,501,99,2,53,9,9,11,79,3
6519,2021,3,1,1,14,3,2,5,501,99,1,18,2,2,4,24,3
6520,2021,3,1,1,18,4,3,18,1801,99,2,40,7,7,9,79,3
6521,2021,3,1,1,21,4,3,4,401,99,1,31,5,5,7,79,3
6522,2021,3,1,1,13,3,2,3,312,99,1,21,3,3,5,79,3
6523,2021,3,2,2,11,2,1,1,101,9,1,36,6,6,8,79,3
6524,2021,3,2,2,16,3,2,1,101,6,1,37,6,6,8,79,3
6525,2021,3,2,2,10,2,1,1,101,6,1,36,6,6,8,79,3
6526,2021,3,2,2,7,2,1,5,501,99,1,35,6,6,8,24,3
6527,2021,3,2,2,6,2,1,5,501,99,1,43,7,7,9,24,3
6528,2021,3,2,2,5,1,1,17,1702,99,1,42,7,7,9,79,3
6529,2021,3,2,2,23,4,3,1,114,99,1,32,5,5,7,79,3
6530,2021,3,2,2,20,4,3,1,101,7,1,25,4,4,6,24,3
6531,2021,3,3,3,10,2,1,1,101,10,1,42,7,7,9,79,3
6532,2021,3,3,3,22,4,3,1,101,7,1,28,4,4,6,79,3
6533,2021,3,3,3,19,4,3,1,115,99,1,24,3,3,5,79,3
6534,2021,3,3,3,14,3,2,1,114,99,1,28,4,4,6,24,3
6535,2021,3,3,3,11,2,1,20,2001,99,1,23,3,3,5,24,3
6536,2021,3,3,3,17,3,2,5,509,99,1,33,5,5,7,79,3
6537,2021,3,3,3,9,2,1,5,507,99,1,26,4,4,6,79,3
6538,2021,3,3,3,6,2,1,18,1801,99,1,32,5,5,7,24,3
6539,2021,3,3,3,11,2,1,18,1802,99,1,45,8,8,10,79,3
6540,2021,3,3,3,8,2,1,3,306,99,1,24,3,3,5,79,3
6541,2021,3,4,4,8,2,1,1,101,9,1,25,4,4,6,79,3
6542,2021,3,4,4,11,2,1,1,101,2,1,23,3,3,5,79,3
6543,2021,3,4,4,8,2,1,1,101,8,1,22,3,3,5,79,3
6544,2021,3,4,4,16,3,2,1,101,1,1,33,5,5,7,79,3
6545,2021,3,4,4,17,3,2,1,101,6,1,22,3,3,5,24,3
6546,2021,3,4,4,9,2,1,1,101,14,1,29,4,4,6,79,3
6547,2021,3,4,4,18,4,3,1,101,13,1,27,4,4,6,24,3
6548,2021,3,4,4,13,3,2,1,115,99,1,26,4,4,6,79,3
6549,2021,3,4,4,5,1,1,5,507,99,1,49,8,8,10,24,3
6550,2021,3,4,4,21,4,3,18,1801,99,1,60,11,11,13,79,3
6551,2021,3,4,4,19,4,3,17,1711,99,2,40,7,7,9,79,3
6552,2021,3,5,5,15,3,2,1,101,3,1,999,12,16,18,79,3
6553,2021,3,5,5,7,2,1,1,101,8,2,20,3,3,5,79,3
6554,2021,3,5,5,18,4,3,1,101,6,1,28,4,4,6,79,3
6555,2021,3,5,5,21,4,3,1,101,18,1,45,8,8,10,24,3
6556,2021,3,5,5,7,2,1,1,101,10,1,41,7,7,9,24,3
6557,2021,3,5,5,9,2,1,1,101,16,1,32,5,5,7,79,3
6558,2021,3,5,5,11,2,1,1,101,10,1,41,7,7,9,79,3
6559,2021,3,5,5,5,1,1,1,101,12,1,32,5,5,7,24,3
6560,2021,3,5,5,20,4,3,1,116,99,1,27,4,4,6,24,3
6561,2021,3,5,5,21,4,3,1,117,99,1,22,3,3,5,79,3
6562,2021,3,5,5,8,2,1,22,2201,99,2,41,7,7,9,79,3
6563,2021,3,5,5,12,3,2,9,921,99,1,38,6,6,8,24,3
6564,2021,3,5,5,5,1,1,2,204,99,2,32,5,5,7,79,3
6565,2021,3,5,5,23,4,3,18,1801,99,1,31,5,5,7,79,3
6566,2021,3,5,5,8,2,1,17,1701,99,2,999,12,16,18,79,3
6567,2021,3,5,5,22,4,3,14,1401,99,1,23,3,3,5,79,3
6568,2021,3,5,5,18,4,3,4,409,99,1,21,3,3,5,79,3
6569,2021,3,6,6,20,4,3,1,101,6,1,27,4,4,6,79,3
6570,2021,3,6,6,19,4,3,1,101,10,1,33,5,5,7,79,3
6571,2021,3,6,6,15,3,2,1,101,12,1,20,3,3,5,79,3
6572,2021,3,6,6,16,3,2,1,101,12,1,20,3,3,5,79,3
6573,2021,3,6,6,12,3,2,5,501,99,1,41,7,7,9,24,3
6574,2021,3,6,6,3,1,1,5,501,99,1,35,6,6,8,24,3
6575,2021,3,6,6,19,4,3,5,509,99,1,19,2,2,4,79,3
6576,2021,3,6,6,8,2,1,9,901,99,1,23,3,3,5,79,3
6577,2021,3,6,6,15,3,2,4,413,99,1,23,3,3,5,79,3
6578,2021,3,6,6,6,2,1,3,308,99,1,28,4,4,6,79,3
6579,2021,3,7,7,17,3,2,1,108,99,1,31,5,5,7,79,3
6580,2021,3,7,7,14,3,2,5,501,99,1,46,8,8,10,79,3
6581,2021,3,7,7,7,2,1,11,1101,99,1,21,3,3,5,79,3
6582,2021,3,7,7,20,4,3,6,606,99,1,25,4,4,6,79,3
6583,2021,3,8,1,9,2,1,1,101,9,1,72,11,13,15,79,3
6584,2021,3,8,1,18,4,3,1,101,1,1,24,3,3,5,79,3
6585,2021,3,8,1,19,4,3,1,101,6,1,29,4,4,6,79,3
6586,2021,3,8,1,10,2,1,1,101,10,1,64,11,11,13,79,3
6587,2021,3,8,1,17,3,2,1,101,14,1,19,2,2,4,79,3
6588,2021,3,8,1,10,2,1,1,101,5,1,43,7,7,9,79,3
6589,2021,3,8,1,5,1,1,1,101,7,1,22,3,3,5,24,3
6590,2021,3,8,1,4,1,1,1,101,12,1,29,4,4,6,24,3
6591,2021,3,8,1,22,4,3,1,101,7,1,20,3,3,5,79,3
6592,2021,3,8,1,10,2,1,1,116,99,1,45,8,8,10,79,3
6593,2021,3,8,1,16,3,2,1,108,99,1,30,5,5,7,24,3
6594,2021,3,8,1,11,2,1,20,2001,99,1,32,5,5,7,79,3
6595,2021,3,8,1,23,4,3,5,501,99,1,22,3,3,5,24,3
6596,2021,3,8,1,19,4,3,5,507,99,1,55,10,10,12,24,3
6597,2021,3,8,1,10,2,1,5,501,99,1,43,7,7,9,24,3
6598,2021,3,9,2,20,4,3,1,101,17,1,26,4,4,6,79,3
6599,2021,3,9,2,5,1,1,1,117,99,1,47,8,8,10,24,3
6600,2021,3,9,2,7,2,1,5,507,99,1,48,8,8,10,24,3
6601,2021,3,9,2,21,4,3,5,505,99,1,55,10,10,12,24,3
6602,2021,3,9,2,4,1,1,5,506,99,1,38,6,6,8,24,3
6603,2021,3,9,2,16,3,2,11,1101,99,1,38,6,6,8,79,3
6604,2021,3,9,2,13,3,2,18,1805,99,1,39,6,6,8,79,3
6605,2021,3,9,2,7,2,1,17,1701,99,1,28,4,4,6,79,3
6606,2021,3,10,3,16,3,2,1,101,6,2,54,9,9,11,79,3
6607,2021,3,10,3,10,2,1,1,101,5,2,36,6,6,8,79,3
6608,2021,3,10,3,8,2,1,1,101,10,1,22,3,3,5,79,3
6609,2021,3,10,3,19,4,3,1,101,7,1,19,2,2,4,24,3
6610,2021,3,10,3,14,3,2,1,117,99,1,23,3,3,5,79,3
6611,2021,3,10,3,16,3,2,1,108,99,1,26,4,4,6,24,3
6612,2021,3,10,3,6,2,1,19,1901,99,1,26,4,4,6,79,3
6613,2021,3,10,3,20,4,3,5,501,99,1,59,10,10,12,24,3
6614,2021,3,10,3,18,4,3,5,503,99,2,24,3,3,5,24,3
6615,2021,3,10,3,16,3,2,5,507,99,1,32,5,5,7,24,3
6616,2021,3,11,4,11,2,1,1,101,9,1,29,4,4,6,79,3
6617,2021,3,11,4,15,3,2,1,101,6,1,24,3,3,5,79,3
6618,2021,3,11,4,10,2,1,1,101,10,1,53,9,9,11,79,3
6619,2021,3,11,4,4,1,1,1,117,99,1,23,3,3,5,24,3
6620,2021,3,11,4,18,4,3,1,115,99,1,23,3,3,5,79,3
6621,2021,3,11,4,3,1,1,18,1805,99,2,43,7,7,9,79,3
6622,2021,3,11,4,23,4,3,1,101,18,1,26,4,4,6,79,3
6623,2021,3,11,4,14,3,2,1,116,99,1,40,7,7,9,79,3
6624,2021,3,12,5,17,3,2,1,101,6,1,36,6,6,8,79,3
6625,2021,3,12,5,16,3,2,1,106,99,1,19,2,2,4,24,3
6626,2021,3,12,5,20,4,3,1,101,18,1,25,4,4,6,24,3
6627,2021,3,12,5,4,1,1,1,101,13,1,20,3,3,5,79,3
6628,2021,3,12,5,20,4,3,1,115,99,1,25,4,4,6,79,3
6629,2021,3,12,5,5,1,1,5,501,99,2,37,6,6,8,24,3
6630,2021,3,12,5,13,3,2,5,507,99,1,45,8,8,10,24,3
6631,2021,3,12,5,11,2,1,5,502,99,1,22,3,3,5,24,3
6632,2021,3,12,5,20,4,3,4,403,99,1,28,4,4,6,79,3
6633,2021,3,12,5,15,3,2,4,415,99,1,19,2,2,4,24,3
6634,2021,3,13,6,19,4,3,1,101,1,1,35,6,6,8,24,3
6635,2021,3,13,6,14,3,2,1,101,18,2,32,5,5,7,79,3
6636,2021,3,13,6,18,4,3,1,101,18,1,33,5,5,7,79,3
6637,2021,3,13,6,16,3,2,1,108,99,2,25,4,4,6,79,3
6638,2021,3,13,6,13,3,2,1,105,99,1,38,6,6,8,79,3
6639,2021,3,13,6,21,4,3,1,101,18,1,28,4,4,6,24,3
6640,2021,3,13,6,19,4,3,6,603,99,1,31,5,5,7,79,3
6641,2021,3,13,3,13,3,2,1,103,99,1,45,8,8,10,79,3
6642,2021,3,14,7,9,2,1,1,101,1,1,23,3,3,5,79,3
6643,2021,3,14,7,12,3,2,20,2001,99,1,32,5,5,7,79,3
6644,2021,3,14,7,3,1,1,1,101,10,1,29,4,4,6,24,3
6645,2021,3,14,7,18,4,3,5,507,99,2,26,4,4,6,24,3
6646,2021,3,14,7,15,3,2,5,509,99,1,26,4,4,6,79,3
6647,2021,3,14,7,19,4,3,5,509,99,1,26,4,4,6,79,3
6648,2021,3,14,7,20,4,3,5,505,99,1,20,3,3,5,79,3
6649,2021,3,14,7,1,1,1,17,1713,99,2,22,3,3,5,79,3
6650,2021,3,14,7,10,2,1,4,406,99,1,29,4,4,6,79,3
6651,2021,3,14,7,19,4,3,5,509,99,1,20,3,3,5,24,3
6652,2021,3,14,7,9,2,1,20,2006,99,1,41,7,7,9,24,3
6653,2021,3,14,7,23,4,3,1,101,7,2,31,5,5,7,79,3
6654,2021,3,14,7,18,4,3,4,401,99,1,40,7,7,9,79,3
6655,2021,3,14,7,12,3,2,4,402,99,1,23,3,3,5,79,3
6656,2021,3,14,7,0,1,1,1,101,1,2,999,12,16,18,79,3
6657,2021,3,15,1,11,2,1,1,103,99,1,25,4,4,6,79,3
6658,2021,3,15,1,17,3,2,1,101,10,1,30,5,5,7,79,3
6659,2021,3,15,1,13,3,2,1,114,99,2,26,4,4,6,79,3
6660,2021,3,15,1,21,4,3,1,117,99,1,24,3,3,5,79,3
6661,2021,3,15,1,19,4,3,1,110,99,1,19,2,2,4,79,3
6662,2021,3,15,1,5,1,1,5,501,99,1,23,3,3,5,24,3
6663,2021,3,15,1,16,3,2,9,901,99,1,35,6,6,8,79,3
6664,2021,3,15,1,10,2,1,13,1301,99,1,999,12,16,18,24,3
6665,2021,3,15,1,11,2,1,4,416,99,2,42,7,7,9,79,3
6666,2021,3,16,2,11,2,1,1,101,18,1,21,3,3,5,24,3
6667,2021,3,16,2,18,4,3,1,101,6,1,46,8,8,10,79,3
6668,2021,3,16,2,19,4,3,1,101,14,1,19,2,2,4,79,3
6669,2021,3,16,2,4,1,1,1,101,12,1,24,3,3,5,24,3
6670,2021,3,16,2,18,4,3,5,507,99,1,29,4,4,6,24,3
6671,2021,3,16,2,9,2,1,1,101,13,1,32,5,5,7,24,3
6672,2021,3,16,2,17,3,2,1,101,19,1,60,11,11,13,79,3
6673,2021,3,16,2,11,2,1,1,117,99,1,23,3,3,5,79,3
6674,2021,3,17,3,10,2,1,1,101,9,1,67,11,12,14,24,3
6675,2021,3,17,3,9,2,1,1,101,18,1,26,4,4,6,79,3
6676,2021,3,17,3,13,3,2,1,101,17,1,26,4,4,6,24,3
6677,2021,3,17,3,17,3,2,1,101,11,1,37,6,6,8,79,3
6678,2021,3,17,3,11,2,1,22,2202,99,1,28,4,4,6,79,3
6679,2021,3,17,3,11,2,1,18,1804,99,1,23,3,3,5,79,3
6680,2021,3,17,3,19,4,3,1,117,99,2,40,7,7,9,79,3
6681,2021,3,17,3,9,2,1,17,1705,99,1,22,3,3,5,24,3
6682,2021,3,17,3,22,4,3,3,314,99,1,38,6,6,8,79,3
6683,2021,3,17,3,10,2,1,2,201,99,1,65,11,12,14,79,3
6684,2021,3,17,3,20,4,3,1,116,99,2,38,6,6,8,24,3
6685,2021,3,18,4,5,1,1,1,101,12,2,37,6,6,8,24,3
6686,2021,3,18,4,19,4,3,1,101,1,1,999,12,16,18,79,3
6687,2021,3,18,4,14,3,2,1,101,5,1,32,5,5,7,24,3
6688,2021,3,18,4,10,2,1,1,101,12,1,24,3,3,5,24,3
6689,2021,3,18,4,21,4,3,10,1001,99,1,22,3,3,5,24,3
6690,2021,3,18,4,21,4,3,1,115,99,1,35,6,6,8,79,3
6691,2021,3,18,4,21,4,3,18,1801,99,2,40,7,7,9,79,3
6692,2021,3,18,4,15,3,2,18,1801,99,2,37,6,6,8,79,3
6693,2021,3,18,4,18,4,3,1,101,19,2,19,2,2,4,24,3
6694,2021,3,18,4,19,4,3,1,101,19,1,29,4,4,6,79,3
6695,2021,3,18,4,19,4,3,1,108,99,1,27,4,4,6,24,3
6696,2021,3,18,4,7,2,1,5,501,99,1,44,7,7,9,79,3
6697,2021,3,19,5,9,2,1,1,101,16,1,31,5,5,7,24,3
6698,2021,3,19,5,12,3,2,1,101,19,1,26,4,4,6,79,3
6699,2021,3,19,5,18,4,3,20,2001,99,1,46,8,8,10,79,3
6700,2021,3,19,5,13,3,2,5,501,99,1,21,3,3,5,24,3
6701,2021,3,19,5,14,3,2,3,308,99,2,28,4,4,6,79,3
6702,2021,3,19,5,17,3,2,3,301,99,1,19,2,2,4,79,3
6703,2021,3,19,5,23,4,3,1,101,18,1,27,4,4,6,79,3
6704,2021,3,19,5,99,5,4,10,1006,99,1,20,3,3,5,79,3
6705,2021,3,19,5,20,4,3,1,101,12,1,27,4,4,6,24,3
6706,2021,3,20,6,14,3,2,1,101,13,1,24,3,3,5,24,3
6707,2021,3,20,6,4,1,1,1,115,99,1,23,3,3,5,24,3
6708,2021,3,20,6,11,2,1,1,108,99,1,32,5,5,7,79,3
6709,2021,3,20,6,5,1,1,5,506,99,1,36,6,6,8,24,3
6710,2021,3,20,6,21,4,3,5,501,99,1,35,6,6,8,79,3
6711,2021,3,20,6,10,2,1,11,1101,99,2,42,7,7,9,79,3
6712,2021,3,20,6,20,4,3,1,101,7,1,27,4,4,6,79,3
6713,2021,3,20,6,23,4,3,18,1801,99,1,37,6,6,8,79,3
6714,2021,3,20,6,18,4,3,17,1701,99,1,44,7,7,9,79,3
6715,2021,3,20,6,14,3,2,4,401,99,1,23,3,3,5,79,3
6716,2021,3,20,6,19,4,3,3,302,99,1,43,7,7,9,79,3
6717,2021,3,20,6,19,4,3,1,101,7,1,33,5,5,7,79,3
6718,2021,3,20,6,6,2,1,1,106,99,1,22,3,3,5,79,3
6719,2021,3,20,6,7,2,1,1,101,18,1,26,4,4,6,79,3
6720,2021,3,21,7,17,3,2,1,101,21,1,28,4,4,6,24,3
6721,2021,3,21,7,21,4,3,1,101,7,2,45,8,8,10,79,3
6722,2021,3,21,7,17,3,2,5,501,99,2,23,3,3,5,79,3
6723,2021,3,21,7,18,4,3,5,501,99,2,31,5,5,7,24,3
6724,2021,3,21,7,0,1,1,11,1101,99,1,25,4,4,6,24,3
6725,2021,3,21,7,0,1,1,11,1101,99,1,47,8,8,10,24,3
6726,2021,3,21,7,7,2,1,17,1701,99,1,41,7,7,9,79,3
6727,2021,3,21,7,22,4,3,1,101,25,1,31,5,5,7,79,3
6728,2021,3,21,7,0,1,1,11,1101,99,1,25,4,4,6,24,3
6729,2021,3,21,7,19,4,3,19,1909,99,2,24,3,3,5,24,3
6730,2021,3,21,7,13,3,2,5,503,99,2,26,4,4,6,24,3
6731,2021,3,21,7,20,4,3,5,502,99,1,25,4,4,6,24,3
6732,2021,3,21,7,8,2,1,1,105,99,2,38,6,6,8,79,3
6733,2021,3,21,7,17,3,2,5,501,99,2,30,5,5,7,79,3
6734,2021,3,22,1,12,3,2,1,101,14,1,24,3,3,5,79,3
6735,2021,3,22,1,11,2,1,1,101,11,1,20,3,3,5,79,3
6736,2021,3,22,1,5,1,1,1,101,11,1,23,3,3,5,24,3
6737,2021,3,22,1,14,3,2,9,901,99,1,36,6,6,8,79,3
6738,2021,3,22,1,16,3,2,18,1804,99,1,20,3,3,5,79,3
6739,2021,3,22,1,6,2,1,1,101,12,1,27,4,4,6,24,3
6740,2021,3,22,1,23,4,3,18,1801,99,2,32,5,5,7,79,3
6741,2021,3,22,1,23,4,3,18,1801,99,1,25,4,4,6,79,3
6742,2021,3,22,1,18,4,3,3,312,99,1,19,2,2,4,79,3
6743,2021,3,22,1,18,4,3,9,901,99,1,31,5,5,7,79,3
6744,2021,3,22,1,15,3,2,1,101,11,1,47,8,8,10,24,3
6745,2021,3,23,2,15,3,2,1,101,1,1,22,3,3,5,79,3
6746,2021,3,23,2,5,1,1,5,501,99,1,20,3,3,5,24,3
6747,2021,3,23,2,14,3,2,5,511,99,1,21,3,3,5,24,3
6748,2021,3,23,2,5,1,1,10,1004,99,1,61,11,11,13,24,3
6749,2021,3,23,2,18,4,3,11,1101,99,1,38,6,6,8,79,3
6750,2021,3,23,2,21,4,3,1,101,16,1,22,3,3,5,79,3
6751,2021,3,23,2,20,4,3,1,101,16,1,25,4,4,6,79,3
6752,2021,3,23,6,21,4,3,1,101,25,1,28,4,4,6,79,3
6753,2021,3,23,6,12,3,2,1,101,17,1,23,3,3,5,24,3
6754,2021,3,23,2,5,1,1,5,501,99,1,20,3,3,5,24,3
6755,2021,3,24,3,7,2,1,1,101,8,1,25,4,4,6,79,3
6756,2021,3,24,3,18,4,3,1,101,6,1,23,3,3,5,79,3
6757,2021,3,24,3,14,3,2,1,108,99,1,22,3,3,5,24,3
6758,2021,3,24,3,20,4,3,5,501,99,2,19,2,2,4,24,3
6759,2021,3,24,3,10,2,1,1,108,99,1,20,3,3,5,79,3
6760,2021,3,24,3,9,2,1,1,101,21,1,26,4,4,6,79,3
6761,2021,3,24,3,10,2,1,5,509,99,1,30,5,5,7,79,3
6762,2021,3,25,4,10,2,1,1,101,10,1,44,7,7,9,79,3
6763,2021,3,25,4,5,1,1,1,101,12,1,22,3,3,5,24,3
6764,2021,3,25,4,4,1,1,1,101,12,2,30,5,5,7,24,3
6765,2021,3,25,4,13,3,2,5,507,99,1,22,3,3,5,24,3
6766,2021,3,25,4,4,1,1,5,507,99,1,57,10,10,12,24,3
6767,2021,3,25,4,20,4,3,5,509,99,1,23,3,3,5,24,3
6768,2021,3,25,4,12,3,2,13,1301,99,1,22,3,3,5,79,3
6769,2021,3,25,4,19,4,3,4,413,99,2,26,4,4,6,79,3
6770,2021,3,25,4,23,4,3,1,115,99,1,24,3,3,5,79,3
6771,2021,3,25,4,19,4,3,18,1803,99,1,24,3,3,5,79,3
6772,2021,3,25,4,6,2,1,1,101,12,1,23,3,3,5,24,3
6773,2021,3,25,4,13,3,2,1,101,6,1,37,6,6,8,79,3
6774,2021,3,25,4,11,2,1,1,114,99,1,34,5,5,7,79,3
6775,2021,3,26,5,20,4,3,1,101,1,1,46,8,8,10,79,3
6776,2021,3,26,5,18,4,3,1,101,1,1,26,4,4,6,79,3
6777,2021,3,26,5,10,2,1,1,101,6,1,49,8,8,10,79,3
6778,2021,3,26,5,22,4,3,1,108,99,1,26,4,4,6,24,3
6779,2021,3,26,5,18,4,3,5,501,99,1,37,6,6,8,79,3
6780,2021,3,26,5,20,4,3,18,1803,99,1,25,4,4,6,24,3
6781,2021,3,26,5,20,4,3,1,101,6,1,22,3,3,5,79,3
6782,2021,3,26,5,23,4,3,5,509,99,1,45,8,8,10,79,3
6783,2021,3,26,5,21,4,3,5,509,99,1,23,3,3,5,79,3
6784,2021,3,26,5,7,2,1,1,101,13,1,39,6,6,8,79,3
6785,2021,3,26,5,20,4,3,5,502,99,1,41,7,7,9,79,3
6786,2021,3,27,6,5,1,1,1,117,99,1,43,7,7,9,24,3
6787,2021,3,27,6,17,3,2,1,115,99,1,28,4,4,6,79,3
6788,2021,3,27,6,22,4,3,5,509,99,2,20,3,3,5,24,3
6789,2021,3,27,6,21,4,3,5,501,99,1,31,5,5,7,79,3
6790,2021,3,27,6,11,2,1,18,1804,99,1,22,3,3,5,79,3
6791,2021,3,27,6,23,4,3,1,101,2,1,49,8,8,10,79,3
6792,2021,3,27,6,99,5,4,1,101,6,2,25,4,4,6,79,3
6793,2021,3,27,6,7,2,1,1,101,19,1,31,5,5,7,79,3
6794,2021,3,27,6,23,4,3,1,101,19,1,39,6,6,8,79,3
6795,2021,3,27,6,18,4,3,5,505,99,1,28,4,4,6,24,3
6796,2021,3,27,6,20,4,3,18,1801,99,1,24,3,3,5,79,3
6797,2021,3,27,3,20,4,3,11,1101,99,1,66,11,12,14,24,3
6798,2021,3,28,1,20,4,3,17,1701,99,1,32,5,5,7,24,3
6799,2021,3,28,3,19,4,3,17,1704,99,1,32,5,5,7,24,3
6800,2021,3,28,7,2,1,1,5,501,99,1,22,3,3,5,24,3
6801,2021,3,29,1,11,2,1,1,101,6,1,37,6,6,8,24,3
6802,2021,3,29,1,17,3,2,1,101,18,1,22,3,3,5,24,3
6803,2021,3,29,1,8,2,1,1,101,15,1,26,4,4,6,79,3
6804,2021,3,29,1,6,2,1,1,101,10,1,25,4,4,6,79,3
6805,2021,3,29,1,14,3,2,1,101,14,1,41,7,7,9,79,3
6806,2021,3,29,1,21,4,3,1,117,99,1,29,4,4,6,79,3
6807,2021,3,29,1,20,4,3,1,115,99,1,27,4,4,6,79,3
6808,2021,3,29,1,21,4,3,5,502,99,1,21,3,3,5,79,3
6809,2021,3,29,1,15,3,2,17,1705,99,1,52,9,9,11,79,3
6810,2021,3,29,1,9,2,1,3,302,99,2,32,5,5,7,79,3
6811,2021,3,29,1,21,4,3,1,101,18,1,23,3,3,5,79,3
6812,2021,3,29,1,1,1,1,1,101,6,1,22,3,3,5,79,3
6813,2021,3,29,3,15,3,2,17,1706,99,1,35,6,6,8,24,3
6814,2021,3,29,1,6,2,1,1,101,9,1,32,5,5,7,79,3
6815,2021,3,30,2,22,4,3,1,117,99,1,21,3,3,5,79,3
6816,2021,3,30,2,6,2,1,22,2202,99,1,48,8,8,10,79,3
6817,2021,3,30,2,8,2,1,10,1010,99,1,18,2,2,4,79,3
6818,2021,3,30,2,8,2,1,17,1701,99,1,51,9,9,11,79,3
6819,2021,3,30,2,18,4,3,1,101,17,1,26,4,4,6,79,3
6820,2021,3,30,2,11,2,1,1,101,4,1,23,3,3,5,79,3
6821,2021,3,30,2,20,4,3,1,114,99,2,54,9,9,11,79,3
6822,2021,3,31,3,16,3,2,3,301,99,1,27,4,4,6,79,3
6823,2021,3,31,3,2,1,1,1,101,18,1,21,3,3,5,79,3
6824,2021,3,31,3,9,2,1,1,101,13,1,21,3,3,5,79,3
6825,2021,3,31,3,19,4,3,1,116,99,1,22,3,3,5,24,3
6826,2021,3,31,3,14,3,2,1,101,19,1,30,5,5,7,79,3
6827,2021,3,31,3,20,4,3,20,2001,99,2,33,5,5,7,79,3
6828,2021,3,1,1,2,1,1,13,1307,99,2,14,1,1,3,68,7
6829,2021,3,3,3,13,3,2,15,1507,99,2,8,1,1,2,68,7
6830,2021,3,3,3,13,3,2,15,1507,99,1,6,1,1,2,68,7
6831,2021,3,6,6,14,3,2,6,614,99,2,27,4,4,6,68,7
6832,2021,3,6,6,21,4,3,9,901,99,2,20,3,3,5,68,7
6833,2021,3,7,7,21,4,3,4,406,99,2,999,12,16,18,68,7
6834,2021,3,9,2,20,4,3,13,1301,99,2,14,1,1,3,68,7
6835,2021,3,10,3,22,4,3,16,1601,99,2,3,1,1,1,68,7
6836,2021,3,12,5,15,3,2,1,108,99,2,22,3,3,5,68,7
6837,2021,3,12,5,17,3,2,1,108,99,2,16,2,2,4,68,7
6838,2021,3,12,5,15,3,2,1,108,99,2,29,4,4,6,68,7
6839,2021,3,13,6,21,4,3,1,115,99,2,20,3,3,5,68,7
6840,2021,3,13,6,99,5,4,1,115,99,2,23,3,3,5,68,7
6841,2021,3,14,7,11,2,1,11,1101,99,2,19,2,2,4,68,7
6842,2021,3,14,7,1,1,1,3,301,99,2,18,2,2,4,68,7
6843,2021,3,14,7,1,1,1,3,301,99,2,29,4,4,6,68,7
6844,2021,3,16,2,9,2,1,1,115,99,2,44,7,7,9,68,7
6845,2021,3,16,2,20,4,3,18,1801,99,2,999,12,16,18,68,7
6846,2021,3,16,2,11,2,1,17,1711,99,2,21,3,3,5,68,7
6847,2021,3,16,2,12,3,2,14,1420,99,2,9,1,1,2,68,7
6848,2021,3,16,2,11,2,1,3,301,99,1,5,1,1,2,68,7
6849,2021,3,17,3,13,3,2,5,508,99,2,12,1,1,3,68,7
6850,2021,3,18,4,7,2,1,1,115,99,2,15,2,2,4,68,7
6851,2021,3,18,4,17,3,2,4,401,99,2,5,1,1,2,68,7
6852,2021,3,20,6,17,3,2,21,2106,99,2,14,1,1,3,68,7
6853,2021,3,20,6,22,4,3,9,921,99,2,40,7,7,9,68,7
6854,2021,3,21,7,15,3,2,21,2101,99,2,22,3,3,5,68,7
6855,2021,3,22,1,19,4,3,1,115,99,2,13,1,1,3,68,7
6856,2021,3,22,1,13,3,2,16,1603,99,2,15,2,2,4,68,7
6857,2021,3,23,2,20,4,3,10,1001,99,2,8,1,1,2,68,7
6858,2021,3,23,2,20,4,3,10,1001,99,2,7,1,1,2,68,7
6859,2021,3,23,2,17,3,2,16,1601,99,2,16,2,2,4,68,7
6860,2021,3,25,4,13,3,2,20,2001,99,2,10,1,1,3,68,7
6861,2021,3,25,4,19,4,3,7,701,99,2,20,3,3,5,68,7
6862,2021,3,26,5,21,4,3,18,1804,99,2,13,1,1,3,68,7
6863,2021,3,27,6,9,2,1,1,115,99,2,33,5,5,7,68,7
6864,2021,3,27,6,12,3,2,13,1301,99,2,9,1,1,2,68,7
6865,2021,3,31,3,17,3,2,4,403,99,2,15,2,2,4,68,7
6866,2021,3,1,1,2,1,1,1,101,1,1,50,9,9,11,83,3
6867,2021,3,1,1,21,4,3,1,101,6,1,43,7,7,9,83,3
6868,2021,3,1,1,19,4,3,1,101,11,1,49,8,8,10,83,3
6869,2021,3,1,1,19,4,3,1,116,99,2,35,6,6,8,83,3
6870,2021,3,1,1,2,1,1,1,117,99,1,27,4,4,6,83,3
6871,2021,3,1,1,23,4,3,1,108,99,1,27,4,4,6,83,3
6872,2021,3,1,1,15,3,2,5,501,99,1,25,4,4,6,83,3
6873,2021,3,1,1,7,2,1,12,1219,99,1,32,5,5,7,83,3
6874,2021,3,2,2,14,3,2,1,101,15,1,61,11,11,13,22,3
6875,2021,3,2,2,3,1,1,1,101,12,1,22,3,3,5,83,3
6876,2021,3,2,2,21,4,3,1,101,12,1,59,10,10,12,83,3
6877,2021,3,2,2,16,3,2,1,115,99,1,23,3,3,5,22,3
6878,2021,3,2,2,18,4,3,1,108,99,2,33,5,5,7,83,3
6879,2021,3,3,3,18,4,3,1,101,11,1,32,5,5,7,83,3
6880,2021,3,3,3,4,1,1,1,108,99,1,27,4,4,6,22,3
6881,2021,3,3,3,8,2,1,3,314,99,1,38,6,6,8,83,3
6882,2021,3,4,4,16,3,2,1,101,3,1,34,5,5,7,22,3
6883,2021,3,4,4,5,1,1,1,115,99,1,26,4,4,6,22,3
6884,2021,3,4,4,10,2,1,1,101,11,1,28,4,4,6,83,3
6885,2021,3,4,4,13,3,2,1,114,99,1,48,8,8,10,83,3
6886,2021,3,4,4,12,3,2,1,101,2,2,37,6,6,8,83,3
6887,2021,3,5,5,22,4,3,1,108,99,1,27,4,4,6,22,3
6888,2021,3,5,5,15,3,2,1,108,99,1,22,3,3,5,83,3
6889,2021,3,6,6,17,3,2,1,115,99,2,58,10,10,12,83,3
6890,2021,3,7,7,12,3,2,3,301,99,1,39,6,6,8,83,3
6891,2021,3,8,1,18,4,3,1,101,8,1,24,3,3,5,22,3
6892,2021,3,8,1,22,4,3,1,114,99,1,29,4,4,6,83,3
6893,2021,3,8,1,10,2,1,1,108,99,2,27,4,4,6,83,3
6894,2021,3,8,1,11,2,1,5,501,99,1,35,6,6,8,83,3
6895,2021,3,9,2,8,2,1,12,1203,99,1,34,5,5,7,83,3
6896,2021,3,9,2,18,4,3,1,117,99,1,34,5,5,7,83,3
6897,2021,3,9,2,15,3,2,1,105,99,2,27,4,4,6,83,3
6898,2021,3,10,3,14,3,2,1,101,1,1,40,7,7,9,83,3
6899,2021,3,10,3,18,4,3,1,101,12,1,48,8,8,10,83,3
6900,2021,3,10,3,9,2,1,1,101,12,1,44,7,7,9,83,3
6901,2021,3,10,3,13,3,2,1,117,99,1,36,6,6,8,83,3
6902,2021,3,10,3,9,2,1,1,108,99,1,25,4,4,6,83,3
6903,2021,3,10,3,8,2,1,9,921,99,1,54,9,9,11,83,3
6904,2021,3,11,4,6,2,1,1,101,8,1,35,6,6,8,83,3
6905,2021,3,11,4,19,4,3,1,105,99,1,45,8,8,10,83,3
6906,2021,3,11,4,4,1,1,1,101,7,1,38,6,6,8,22,3
6907,2021,3,11,4,21,4,3,1,117,99,1,57,10,10,12,83,3
6908,2021,3,12,5,6,2,1,1,101,15,2,39,6,6,8,83,3
6909,2021,3,12,5,12,3,2,1,101,13,1,41,7,7,9,22,3
6910,2021,3,12,5,9,2,1,1,108,99,1,56,10,10,12,83,3
6911,2021,3,12,5,8,2,1,4,414,99,1,26,4,4,6,83,3
6912,2021,3,13,6,4,1,1,1,101,9,1,53,9,9,11,83,3
6913,2021,3,13,6,9,2,1,1,101,3,1,30,5,5,7,83,3
6914,2021,3,13,6,18,4,3,1,117,99,1,25,4,4,6,83,3
6915,2021,3,13,6,11,2,1,1,114,99,1,30,5,5,7,83,3
6916,2021,3,15,1,7,2,1,1,101,9,2,40,7,7,9,83,3
6917,2021,3,15,1,21,4,3,1,108,99,1,25,4,4,6,22,3
6918,2021,3,15,1,23,4,3,19,1906,99,1,51,9,9,11,22,3
6919,2021,3,16,2,11,2,1,1,101,12,1,41,7,7,9,22,3
6920,2021,3,16,2,22,4,3,1,108,99,1,26,4,4,6,22,3
6921,2021,3,16,2,10,2,1,5,501,99,1,45,8,8,10,22,3
6922,2021,3,16,2,11,2,1,3,301,99,1,30,5,5,7,22,3
6923,2021,3,16,2,23,4,3,1,101,19,1,46,8,8,10,83,3
6924,2021,3,16,2,14,3,2,1,115,99,1,60,11,11,13,83,3
6925,2021,3,16,2,7,2,1,1,108,99,1,26,4,4,6,83,3
6926,2021,3,17,3,4,1,1,1,101,7,1,30,5,5,7,22,3
6927,2021,3,17,3,6,2,1,1,101,11,1,28,4,4,6,83,3
6928,2021,3,17,2,21,4,3,1,108,99,1,29,4,4,6,22,3
6929,2021,3,18,4,10,2,1,1,101,12,2,21,3,3,5,83,3
6930,2021,3,18,4,9,2,1,2,204,99,1,56,10,10,12,22,3
6931,2021,3,18,4,18,4,3,1,108,99,1,37,6,6,8,83,3
6932,2021,3,18,7,13,3,2,4,406,99,1,999,12,16,18,22,3
6933,2021,3,19,5,3,1,1,1,101,8,1,24,3,3,5,83,3
6934,2021,3,19,5,21,4,3,1,108,99,2,20,3,3,5,83,3
6935,2021,3,19,5,6,2,1,5,502,99,1,45,8,8,10,83,3
6936,2021,3,19,5,9,2,1,6,608,99,1,24,3,3,5,83,3
6937,2021,3,19,5,13,3,2,10,1001,99,1,48,8,8,10,22,3
6938,2021,3,19,5,22,4,3,1,117,99,1,62,11,11,13,22,3
6939,2021,3,19,5,20,4,3,1,103,99,1,33,5,5,7,83,3
6940,2021,3,20,6,6,2,1,1,101,8,1,37,6,6,8,83,3
6941,2021,3,20,6,12,3,2,3,301,99,1,30,5,5,7,83,3
6942,2021,3,20,6,0,1,1,1,108,99,2,25,4,4,6,22,3
6943,2021,3,20,6,10,2,1,5,502,99,2,20,3,3,5,83,3
6944,2021,3,21,7,10,2,1,5,508,99,1,31,5,5,7,83,3
6945,2021,3,21,7,11,2,1,5,509,99,1,33,5,5,7,22,3
6946,2021,3,21,7,11,2,1,5,509,99,1,999,12,16,18,22,3
6947,2021,3,21,7,19,4,3,3,304,99,1,30,5,5,7,83,3
6948,2021,3,21,7,18,4,3,1,101,14,1,40,7,7,9,83,3
6949,2021,3,21,7,9,2,1,1,101,11,1,33,5,5,7,83,3
6950,2021,3,22,1,10,2,1,1,101,10,1,67,11,12,14,83,3
6951,2021,3,22,1,23,4,3,1,108,99,1,27,4,4,6,22,3
6952,2021,3,22,1,20,4,3,3,308,99,1,35,6,6,8,22,3
6953,2021,3,22,1,21,4,3,1,101,11,1,41,7,7,9,83,3
6954,2021,3,22,1,17,3,2,1,101,13,1,27,4,4,6,83,3
6955,2021,3,23,2,10,2,1,1,113,99,2,58,10,10,12,83,3
6956,2021,3,23,2,3,1,1,1,101,12,1,67,11,12,14,83,3
6957,2021,3,23,2,10,2,1,1,108,99,2,44,7,7,9,22,3
6958,2021,3,23,2,20,4,3,1,108,99,1,47,8,8,10,22,3
6959,2021,3,23,2,20,4,3,1,108,99,1,49,8,8,10,83,3
6960,2021,3,23,2,21,4,3,1,101,12,1,45,8,8,10,83,3
6961,2021,3,23,2,13,3,2,5,501,99,1,22,3,3,5,22,3
6962,2021,3,23,2,20,4,3,5,511,99,1,45,8,8,10,22,3
6963,2021,3,23,2,8,2,1,1,101,7,1,28,4,4,6,22,3
6964,2021,3,24,3,12,3,2,1,101,7,1,49,8,8,10,83,3
6965,2021,3,24,3,14,3,2,1,101,11,1,42,7,7,9,83,3
6966,2021,3,24,3,5,1,1,1,108,99,1,42,7,7,9,22,3
6967,2021,3,24,3,16,3,2,1,108,99,2,64,11,11,13,83,3
6968,2021,3,24,3,22,4,3,1,115,99,1,51,9,9,11,83,3
6969,2021,3,25,4,17,3,2,1,117,99,1,40,7,7,9,83,3
6970,2021,3,25,4,18,4,3,1,101,19,2,42,7,7,9,83,3
6971,2021,3,25,4,20,4,3,4,406,99,1,28,4,4,6,22,3
6972,2021,3,25,4,16,3,2,3,301,99,1,28,4,4,6,83,3
6973,2021,3,26,5,22,4,3,1,101,7,1,46,8,8,10,22,3
6974,2021,3,26,5,7,2,1,1,108,99,1,36,6,6,8,22,3
6975,2021,3,26,5,11,2,1,5,501,99,1,32,5,5,7,83,3
6976,2021,3,26,3,5,1,1,1,101,2,1,37,6,6,8,83,3
6977,2021,3,27,6,12,3,2,1,108,99,1,34,5,5,7,83,3
6978,2021,3,27,6,2,1,1,1,101,8,1,35,6,6,8,83,3
6979,2021,3,27,6,11,2,1,1,101,18,1,35,6,6,8,83,3
6980,2021,3,27,6,20,4,3,1,115,99,1,48,8,8,10,83,3
6981,2021,3,27,6,22,4,3,5,501,99,1,46,8,8,10,22,3
6982,2021,3,27,6,3,1,1,1,101,16,1,25,4,4,6,22,3
6983,2021,3,27,6,13,3,2,1,101,5,1,59,10,10,12,22,3
6984,2021,3,28,7,11,2,1,1,101,2,1,51,9,9,11,83,3
6985,2021,3,28,7,12,3,2,1,108,99,2,27,4,4,6,83,3
6986,2021,3,29,1,12,3,2,1,108,99,1,52,9,9,11,83,3
6987,2021,3,29,1,12,3,2,1,101,9,1,38,6,6,8,83,3
6988,2021,3,29,1,8,2,1,1,101,10,1,45,8,8,10,83,3
6989,2021,3,29,3,10,2,1,17,1712,99,1,999,12,16,18,22,3
6990,2021,3,30,2,7,2,1,1,108,99,1,29,4,4,6,83,3
6991,2021,3,30,2,17,3,2,1,101,5,1,35,6,6,8,83,3
6992,2021,3,30,2,8,2,1,1,101,14,2,69,11,12,14,83,3
6993,2021,3,30,2,23,4,3,1,108,99,1,45,8,8,10,22,3
6994,2021,3,30,2,22,4,3,1,108,99,1,46,8,8,10,22,3
6995,2021,3,30,2,22,4,3,3,303,99,1,35,6,6,8,22,3
6996,2021,3,30,2,7,2,1,1,101,8,1,43,7,7,9,83,3
6997,2021,3,30,2,23,4,3,1,115,99,1,40,7,7,9,83,3
6998,2021,3,31,3,8,2,1,3,312,99,2,41,7,7,9,83,3
6999,2021,3,31,3,22,4,3,1,101,7,2,27,4,4,6,83,3
7000,2021,3,1,1,22,4,3,1,108,99,2,35,6,6,8,1,1
7001,2021,3,1,1,18,4,3,5,512,99,1,20,3,3,5,1,1
7002,2021,3,1,1,12,3,2,10,1014,99,1,25,4,4,6,1,1
7003,2021,3,1,1,23,4,3,18,1802,99,1,999,12,16,18,1,1
7004,2021,3,1,1,23,4,3,18,1802,99,1,999,12,16,18,1,1
7005,2021,3,1,1,9,2,1,17,1710,99,1,41,7,7,9,5,1
7006,2021,3,1,1,9,2,1,1,101,21,1,16,2,2,4,7,2
7007,2021,3,1,1,9,2,1,1,101,21,1,38,6,6,8,9,2
7008,2021,3,1,1,9,2,1,1,101,21,2,17,2,2,4,9,2
7009,2021,3,1,1,9,2,1,1,101,21,1,60,11,11,13,9,2
7010,2021,3,1,1,9,2,1,1,101,21,2,25,4,4,6,9,2
7011,2021,3,1,1,9,2,1,1,101,21,2,24,3,3,5,9,2
7012,2021,3,1,1,12,3,2,10,1014,99,2,21,3,3,5,7,2
7013,2021,3,1,1,1,1,1,17,1713,99,1,28,4,4,6,8,2
7014,2021,3,2,2,5,1,1,5,506,99,1,24,3,3,5,1,1
7015,2021,3,2,2,12,3,2,5,511,99,2,27,4,4,6,1,1
7016,2021,3,2,2,8,2,1,5,514,99,1,34,5,5,7,5,1
7017,2021,3,2,2,8,2,1,5,514,99,1,22,3,3,5,5,1
7018,2021,3,2,2,17,3,2,2,203,99,1,17,2,2,4,1,1
7019,2021,3,2,2,7,2,1,11,1108,99,1,34,5,5,7,1,1
7020,2021,3,2,2,17,3,2,18,1805,99,1,56,10,10,12,1,1
7021,2021,3,2,2,21,4,3,1,101,25,1,20,3,3,5,7,2
7022,2021,3,2,2,20,4,3,5,502,99,1,22,3,3,5,7,2
7023,2021,3,3,3,20,4,3,1,106,99,1,20,3,3,5,1,1
7024,2021,3,3,3,23,4,3,1,115,99,2,17,2,2,4,5,1
7025,2021,3,3,3,6,2,1,1,115,99,1,35,6,6,8,1,1
7026,2021,3,3,3,10,2,1,1,111,99,1,14,1,1,3,5,1
7027,2021,3,3,3,14,3,2,11,1101,99,1,56,10,10,12,1,1
7028,2021,3,3,3,15,3,2,9,901,99,1,49,8,8,10,1,1
7029,2021,3,3,3,15,3,2,9,921,99,1,36,6,6,8,1,1
7030,2021,3,3,3,10,2,1,16,1601,99,1,32,5,5,7,1,1
7031,2021,3,3,3,16,3,2,18,1804,99,1,42,7,7,9,1,1
7032,2021,3,3,3,17,3,2,1,106,99,1,29,4,4,6,7,2
7033,2021,3,3,3,17,3,2,1,101,19,1,23,3,3,5,9,2
7034,2021,3,3,3,17,3,2,21,2101,99,1,29,4,4,6,7,2
7035,2021,3,3,3,8,2,1,19,1903,99,2,32,5,5,7,9,2
7036,2021,3,3,3,15,3,2,9,901,99,2,22,3,3,5,7,2
7037,2021,3,4,4,19,4,3,1,101,12,1,25,4,4,6,1,1
7038,2021,3,4,4,15,3,2,1,116,99,2,21,3,3,5,5,1
7039,2021,3,4,4,16,3,2,9,901,99,1,23,3,3,5,1,1
7040,2021,3,4,4,21,4,3,12,1216,99,1,39,6,6,8,1,1
7041,2021,3,4,4,13,3,2,13,1312,99,1,51,9,9,11,1,1
7042,2021,3,4,4,10,2,1,13,1307,99,1,25,4,4,6,1,1
7043,2021,3,4,4,12,3,2,17,1707,99,1,68,11,12,14,2,1
7044,2021,3,4,4,16,3,2,1,101,4,1,52,9,9,11,8,2
7045,2021,3,4,4,13,3,2,1,101,18,1,64,11,11,13,7,2
7046,2021,3,4,4,21,4,3,1,101,21,1,26,4,4,6,9,2
7047,2021,3,4,4,19,4,3,10,1003,99,1,27,4,4,6,7,2
7048,2021,3,4,4,20,4,3,2,208,99,1,38,6,6,8,7,2
7049,2021,3,5,5,11,2,1,1,101,2,1,21,3,3,5,1,1
7050,2021,3,5,5,2,1,1,1,114,99,1,25,4,4,6,1,1
7051,2021,3,5,5,16,3,2,1,108,99,1,21,3,3,5,1,1
7052,2021,3,5,5,20,4,3,1,108,99,1,24,3,3,5,1,1
7053,2021,3,5,5,12,3,2,20,2005,99,1,67,11,12,14,1,1
7054,2021,3,5,5,9,2,1,5,509,99,1,27,4,4,6,1,1
7055,2021,3,5,5,19,4,3,5,507,99,1,20,3,3,5,1,1
7056,2021,3,5,5,19,4,3,5,507,99,2,21,3,3,5,1,1
7057,2021,3,5,5,21,4,3,5,511,99,1,27,4,4,6,1,1
7058,2021,3,5,5,21,4,3,5,511,99,1,24,3,3,5,1,1
7059,2021,3,5,5,6,2,1,10,1015,99,1,40,7,7,9,1,1
7060,2021,3,5,5,8,2,1,13,1327,99,2,27,4,4,6,1,1
7061,2021,3,5,5,13,3,2,1,113,99,2,19,2,2,4,9,2
7062,2021,3,5,5,21,4,3,5,511,99,2,23,3,3,5,7,2
7063,2021,3,5,5,21,4,3,5,511,99,1,12,1,1,3,7,2
7064,2021,3,5,5,12,3,2,4,405,99,1,19,2,2,4,9,2
7065,2021,3,6,6,17,3,2,1,103,99,1,36,6,6,8,5,1
7066,2021,3,6,6,18,4,3,1,114,99,1,42,7,7,9,1,1
7067,2021,3,6,6,18,4,3,21,2107,99,2,52,9,9,11,1,1
7068,2021,3,6,6,19,4,3,18,1802,99,1,35,6,6,8,1,1
7069,2021,3,6,6,10,2,1,7,713,99,1,40,7,7,9,1,1
7070,2021,3,6,6,16,3,2,1,105,99,1,21,3,3,5,7,2
7071,2021,3,6,6,7,2,1,1,101,13,1,33,5,5,7,8,2
7072,2021,3,6,6,20,4,3,1,115,99,1,35,6,6,8,8,2
7073,2021,3,6,6,2,1,1,19,1901,99,1,17,2,2,4,8,2
7074,2021,3,6,6,22,4,3,6,603,99,1,29,4,4,6,9,2
7075,2021,3,6,6,20,4,3,18,1801,99,1,22,3,3,5,7,2
7076,2021,3,7,7,22,4,3,1,101,12,1,999,12,16,18,5,1
7077,2021,3,7,7,6,2,1,1,116,99,1,20,3,3,5,1,1
7078,2021,3,7,7,20,4,3,1,116,99,1,19,2,2,4,1,1
7079,2021,3,7,7,11,2,1,19,1909,99,1,22,3,3,5,2,1
7080,2021,3,7,7,20,4,3,5,501,99,1,37,6,6,8,1,1
7081,2021,3,7,7,6,2,1,1,114,99,1,67,11,12,14,8,2
7082,2021,3,7,7,20,4,3,1,116,99,1,51,9,9,11,7,2
7083,2021,3,7,7,20,4,3,1,116,99,1,33,5,5,7,7,2
7084,2021,3,7,7,20,4,3,1,116,99,1,48,8,8,10,7,2
7085,2021,3,7,7,20,4,3,1,116,99,1,39,6,6,8,7,2
7086,2021,3,7,7,17,3,2,19,1907,99,1,23,3,3,5,8,2
7087,2021,3,7,7,17,3,2,19,1907,99,2,53,9,9,11,8,2
7088,2021,3,7,7,17,3,2,13,1306,99,1,17,2,2,4,8,2
7089,2021,3,7,7,20,4,3,15,1505,99,2,26,4,4,6,7,2
7090,2021,3,7,7,17,3,2,17,1705,99,1,999,12,16,18,7,2
7091,2021,3,7,7,18,4,3,17,1705,99,1,22,3,3,5,7,2
7092,2021,3,7,7,22,4,3,4,407,99,1,21,3,3,5,8,2
7093,2021,3,8,1,5,1,1,1,101,7,1,22,3,3,5,1,1
7094,2021,3,8,1,17,3,2,13,1301,99,1,32,5,5,7,3,1
7095,2021,3,8,1,8,2,1,16,1601,99,1,60,11,11,13,1,1
7096,2021,3,8,1,9,2,1,16,1601,99,1,37,6,6,8,1,1
7097,2021,3,8,1,9,2,1,16,1601,99,1,31,5,5,7,1,1
7098,2021,3,8,1,9,2,1,16,1601,99,2,21,3,3,5,1,1
7099,2021,3,8,1,5,1,1,1,108,99,1,25,4,4,6,8,2
7100,2021,3,8,1,5,1,1,9,920,99,1,24,3,3,5,7,2
7101,2021,3,8,1,1,1,1,17,1705,99,1,45,8,8,10,7,2
7102,2021,3,9,2,10,2,1,1,114,99,1,37,6,6,8,2,1
7103,2021,3,9,2,11,2,1,20,2005,99,2,63,11,11,13,1,1
7104,2021,3,9,2,21,4,3,9,919,99,2,30,5,5,7,2,1
7105,2021,3,9,2,16,3,2,1,101,7,1,21,3,3,5,8,2
7106,2021,3,9,2,17,3,2,5,502,99,2,17,2,2,4,8,2
7107,2021,3,9,2,20,4,3,15,1508,99,1,46,8,8,10,8,2
7108,2021,3,9,2,20,4,3,17,1703,99,1,33,5,5,7,7,2
7109,2021,3,10,3,9,2,1,1,101,6,1,34,5,5,7,1,1
7110,2021,3,10,3,9,2,1,1,101,6,1,42,7,7,9,1,1
7111,2021,3,10,3,9,2,1,1,101,6,1,37,6,6,8,1,1
7112,2021,3,10,3,13,3,2,1,106,99,1,34,5,5,7,1,1
7113,2021,3,10,3,3,1,1,1,108,99,1,45,8,8,10,1,1
7114,2021,3,10,3,3,1,1,5,506,99,1,22,3,3,5,1,1
7115,2021,3,10,3,17,3,2,6,602,99,1,21,3,3,5,1,1
7116,2021,3,10,3,9,2,1,10,1001,99,2,38,6,6,8,7,2
7117,2021,3,10,3,16,3,2,17,1705,99,1,999,12,16,18,7,2
7118,2021,3,10,3,16,3,2,17,1705,99,1,999,12,16,18,7,2
7119,2021,3,11,4,10,2,1,1,101,1,1,25,4,4,6,1,1
7120,2021,3,11,4,18,4,3,1,115,99,2,38,6,6,8,2,1
7121,2021,3,11,4,18,4,3,1,115,99,2,15,2,2,4,2,1
7122,2021,3,11,4,19,4,3,1,117,99,1,18,2,2,4,1,1
7123,2021,3,11,4,15,3,2,1,108,99,1,41,7,7,9,1,1
7124,2021,3,11,4,8,2,1,22,2216,99,1,18,2,2,4,1,1
7125,2021,3,11,4,8,2,1,22,2216,99,1,49,8,8,10,1,1
7126,2021,3,11,4,14,3,2,21,2107,99,1,72,11,13,15,1,1
7127,2021,3,11,4,13,3,2,20,2004,99,1,14,1,1,3,1,1
7128,2021,3,11,4,13,3,2,14,1401,99,2,21,3,3,5,1,1
7129,2021,3,11,4,10,2,1,1,101,1,1,28,4,4,6,7,2
7130,2021,3,11,4,18,4,3,1,115,99,1,18,2,2,4,8,2
7131,2021,3,11,4,4,1,1,1,117,99,1,22,3,3,5,7,2
7132,2021,3,11,4,11,2,1,5,501,99,2,29,4,4,6,8,2
7133,2021,3,11,4,11,2,1,5,512,99,1,32,5,5,7,7,2
7134,2021,3,12,5,23,4,3,1,101,12,2,27,4,4,6,5,1
7135,2021,3,12,5,21,4,3,1,105,99,1,38,6,6,8,1,1
7136,2021,3,12,5,9,2,1,1,101,7,1,16,2,2,4,1,1
7137,2021,3,12,5,9,2,1,1,101,7,1,36,6,6,8,1,1
7138,2021,3,12,5,15,3,2,5,501,99,1,75,11,14,16,1,1
7139,2021,3,12,5,21,4,3,5,501,99,1,25,4,4,6,1,1
7140,2021,3,12,5,12,3,2,10,1001,99,1,23,3,3,5,2,1
7141,2021,3,12,5,8,2,1,9,921,99,1,20,3,3,5,1,1
7142,2021,3,12,5,8,2,1,9,921,99,1,20,3,3,5,1,1
7143,2021,3,12,5,17,3,2,9,901,99,1,34,5,5,7,1,1
7144,2021,3,12,5,6,2,1,12,1230,99,1,28,4,4,6,1,1
7145,2021,3,12,5,21,4,3,13,1303,99,1,42,7,7,9,1,1
7146,2021,3,12,5,19,4,3,1,101,9,1,33,5,5,7,8,2
7147,2021,3,12,5,19,4,3,1,101,12,1,22,3,3,5,7,2
7148,2021,3,12,5,23,4,3,1,101,21,1,23,3,3,5,8,2
7149,2021,3,12,5,2,1,1,5,508,99,1,25,4,4,6,8,2
7150,2021,3,12,5,21,4,3,5,501,99,2,32,5,5,7,7,2
7151,2021,3,12,5,5,1,1,6,602,99,1,30,5,5,7,7,2
7152,2021,3,12,5,20,4,3,10,1008,99,1,999,12,16,18,8,2
7153,2021,3,12,5,8,2,1,9,921,99,1,28,4,4,6,7,2
7154,2021,3,12,5,8,2,1,9,921,99,1,63,11,11,13,7,2
7155,2021,3,12,5,17,3,2,17,1709,99,2,39,6,6,8,8,2
7156,2021,3,13,6,17,3,2,5,501,99,1,42,7,7,9,5,1
7157,2021,3,13,6,18,4,3,1,101,9,1,24,3,3,5,1,1
7158,2021,3,13,6,18,4,3,1,116,99,1,14,1,1,3,1,1
7159,2021,3,13,6,18,4,3,1,116,99,1,35,6,6,8,1,1
7160,2021,3,13,6,12,3,2,19,1901,99,1,21,3,3,5,1,1
7161,2021,3,13,6,10,2,1,11,1109,99,1,32,5,5,7,1,1
7162,2021,3,13,6,18,4,3,1,101,9,1,58,10,10,12,7,2
7163,2021,3,13,6,15,3,2,1,101,12,1,37,6,6,8,8,2
7164,2021,3,13,6,18,4,3,1,116,99,1,23,3,3,5,7,2
7165,2021,3,13,6,3,1,1,19,1909,99,1,17,2,2,4,7,2
7166,2021,3,13,6,15,3,2,5,501,99,1,43,7,7,9,8,2
7167,2021,3,13,6,6,2,1,5,508,99,1,49,8,8,10,7,2
7168,2021,3,13,6,22,4,3,6,613,99,1,38,6,6,8,8,2
7169,2021,3,13,6,19,4,3,2,203,99,1,24,3,3,5,8,2
7170,2021,3,14,7,22,4,3,20,2001,99,1,37,6,6,8,1,1
7171,2021,3,14,7,2,1,1,5,506,99,1,35,6,6,8,1,1
7172,2021,3,14,7,16,3,2,5,501,99,1,999,12,16,18,1,1
7173,2021,3,14,7,19,4,3,5,503,99,1,32,5,5,7,1,1
7174,2021,3,14,7,10,2,1,18,1801,99,1,32,5,5,7,1,1
7175,2021,3,14,7,0,1,1,1,101,1,1,21,3,3,5,8,2
7176,2021,3,14,7,1,1,1,1,101,25,1,21,3,3,5,8,2
7177,2021,3,14,7,22,4,3,1,107,99,1,20,3,3,5,126,2
7178,2021,3,14,7,11,2,1,1,101,21,1,34,5,5,7,8,2
7179,2021,3,14,7,12,3,2,1,117,99,2,21,3,3,5,7,2
7180,2021,3,14,7,0,1,1,16,1611,99,1,19,2,2,4,7,2
7181,2021,3,14,7,2,1,1,17,1705,99,1,21,3,3,5,7,2
7182,2021,3,14,7,23,4,3,17,1703,99,1,55,10,10,12,8,2
7183,2021,3,15,1,9,2,1,6,606,99,2,40,7,7,9,1,1
7184,2021,3,15,1,7,2,1,16,1614,99,1,19,2,2,4,2,1
7185,2021,3,15,1,17,3,2,17,1710,99,1,33,5,5,7,1,1
7186,2021,3,15,1,23,4,3,1,101,4,1,38,6,6,8,8,2
7187,2021,3,15,1,16,3,2,1,101,6,1,62,11,11,13,9,2
7188,2021,3,15,1,16,3,2,1,101,6,2,32,5,5,7,9,2
7189,2021,3,15,1,16,3,2,1,101,6,1,23,3,3,5,9,2
7190,2021,3,15,1,4,1,1,1,101,21,1,28,4,4,6,9,2
7191,2021,3,16,2,15,3,2,1,115,99,1,55,10,10,12,1,1
7192,2021,3,16,2,9,2,1,1,108,99,1,33,5,5,7,1,1
7193,2021,3,16,2,8,2,1,5,504,99,1,27,4,4,6,1,1
7194,2021,3,16,2,21,4,3,18,1805,99,1,40,7,7,9,1,1
7195,2021,3,16,2,6,2,1,4,415,99,1,21,3,3,5,1,1
7196,2021,3,16,2,21,4,3,1,101,18,1,20,3,3,5,7,2
7197,2021,3,16,2,23,4,3,1,108,99,1,28,4,4,6,7,2
7198,2021,3,17,3,4,1,1,1,107,99,1,47,8,8,10,1,1
7199,2021,3,17,3,14,3,2,13,1306,99,1,75,11,14,16,1,1
7200,2021,3,17,3,19,4,3,17,1705,99,1,58,10,10,12,1,1
7201,2021,3,17,3,20,4,3,17,1713,99,1,14,1,1,3,1,1
7202,2021,3,17,3,20,4,3,17,1713,99,1,31,5,5,7,1,1
7203,2021,3,17,3,13,3,2,1,117,99,1,35,6,6,8,7,2
7204,2021,3,17,3,17,3,2,7,706,99,1,33,5,5,7,7,2
7205,2021,3,18,4,12,3,2,1,101,13,1,52,9,9,11,1,1
7206,2021,3,18,4,18,4,3,5,505,99,1,38,6,6,8,1,1
7207,2021,3,18,4,18,4,3,5,505,99,1,28,4,4,6,1,1
7208,2021,3,18,4,23,4,3,12,1217,99,1,30,5,5,7,1,1
7209,2021,3,18,4,23,4,3,12,1217,99,2,46,8,8,10,7,2
7210,2021,3,18,4,13,3,2,13,1307,99,1,31,5,5,7,1,1
7211,2021,3,18,4,8,2,1,2,203,99,1,27,4,4,6,1,1
7212,2021,3,18,4,8,2,1,2,203,99,1,39,6,6,8,1,1
7213,2021,3,18,4,19,4,3,4,401,99,2,21,3,3,5,1,1
7214,2021,3,18,4,20,4,3,1,101,19,1,16,2,2,4,7,2
7215,2021,3,18,4,19,4,3,4,401,99,2,11,1,1,3,7,2
7216,2021,3,18,4,19,4,3,4,401,99,2,12,1,1,3,7,2
7217,2021,3,19,5,21,4,3,1,101,1,1,25,4,4,6,2,1
7218,2021,3,19,5,9,2,1,1,101,16,1,21,3,3,5,1,1
7219,2021,3,19,5,20,4,3,5,506,99,1,19,2,2,4,1,1
7220,2021,3,19,5,12,3,2,17,1705,99,1,23,3,3,5,1,1
7221,2021,3,19,5,21,4,3,1,101,1,1,23,3,3,5,8,2
7222,2021,3,19,5,21,4,3,1,101,1,1,28,4,4,6,8,2
7223,2021,3,19,5,14,3,2,1,101,18,1,36,6,6,8,7,2
7224,2021,3,19,5,9,2,1,22,2201,99,1,29,4,4,6,7,2
7225,2021,3,19,5,5,1,1,6,611,99,1,38,6,6,8,7,2
7226,2021,3,20,6,5,1,1,1,108,99,1,35,6,6,8,1,1
7227,2021,3,20,6,21,4,3,1,108,99,1,21,3,3,5,1,1
7228,2021,3,20,6,6,2,1,5,506,99,1,20,3,3,5,1,1
7229,2021,3,20,6,15,3,2,5,513,99,1,39,6,6,8,1,1
7230,2021,3,20,6,18,4,3,9,901,99,1,999,12,16,18,2,1
7231,2021,3,20,6,17,3,2,12,1230,99,1,50,9,9,11,1,1
7232,2021,3,20,6,21,4,3,1,101,16,2,35,6,6,8,8,2
7233,2021,3,20,6,16,3,2,1,101,21,1,25,4,4,6,7,2
7234,2021,3,20,6,16,3,2,1,101,21,1,21,3,3,5,7,2
7235,2021,3,20,6,21,4,3,1,108,99,1,20,3,3,5,7,2
7236,2021,3,20,6,21,4,3,1,108,99,1,38,6,6,8,7,2
7237,2021,3,20,6,16,3,2,9,901,99,2,45,8,8,10,8,2
7238,2021,3,20,6,21,4,3,12,1215,99,1,37,6,6,8,9,2
7239,2021,3,20,6,20,4,3,16,1613,99,2,20,3,3,5,7,2
7240,2021,3,20,6,20,4,3,16,1613,99,1,20,3,3,5,7,2
7241,2021,3,20,6,2,1,1,18,1801,99,1,39,6,6,8,8,2
7242,2021,3,21,7,19,4,3,1,115,99,1,27,4,4,6,1,1
7243,2021,3,21,7,14,3,2,1,110,99,1,32,5,5,7,1,1
7244,2021,3,21,7,11,2,1,5,509,99,1,33,5,5,7,1,1
7245,2021,3,21,7,10,2,1,17,1706,99,2,15,2,2,4,1,1
7246,2021,3,21,7,4,1,1,1,101,4,1,27,4,4,6,9,2
7247,2021,3,21,7,2,1,1,1,101,25,1,18,2,2,4,8,2
7248,2021,3,21,7,14,3,2,1,110,99,2,35,6,6,8,7,2
7249,2021,3,21,7,11,2,1,1,101,19,1,41,7,7,9,9,2
7250,2021,3,21,7,3,1,1,20,2001,99,1,32,5,5,7,8,2
7251,2021,3,21,7,19,4,3,19,1901,99,1,23,3,3,5,8,2
7252,2021,3,21,7,21,4,3,19,1901,99,1,36,6,6,8,8,2
7253,2021,3,21,7,7,2,1,5,506,99,1,50,9,9,11,9,2
7254,2021,3,21,7,18,4,3,11,1108,99,1,17,2,2,4,7,2
7255,2021,3,21,7,18,4,3,2,203,99,1,40,7,7,9,8,2
7256,2021,3,21,7,19,4,3,7,706,99,1,25,4,4,6,7,2
7257,2021,3,21,7,17,3,2,4,401,99,1,23,3,3,5,7,2
7258,2021,3,21,7,17,3,2,4,401,99,1,32,5,5,7,7,2
7259,2021,3,21,7,13,3,2,4,409,99,1,999,12,16,18,9,2
7260,2021,3,21,7,19,4,3,3,301,99,1,22,3,3,5,7,2
7261,2021,3,22,1,12,3,2,1,101,25,1,999,12,16,18,5,1
7262,2021,3,22,1,17,3,2,1,113,99,1,999,12,16,18,5,1
7263,2021,3,22,1,21,4,3,1,101,7,1,37,6,6,8,1,1
7264,2021,3,22,1,13,3,2,1,110,99,1,24,3,3,5,2,1
7265,2021,3,22,1,5,1,1,5,506,99,1,18,2,2,4,1,1
7266,2021,3,22,1,17,3,2,6,602,99,2,16,2,2,4,1,1
7267,2021,3,22,1,21,4,3,12,1230,99,1,26,4,4,6,1,1
7268,2021,3,22,1,4,1,1,1,101,4,1,21,3,3,5,7,2
7269,2021,3,22,1,17,3,2,1,101,1,1,60,11,11,13,7,2
7270,2021,3,22,1,5,1,1,1,103,99,1,19,2,2,4,8,2
7271,2021,3,22,1,17,3,2,1,115,99,1,39,6,6,8,7,2
7272,2021,3,22,1,18,4,3,20,2005,99,1,41,7,7,9,8,2
7273,2021,3,22,1,17,3,2,9,901,99,2,22,3,3,5,7,2
7274,2021,3,22,1,14,3,2,15,1508,99,1,31,5,5,7,7,2
7275,2021,3,22,1,21,4,3,3,303,99,1,32,5,5,7,8,2
7276,2021,3,23,2,18,4,3,1,117,99,1,25,4,4,6,1,1
7277,2021,3,23,2,18,4,3,1,117,99,1,24,3,3,5,1,1
7278,2021,3,23,2,19,4,3,20,2008,99,1,18,2,2,4,1,1
7279,2021,3,23,2,18,4,3,19,1905,99,1,51,9,9,11,1,1
7280,2021,3,23,2,20,4,3,5,511,99,1,24,3,3,5,1,1
7281,2021,3,23,2,22,4,3,5,509,99,1,28,4,4,6,1,1
7282,2021,3,23,2,19,4,3,6,608,99,2,58,10,10,12,1,1
7283,2021,3,23,2,1,1,1,6,614,99,1,52,9,9,11,1,1
7284,2021,3,23,2,8,2,1,12,1215,99,1,30,5,5,7,2,1
7285,2021,3,23,2,10,2,1,1,101,3,1,28,4,4,6,7,2
7286,2021,3,23,2,19,4,3,1,107,99,1,27,4,4,6,7,2
7287,2021,3,23,2,18,4,3,1,117,99,1,38,6,6,8,7,2
7288,2021,3,23,2,13,3,2,1,117,99,1,19,2,2,4,7,2
7289,2021,3,23,2,19,4,3,1,117,99,1,23,3,3,5,7,2
7290,2021,3,23,2,21,4,3,1,115,99,1,33,5,5,7,7,2
7291,2021,3,23,2,18,4,3,1,101,19,1,60,11,11,13,7,2
7292,2021,3,23,2,18,4,3,1,101,19,2,42,7,7,9,7,2
7293,2021,3,23,2,18,4,3,1,101,19,1,42,7,7,9,7,2
7294,2021,3,23,2,20,4,3,6,608,99,1,26,4,4,6,7,2
7295,2021,3,23,3,10,2,1,21,2103,99,1,32,5,5,7,5,1
7296,2021,3,24,3,6,2,1,1,101,18,1,23,3,3,5,1,1
7297,2021,3,24,3,12,3,2,1,106,99,1,21,3,3,5,1,1
7298,2021,3,24,3,19,4,3,1,101,13,1,18,2,2,4,1,1
7299,2021,3,24,3,19,4,3,1,101,13,1,29,4,4,6,1,1
7300,2021,3,24,3,18,4,3,1,101,7,1,18,2,2,4,1,1
7301,2021,3,24,3,12,3,2,16,1601,99,1,21,3,3,5,2,1
7302,2021,3,24,3,19,4,3,1,101,13,1,26,4,4,6,7,2
7303,2021,3,24,3,19,4,3,1,101,13,1,17,2,2,4,7,2
7304,2021,3,24,3,18,4,3,17,1704,99,1,35,6,6,8,8,2
7305,2021,3,24,3,10,2,1,17,1713,99,1,19,2,2,4,8,2
7306,2021,3,25,4,10,2,1,1,114,99,1,44,7,7,9,2,1
7307,2021,3,25,4,14,3,2,1,114,99,2,30,5,5,7,1,1
7308,2021,3,25,4,21,4,3,19,1901,99,1,42,7,7,9,2,1
7309,2021,3,25,4,20,4,3,1,102,99,1,30,5,5,7,7,2
7310,2021,3,25,4,6,2,1,1,101,12,1,23,3,3,5,7,2
7311,2021,3,25,4,13,3,2,1,115,99,1,43,7,7,9,7,2
7312,2021,3,25,4,7,2,1,19,1901,99,1,25,4,4,6,7,2
7313,2021,3,25,4,8,2,1,5,511,99,1,28,4,4,6,7,2
7314,2021,3,25,4,21,4,3,6,613,99,1,22,3,3,5,7,2
7315,2021,3,26,5,17,3,2,1,101,6,1,42,7,7,9,1,1
7316,2021,3,26,5,19,4,3,1,101,25,1,30,5,5,7,1,1
7317,2021,3,26,5,19,4,3,1,102,99,1,23,3,3,5,1,1
7318,2021,3,26,5,14,3,2,1,115,99,1,36,6,6,8,1,1
7319,2021,3,26,5,22,4,3,1,115,99,1,29,4,4,6,1,1
7320,2021,3,26,5,14,3,2,1,108,99,1,54,9,9,11,1,1
7321,2021,3,26,5,18,4,3,21,2101,99,1,21,3,3,5,1,1
7322,2021,3,26,5,8,2,1,5,506,99,1,42,7,7,9,2,1
7323,2021,3,26,5,20,4,3,18,1805,99,1,31,5,5,7,1,1
7324,2021,3,26,5,12,3,2,1,101,18,1,35,6,6,8,7,2
7325,2021,3,26,5,14,3,2,1,108,99,1,25,4,4,6,7,2
7326,2021,3,26,5,12,3,2,18,1803,99,2,29,4,4,6,8,2
7327,2021,3,26,5,1,1,1,17,1708,99,1,22,3,3,5,8,2
7328,2021,3,26,5,18,4,3,1,101,11,2,32,5,5,7,8,2
7329,2021,3,26,5,20,4,3,8,807,99,2,51,9,9,11,1,1
7330,2021,3,27,6,13,3,2,19,1904,99,1,27,4,4,6,1,1
7331,2021,3,27,6,13,3,2,19,1904,99,1,999,12,16,18,1,1
7332,2021,3,27,6,2,1,1,5,514,99,1,29,4,4,6,1,1
7333,2021,3,27,6,2,1,1,5,514,99,1,42,7,7,9,1,1
7334,2021,3,27,6,8,2,1,5,506,99,1,25,4,4,6,1,1
7335,2021,3,27,6,16,3,2,5,501,99,1,30,5,5,7,2,1
7336,2021,3,27,6,22,4,3,5,507,99,1,999,12,16,18,2,1
7337,2021,3,27,6,13,3,2,18,1805,99,1,25,4,4,6,1,1
7338,2021,3,27,6,15,3,2,18,1805,99,1,20,3,3,5,1,1
7339,2021,3,27,6,19,4,3,4,401,99,1,17,2,2,4,1,1
7340,2021,3,27,6,10,2,1,1,116,99,1,36,6,6,8,7,2
7341,2021,3,27,6,3,1,1,1,117,99,1,25,4,4,6,7,2
7342,2021,3,27,6,22,4,3,1,108,99,1,25,4,4,6,7,2
7343,2021,3,27,6,19,4,3,20,2001,99,2,85,11,15,17,9,2
7344,2021,3,27,6,13,3,2,19,1904,99,1,33,5,5,7,7,2
7345,2021,3,27,6,13,3,2,19,1904,99,1,39,6,6,8,7,2
7346,2021,3,27,6,13,3,2,19,1904,99,2,999,12,16,18,7,2
7347,2021,3,27,6,11,2,1,19,1909,99,1,30,5,5,7,7,2
7348,2021,3,27,6,11,2,1,19,1909,99,1,24,3,3,5,7,2
7349,2021,3,27,6,23,4,3,9,901,99,1,24,3,3,5,7,2
7350,2021,3,27,6,16,3,2,12,1201,99,1,37,6,6,8,9,2
7351,2021,3,27,6,11,2,1,16,1615,99,1,19,2,2,4,8,2
7352,2021,3,27,6,11,2,1,16,1615,99,1,42,7,7,9,8,2
7353,2021,3,27,6,20,4,3,1,105,99,2,26,4,4,6,1,1
7354,2021,3,28,7,17,3,2,1,101,21,1,28,4,4,6,1,1
7355,2021,3,28,7,23,4,3,22,2201,99,1,58,10,10,12,2,1
7356,2021,3,28,7,20,4,3,20,2001,99,1,13,1,1,3,2,1
7357,2021,3,28,7,19,4,3,19,1901,99,1,51,9,9,11,1,1
7358,2021,3,28,7,19,4,3,5,513,99,1,30,5,5,7,1,1
7359,2021,3,28,7,21,4,3,1,101,1,1,28,4,4,6,8,2
7360,2021,3,28,7,0,1,1,1,105,99,1,17,2,2,4,8,2
7361,2021,3,28,7,10,2,1,1,101,6,1,26,4,4,6,7,2
7362,2021,3,28,7,23,4,3,1,105,99,1,41,7,7,9,7,2
7363,2021,3,28,7,19,4,3,1,105,99,1,29,4,4,6,8,2
7364,2021,3,28,7,11,2,1,1,101,16,1,23,3,3,5,8,2
7365,2021,3,28,7,4,1,1,1,115,99,1,35,6,6,8,9,2
7366,2021,3,28,7,18,4,3,1,108,99,1,23,3,3,5,8,2
7367,2021,3,28,7,12,3,2,22,2217,99,1,52,9,9,11,7,2
7368,2021,3,28,7,14,3,2,6,602,99,1,52,9,9,11,7,2
7369,2021,3,28,7,22,4,3,9,919,99,1,32,5,5,7,7,2
7370,2021,3,28,7,21,4,3,17,1712,99,1,21,3,3,5,8,2
7371,2021,3,28,7,8,2,1,19,1904,99,1,22,3,3,5,1,1
7372,2021,3,29,1,21,4,3,1,101,7,1,41,7,7,9,1,1
7373,2021,3,29,1,22,4,3,20,2002,99,2,35,6,6,8,1,1
7374,2021,3,29,1,22,4,3,20,2002,99,1,50,9,9,11,1,1
7375,2021,3,29,1,10,2,1,5,505,99,1,23,3,3,5,1,1
7376,2021,3,29,1,20,4,3,5,507,99,1,42,7,7,9,1,1
7377,2021,3,29,1,14,3,2,6,613,99,1,24,3,3,5,1,1
7378,2021,3,29,1,11,2,1,17,1712,99,1,39,6,6,8,2,1
7379,2021,3,29,1,20,4,3,1,116,99,1,37,6,6,8,7,2
7380,2021,3,29,1,19,4,3,20,2001,99,2,38,6,6,8,7,2
7381,2021,3,29,1,17,3,2,15,1502,99,2,38,6,6,8,9,2
7382,2021,3,29,1,14,3,2,14,1405,99,1,52,9,9,11,9,2
7383,2021,3,30,2,21,4,3,1,101,21,1,20,3,3,5,1,1
7384,2021,3,30,2,22,4,3,1,101,21,1,22,3,3,5,1,1
7385,2021,3,30,2,20,4,3,1,115,99,1,15,2,2,4,1,1
7386,2021,3,30,2,17,3,2,1,116,99,1,34,5,5,7,1,1
7387,2021,3,30,2,12,3,2,5,501,99,1,45,8,8,10,1,1
7388,2021,3,30,2,20,4,3,9,901,99,1,27,4,4,6,1,1
7389,2021,3,30,2,13,3,2,12,1207,99,1,58,10,10,12,2,1
7390,2021,3,30,2,21,4,3,18,1805,99,1,25,4,4,6,1,1
7391,2021,3,30,2,21,4,3,18,1805,99,1,25,4,4,6,1,1
7392,2021,3,30,2,21,4,3,17,1710,99,1,35,6,6,8,1,1
7393,2021,3,30,2,22,4,3,1,101,6,1,32,5,5,7,7,2
7394,2021,3,30,2,21,4,3,1,106,99,1,39,6,6,8,8,2
7395,2021,3,30,2,15,3,2,10,1016,99,1,46,8,8,10,7,2
7396,2021,3,30,2,20,4,3,9,901,99,1,22,3,3,5,7,2
7397,2021,3,30,2,23,4,3,12,1212,99,1,43,7,7,9,8,2
7398,2021,3,30,2,21,4,3,17,1710,99,2,18,2,2,4,7,2
7399,2021,3,30,2,8,2,1,7,706,99,1,69,11,12,14,8,2
7400,2021,3,31,3,16,3,2,1,115,99,1,37,6,6,8,1,1
7401,2021,3,31,3,13,3,2,1,117,99,2,26,4,4,6,1,1
7402,2021,3,31,3,18,4,3,5,506,99,1,30,5,5,7,1,1
7403,2021,3,31,3,12,3,2,9,901,99,1,25,4,4,6,2,1
7404,2021,3,31,3,17,3,2,9,901,99,2,25,4,4,6,1,1
7405,2021,3,31,3,11,2,1,17,1703,99,1,31,5,5,7,1,1
7406,2021,3,31,3,14,3,2,1,101,18,1,28,4,4,6,7,2
7407,2021,3,31,3,19,4,3,11,1101,99,1,47,8,8,10,8,2
7408,2021,3,31,3,21,4,3,17,1709,99,2,40,7,7,9,9,2
7409,2021,3,2,2,21,4,3,6,602,99,2,999,12,16,18,68,7
7410,2021,3,2,2,20,4,3,11,1102,99,2,17,2,2,4,68,7
7411,2021,3,2,2,15,3,2,12,1201,99,2,45,8,8,10,68,7
7412,2021,3,4,4,15,3,2,1,108,99,2,87,11,15,17,68,7
7413,2021,3,4,4,0,1,1,4,408,99,2,36,6,6,8,68,7
7414,2021,3,4,4,23,4,3,16,1610,99,2,35,6,6,8,68,7
7415,2021,3,4,4,11,2,1,17,1701,99,2,999,12,16,18,68,7
7416,2021,3,5,5,3,1,1,12,1216,99,2,999,12,16,18,68,7
7417,2021,3,6,6,0,1,1,14,1406,99,2,20,3,3,5,68,7
7418,2021,3,6,6,10,2,1,9,914,99,2,23,3,3,5,68,7
7419,2021,3,6,6,20,4,3,1,115,99,1,35,6,6,8,68,7
7420,2021,3,6,6,21,4,3,13,1306,99,1,999,12,16,18,68,7
7421,2021,3,6,6,22,4,3,9,906,99,2,46,8,8,10,68,7
7422,2021,3,7,7,13,3,2,1,108,99,2,39,6,6,8,68,7
7423,2021,3,7,7,18,4,3,5,514,99,2,35,6,6,8,68,7
7424,2021,3,7,7,22,4,3,6,609,99,2,37,6,6,8,68,7
7425,2021,3,7,7,14,3,2,10,1016,99,2,25,4,4,6,68,7
7426,2021,3,7,7,14,3,2,10,1016,99,2,19,2,2,4,68,7
7427,2021,3,7,7,18,4,3,11,1105,99,2,29,4,4,6,68,7
7428,2021,3,7,7,11,2,1,12,1202,99,2,27,4,4,6,68,7
7429,2021,3,7,7,20,4,3,12,1217,99,2,39,6,6,8,68,7
7430,2021,3,7,7,20,4,3,12,1217,99,2,69,11,12,14,68,7
7431,2021,3,7,7,17,3,2,7,713,99,2,44,7,7,9,68,7
7432,2021,3,8,1,15,3,2,9,920,99,2,17,2,2,4,68,7
7433,2021,3,8,1,17,3,2,9,903,99,2,28,4,4,6,68,7
7434,2021,3,8,1,23,4,3,7,701,99,2,26,4,4,6,68,7
7435,2021,3,8,1,10,2,1,13,1301,99,2,26,4,4,6,68,7
7436,2021,3,9,2,21,4,3,14,1420,99,2,25,4,4,6,68,7
7437,2021,3,10,3,17,3,2,5,501,99,2,45,8,8,10,68,7
7438,2021,3,10,3,18,4,3,13,1309,99,1,72,11,13,15,68,7
7439,2021,3,11,4,19,4,3,22,2205,99,2,999,12,16,18,68,7
7440,2021,3,11,4,6,2,1,15,1501,99,2,23,3,3,5,68,7
7441,2021,3,11,4,22,4,3,14,1412,99,2,41,7,7,9,68,7
7442,2021,3,11,4,0,1,1,7,710,99,2,28,4,4,6,68,7
7443,2021,3,12,5,17,3,2,6,604,99,2,56,10,10,12,68,7
7444,2021,3,13,6,18,4,3,11,1106,99,2,36,6,6,8,68,7
7445,2021,3,13,6,23,4,3,9,920,99,2,25,4,4,6,68,7
7446,2021,3,14,7,10,2,1,1,101,18,1,11,1,1,3,68,7
7447,2021,3,14,7,19,4,3,5,502,99,2,25,4,4,6,68,7
7448,2021,3,14,7,23,4,3,12,1217,99,2,34,5,5,7,68,7
7449,2021,3,14,7,20,4,3,17,1709,99,2,28,4,4,6,68,7
7450,2021,3,15,1,23,4,3,1,101,6,1,62,11,11,13,68,7
7451,2021,3,15,1,23,4,3,1,101,6,2,32,5,5,7,68,7
7452,2021,3,15,1,23,4,3,1,101,6,1,23,3,3,5,68,7
7453,2021,3,15,1,19,4,3,6,602,99,2,999,12,16,18,68,7
7454,2021,3,15,1,19,4,3,13,1327,99,1,58,10,10,12,68,7
7455,2021,3,15,1,23,4,3,17,1703,99,2,43,7,7,9,68,7
7456,2021,3,15,1,0,1,1,7,705,99,2,999,12,16,18,68,7
7457,2021,3,16,2,12,3,2,9,902,99,2,52,9,9,11,68,7
7458,2021,3,16,2,9,2,1,13,1301,99,2,52,9,9,11,68,7
7459,2021,3,16,2,9,2,1,13,1301,99,2,20,3,3,5,68,7
7460,2021,3,17,3,11,2,1,17,1714,99,2,50,9,9,11,68,7
7461,2021,3,18,4,15,3,2,22,2211,99,2,66,11,12,14,68,7
7462,2021,3,18,4,21,4,3,13,1324,99,2,42,7,7,9,68,7
7463,2021,3,18,4,22,4,3,18,1804,99,2,23,3,3,5,68,7
7464,2021,3,19,5,13,3,2,16,1606,99,2,999,12,16,18,68,7
7465,2021,3,19,5,2,1,1,21,2101,99,2,26,4,4,6,68,7
7466,2021,3,19,5,22,4,3,13,1311,99,2,999,12,16,18,68,7
7467,2021,3,19,5,15,3,2,20,2003,99,2,35,6,6,8,68,7
7468,2021,3,19,5,0,1,1,14,1404,99,2,29,4,4,6,68,7
7469,2021,3,20,6,22,4,3,9,921,99,2,45,8,8,10,68,7
7470,2021,3,20,6,22,4,3,9,921,99,1,15,2,2,4,68,7
7471,2021,3,20,6,15,3,2,16,1603,99,2,30,5,5,7,68,7
7472,2021,3,20,6,18,4,3,18,1802,99,2,28,4,4,6,68,7
7473,2021,3,20,6,19,4,3,3,310,99,1,18,2,2,4,68,7
7474,2021,3,21,7,11,2,1,21,2102,99,2,43,7,7,9,68,7
7475,2021,3,21,7,9,2,1,16,1616,99,2,27,4,4,6,68,7
7476,2021,3,21,7,15,3,2,4,412,99,2,32,5,5,7,68,7
7477,2021,3,21,7,15,3,2,14,1420,99,2,22,3,3,5,68,7
7478,2021,3,21,7,3,1,1,9,901,99,2,999,12,16,18,68,7
7479,2021,3,21,7,19,4,3,10,1012,99,1,61,11,11,13,68,7
7480,2021,3,21,7,1,1,1,14,1403,99,2,33,5,5,7,68,7
7481,2021,3,22,1,22,4,3,1,117,99,2,29,4,4,6,68,7
7482,2021,3,22,1,21,4,3,19,1901,99,1,36,6,6,8,68,7
7483,2021,3,22,1,5,1,1,18,1801,99,2,46,8,8,10,68,7
7484,2021,3,23,2,18,4,3,22,2207,99,2,40,7,7,9,68,7
7485,2021,3,23,2,21,4,3,13,1301,99,2,999,12,16,18,68,7
7486,2021,3,24,3,22,4,3,11,1105,99,2,25,4,4,6,68,7
7487,2021,3,24,3,21,4,3,14,1413,99,2,38,6,6,8,68,7
7488,2021,3,25,4,16,3,2,13,1326,99,2,29,4,4,6,68,7
7489,2021,3,26,5,22,4,3,17,1714,99,2,53,9,9,11,68,7
7490,2021,3,27,6,19,4,3,20,2001,99,2,85,11,15,17,68,7
7491,2021,3,27,6,17,3,2,21,2101,99,2,26,4,4,6,68,7
7492,2021,3,28,7,23,4,3,21,2106,99,2,40,7,7,9,68,7
7493,2021,3,28,7,15,3,2,5,506,99,2,42,7,7,9,68,7
7494,2021,3,28,7,3,1,1,10,1004,99,2,28,4,4,6,68,7
7495,2021,3,28,7,1,1,1,13,1301,99,2,999,12,16,18,68,7
7496,2021,3,28,7,1,1,1,13,1301,99,2,72,11,13,15,68,7
7497,2021,3,28,7,18,4,3,17,1703,99,2,23,3,3,5,68,7
7498,2021,3,28,7,21,4,3,17,1714,99,1,999,12,16,18,68,7
7499,2021,3,28,7,0,1,1,4,403,99,2,43,7,7,9,68,7
7500,2021,3,29,1,22,4,3,13,1309,99,2,42,7,7,9,68,7
7501,2021,3,29,1,3,1,1,17,1713,99,2,22,3,3,5,68,7
7502,2021,3,29,1,1,1,1,17,1711,99,2,999,12,16,18,68,7
7503,2021,3,29,1,14,3,2,4,401,99,2,18,2,2,4,68,7
7504,2021,3,30,2,22,4,3,10,1020,99,1,78,11,14,16,68,7
7505,2021,3,31,3,23,4,3,1,101,6,2,25,4,4,6,68,7
7506,2021,3,31,3,19,4,3,12,1215,99,2,33,5,5,7,68,7
7507,2021,3,1,1,23,4,3,1,117,99,2,20,3,3,5,93,7
7508,2021,3,1,1,9,2,1,17,1703,99,2,21,3,3,5,93,7
7509,2021,3,1,1,15,3,2,7,719,99,1,16,2,2,4,88,7
7510,2021,3,3,3,18,4,3,1,101,25,2,16,2,2,4,88,7
7511,2021,3,3,3,21,4,3,1,115,99,1,16,2,2,4,112,7
7512,2021,3,3,3,23,4,3,1,108,99,1,29,4,4,6,86,7
7513,2021,3,4,4,20,4,3,1,101,3,1,60,11,11,13,88,7
7514,2021,3,4,4,15,3,2,15,1507,99,2,15,2,2,4,88,7
7515,2021,3,6,6,11,2,1,1,101,7,1,48,8,8,10,87,7
7516,2021,3,7,7,9,2,1,18,1801,99,1,52,9,9,11,88,7
7517,2021,3,7,7,10,2,1,4,407,99,1,19,2,2,4,88,7
7518,2021,3,9,2,1,1,1,4,412,99,1,18,2,2,4,88,7
7519,2021,3,10,3,16,3,2,16,1609,99,1,15,2,2,4,88,7
7520,2021,3,10,3,0,1,1,4,409,99,1,17,2,2,4,93,7
7521,2021,3,15,1,19,4,3,1,101,18,2,19,2,2,4,112,7
7522,2021,3,15,1,1,1,1,1,113,99,1,27,4,4,6,88,7
7523,2021,3,15,1,21,4,3,12,1215,99,1,19,2,2,4,87,7
7524,2021,3,16,2,6,2,1,6,614,99,2,15,2,2,4,93,7
7525,2021,3,17,3,15,3,2,1,105,99,2,18,2,2,4,113,7
7526,2021,3,17,3,15,3,2,1,108,99,1,20,3,3,5,88,7
7527,2021,3,17,3,14,3,2,4,413,99,1,17,2,2,4,88,7
7528,2021,3,18,4,13,3,2,1,114,99,1,21,3,3,5,88,7
7529,2021,3,18,4,21,4,3,2,203,99,1,28,4,4,6,86,7
7530,2021,3,18,4,21,4,3,9,901,99,2,12,1,1,3,88,7
7531,2021,3,21,7,13,3,2,1,107,99,2,47,8,8,10,93,7
7532,2021,3,21,7,7,2,1,20,2001,99,1,34,5,5,7,88,7
7533,2021,3,21,7,12,3,2,18,1801,99,1,42,7,7,9,88,7
7534,2021,3,21,7,10,2,1,17,1706,99,1,999,12,16,18,87,7
7535,2021,3,21,7,19,4,3,7,710,99,2,15,2,2,4,88,7
7536,2021,3,23,2,5,1,1,1,101,8,1,29,4,4,6,93,7
7537,2021,3,23,2,20,4,3,1,117,99,2,13,1,1,3,93,7
7538,2021,3,23,2,19,4,3,4,401,99,2,45,8,8,10,93,7
7539,2021,3,23,2,18,4,3,3,301,99,1,14,1,1,3,88,7
7540,2021,3,24,3,3,1,1,19,1902,99,1,28,4,4,6,88,7
7541,2021,3,24,3,9,2,1,18,1803,99,2,26,4,4,6,88,7
7542,2021,3,26,5,0,1,1,1,101,7,1,28,4,4,6,87,7
7543,2021,3,26,5,1,1,1,16,1609,99,1,33,5,5,7,88,7
7544,2021,3,27,6,2,1,1,1,101,17,1,43,7,7,9,106,7
7545,2021,3,27,6,7,2,1,1,103,99,2,21,3,3,5,88,7
7546,2021,3,27,6,22,4,3,19,1906,99,1,15,2,2,4,88,7
7547,2021,3,27,6,8,2,1,5,505,99,2,21,3,3,5,88,7
7548,2021,3,28,7,18,4,3,1,108,99,1,35,6,6,8,112,7
7549,2021,3,28,7,19,4,3,6,601,99,1,25,4,4,6,88,7
7550,2021,3,28,7,2,1,1,17,1704,99,1,43,7,7,9,93,7
7551,2021,3,30,2,3,1,1,1,110,99,1,13,1,1,3,88,7
7552,2021,3,30,2,13,3,2,4,415,99,1,33,5,5,7,88,7
7553,2021,3,30,2,22,4,3,4,401,99,2,24,3,3,5,88,7
7554,2021,3,30,2,21,4,3,4,406,99,1,18,2,2,4,93,7
7555,2021,3,31,3,20,4,3,1,101,7,2,22,3,3,5,88,7
7556,2021,3,3,3,20,4,3,1,108,99,1,51,9,9,11,97,6
7557,2021,3,4,4,9,2,1,1,108,99,2,999,12,16,18,97,6
7558,2021,3,1,1,12,3,2,12,1212,99,2,43,7,7,9,104,6
7559,2021,3,3,3,9,2,1,9,920,99,1,999,12,16,18,104,6
7560,2021,3,3,3,18,4,3,12,1220,99,1,23,3,3,5,104,6
7561,2021,3,3,3,9,2,1,12,1220,99,1,26,4,4,6,104,6
7562,2021,3,3,3,9,2,1,12,1212,99,1,28,4,4,6,104,6
7563,2021,3,3,3,11,2,1,12,1218,99,1,39,6,6,8,104,6
7564,2021,3,3,3,99,5,4,9,920,99,2,25,4,4,6,104,6
7565,2021,3,3,3,99,5,4,9,920,99,2,28,4,4,6,104,6
7566,2021,3,3,3,13,3,2,9,920,99,2,51,9,9,11,104,6
7567,2021,3,3,3,11,2,1,9,917,99,2,34,5,5,7,104,6
7568,2021,3,4,4,13,3,2,9,920,99,2,999,12,16,18,104,6
7569,2021,3,4,4,15,3,2,9,921,99,2,54,9,9,11,104,6
7570,2021,3,4,4,11,2,1,12,1217,99,1,64,11,11,13,104,6
7571,2021,3,5,5,12,3,2,11,1101,99,1,30,5,5,7,104,6
7572,2021,3,6,6,14,3,2,9,922,99,1,25,4,4,6,104,6
7573,2021,3,6,6,9,2,1,12,1222,99,1,35,6,6,8,104,6
7574,2021,3,6,6,13,3,2,9,920,99,2,16,2,2,4,104,6
7575,2021,3,7,7,11,2,1,12,1217,99,2,31,5,5,7,104,6
7576,2021,3,8,1,14,3,2,9,922,99,2,69,11,12,14,104,6
7577,2021,3,6,6,99,5,4,1,110,99,1,999,12,16,18,97,6
7578,2021,3,2,2,16,3,2,2,201,99,1,22,3,3,5,104,6
7579,2021,3,2,2,19,4,3,2,202,99,1,25,4,4,6,104,6
7580,2021,3,2,2,12,3,2,2,202,99,1,38,6,6,8,104,6
7581,2021,3,6,6,21,4,3,2,203,99,2,31,5,5,7,104,6
7582,2021,3,8,1,10,2,1,9,920,99,1,39,6,6,8,104,6
7583,2021,3,9,2,18,4,3,12,1212,99,1,46,8,8,10,104,6
7584,2021,3,9,2,12,3,2,12,1220,99,1,37,6,6,8,104,6
7585,2021,3,10,3,14,3,2,12,1213,99,1,28,4,4,6,104,6
7586,2021,3,11,4,9,2,1,9,920,99,2,26,4,4,6,104,6
7587,2021,3,12,5,12,3,2,12,1218,99,2,43,7,7,9,104,6
7588,2021,3,13,6,17,3,2,12,1220,99,2,44,7,7,9,104,6
7589,2021,3,14,7,9,2,1,9,917,99,2,30,5,5,7,104,6
7590,2021,3,14,7,13,3,2,12,1220,99,2,34,5,5,7,104,6
7591,2021,3,16,2,11,2,1,12,1217,99,1,22,3,3,5,104,6
7592,2021,3,16,2,11,2,1,12,1230,99,1,27,4,4,6,104,6
7593,2021,3,16,2,13,3,2,9,920,99,2,999,12,16,18,104,6
7594,2021,3,16,2,11,2,1,12,1218,99,1,24,3,3,5,104,6
7595,2021,3,18,4,14,3,2,12,1212,99,1,29,4,4,6,104,6
7596,2021,3,18,4,99,5,4,12,1230,99,2,58,10,10,12,104,6
7597,2021,3,19,5,19,4,3,12,1220,99,1,48,8,8,10,104,6
7598,2021,3,19,5,9,2,1,12,1222,99,2,63,11,11,13,104,6
7599,2021,3,21,7,15,3,2,12,1220,99,2,52,9,9,11,104,6
7600,2021,3,18,4,16,3,2,1,108,99,1,51,9,9,11,104,6
7601,2021,3,19,5,20,4,3,1,108,99,1,43,7,7,9,97,6
7602,2021,3,6,6,8,2,1,2,207,99,1,31,5,5,7,74,6
7603,2021,3,9,2,99,5,4,2,204,99,2,22,3,3,5,74,6
7604,2021,3,12,5,99,5,4,2,207,99,2,43,7,7,9,74,6
7605,2021,3,20,6,8,2,1,2,207,99,2,29,4,4,6,74,6
7606,2021,3,2,2,15,3,2,7,710,99,2,23,3,3,5,97,6
7607,2021,3,3,3,11,2,1,7,718,99,1,34,5,5,7,104,6
7608,2021,3,3,3,20,4,3,7,718,99,1,28,4,4,6,97,6
7609,2021,3,12,5,14,3,2,7,705,99,1,41,7,7,9,74,6
7610,2021,3,15,1,11,2,1,7,710,99,1,45,8,8,10,97,6
7611,2021,3,12,5,15,3,2,7,701,99,1,30,5,5,7,104,6
7612,2021,3,18,4,15,3,2,7,701,99,1,46,8,8,10,97,6
7613,2021,3,22,1,17,3,2,7,701,99,1,38,6,6,8,97,6
7614,2021,3,3,3,18,4,3,13,1302,99,1,25,4,4,6,74,6
7615,2021,3,4,4,9,2,1,13,1301,99,1,22,3,3,5,74,6
7616,2021,3,5,5,13,3,2,13,1316,99,2,64,11,11,13,74,6
7617,2021,3,10,3,14,3,2,13,1301,99,2,46,8,8,10,74,6
7618,2021,3,19,5,14,3,2,13,1307,99,1,33,5,5,7,97,6
7619,2021,3,23,2,15,3,2,13,1318,99,1,28,4,4,6,74,6
7620,2021,3,24,3,16,3,2,13,1301,99,1,26,4,4,6,74,6
7621,2021,3,26,5,8,2,1,13,1301,99,1,27,4,4,6,104,6
7622,2021,3,26,5,12,3,2,13,1323,99,1,40,7,7,9,104,6
7623,2021,3,26,5,11,2,1,13,1301,99,1,21,3,3,5,97,6
7624,2021,3,28,7,12,3,2,13,1330,99,1,24,3,3,5,74,6
7625,2021,3,24,3,8,2,1,7,710,99,1,24,3,3,5,97,6
7626,2021,3,13,6,12,3,2,20,2007,99,1,59,10,10,12,105,6
7627,2021,3,17,3,14,3,2,20,2002,99,1,47,8,8,10,105,6
7628,2021,3,23,2,9,2,1,20,2001,99,1,19,2,2,4,105,6
7629,2021,3,31,3,10,2,1,20,2001,99,1,40,7,7,9,105,6
7630,2021,3,2,2,16,3,2,12,1211,99,2,28,4,4,6,104,6
7631,2021,3,2,2,16,3,2,12,1205,99,1,47,8,8,10,74,6
7632,2021,3,2,2,21,4,3,12,1213,99,1,29,4,4,6,97,6
7633,2021,3,3,3,10,2,1,12,1202,99,2,26,4,4,6,104,6
7634,2021,3,3,3,14,3,2,12,1210,99,1,50,9,9,11,104,6
7635,2021,3,4,4,99,5,4,12,1229,99,1,999,12,16,18,104,6
7636,2021,3,4,4,17,3,2,12,1201,99,1,40,7,7,9,104,6
7637,2021,3,5,5,11,2,1,12,1219,99,1,28,4,4,6,97,6
7638,2021,3,5,5,14,3,2,12,1219,99,2,27,4,4,6,74,6
7639,2021,3,5,5,11,2,1,12,1215,99,1,999,12,16,18,104,6
7640,2021,3,5,5,18,4,3,12,1202,99,1,21,3,3,5,104,6
7641,2021,3,7,7,9,2,1,12,1202,99,1,35,6,6,8,104,6
7642,2021,3,7,7,9,2,1,12,1201,99,2,20,3,3,5,104,6
7643,2021,3,8,1,13,3,2,12,1202,99,2,30,5,5,7,104,6
7644,2021,3,8,1,13,3,2,12,1201,99,1,27,4,4,6,104,6
7645,2021,3,8,1,15,3,2,12,1202,99,2,73,11,13,15,104,6
7646,2021,3,8,1,16,3,2,12,1201,99,1,999,12,16,18,97,6
7647,2021,3,9,2,23,4,3,12,1219,99,2,27,4,4,6,104,6
7648,2021,3,9,2,13,3,2,12,1201,99,1,32,5,5,7,74,6
7649,2021,3,10,3,17,3,2,12,1201,99,2,52,9,9,11,97,6
7650,2021,3,11,4,11,2,1,12,1201,99,1,999,12,16,18,104,6
7651,2021,3,11,4,15,3,2,12,1202,99,2,30,5,5,7,104,6
7652,2021,3,12,5,10,2,1,12,1202,99,1,22,3,3,5,104,6
7653,2021,3,12,5,20,4,3,12,1213,99,2,40,7,7,9,104,6
7654,2021,3,14,7,18,4,3,12,1201,99,2,18,2,2,4,74,6
7655,2021,3,15,1,10,2,1,12,1216,99,2,34,5,5,7,104,6
7656,2021,3,16,2,15,3,2,12,1202,99,1,999,12,16,18,105,6
7657,2021,3,18,4,99,5,4,12,1216,99,2,999,12,16,18,74,6
7658,2021,3,18,4,14,3,2,12,1201,99,1,26,4,4,6,104,6
7659,2021,3,18,4,11,2,1,12,1214,99,1,999,12,16,18,74,6
7660,2021,3,18,4,11,2,1,12,1201,99,1,29,4,4,6,97,6
7661,2021,3,19,5,16,3,2,12,1215,99,1,45,8,8,10,104,6
7662,2021,3,22,1,9,2,1,12,1227,99,2,999,12,16,18,104,6
7663,2021,3,23,2,11,2,1,12,1205,99,1,58,10,10,12,104,6
7664,2021,3,23,2,14,3,2,12,1213,99,1,20,3,3,5,104,6
7665,2021,3,25,4,10,2,1,12,1216,99,1,999,12,16,18,104,6
7666,2021,3,25,4,11,2,1,12,1202,99,1,33,5,5,7,104,6
7667,2021,3,25,4,15,3,2,12,1202,99,1,23,3,3,5,104,6
7668,2021,3,25,4,20,4,3,12,1201,99,1,20,3,3,5,104,6
7669,2021,3,26,5,20,4,3,12,1213,99,2,30,5,5,7,104,6
7670,2021,3,27,6,17,3,2,12,1215,99,2,26,4,4,6,104,6
7671,2021,3,27,6,10,2,1,12,1202,99,2,33,5,5,7,104,6
7672,2021,3,30,2,10,2,1,12,1219,99,1,999,12,16,18,97,6
7673,2021,3,30,2,8,2,1,12,1204,99,1,999,12,16,18,104,6
7674,2021,3,30,2,16,3,2,13,1301,99,1,20,3,3,5,104,6
7675,2021,3,1,1,11,2,1,14,1412,99,2,999,12,16,18,74,6
7676,2021,3,1,1,14,3,2,14,1413,99,1,49,8,8,10,74,6
7677,2021,3,3,3,21,4,3,14,1406,99,1,39,6,6,8,74,6
7678,2021,3,6,6,9,2,1,14,1406,99,1,43,7,7,9,74,6
7679,2021,3,8,1,15,3,2,14,1413,99,1,45,8,8,10,74,6
7680,2021,3,10,3,8,2,1,14,1401,99,1,30,5,5,7,74,6
7681,2021,3,10,3,10,2,1,14,1401,99,1,30,5,5,7,74,6
7682,2021,3,10,3,19,4,3,14,1406,99,1,42,7,7,9,74,6
7683,2021,3,11,4,13,3,2,14,1414,99,1,45,8,8,10,74,6
7684,2021,3,12,5,13,3,2,14,1418,99,1,37,6,6,8,74,6
7685,2021,3,12,5,15,3,2,14,1408,99,1,29,4,4,6,74,6
7686,2021,3,12,5,15,3,2,14,1401,99,1,37,6,6,8,74,6
7687,2021,3,15,1,16,3,2,14,1406,99,1,36,6,6,8,74,6
7688,2021,3,18,4,11,2,1,14,1413,99,1,31,5,5,7,74,6
7689,2021,3,20,6,17,3,2,14,1413,99,1,24,3,3,5,74,6
7690,2021,3,25,4,11,2,1,14,1406,99,2,999,12,16,18,74,6
7691,2021,3,29,1,16,3,2,14,1413,99,2,25,4,4,6,74,6
7692,2021,3,29,1,17,3,2,14,1414,99,1,77,11,14,16,74,6
7693,2021,3,30,2,10,2,1,14,1404,99,1,51,9,9,11,74,6
7694,2021,3,1,1,12,3,2,3,314,99,1,20,3,3,5,74,6
7695,2021,3,2,2,12,3,2,3,301,99,1,999,12,16,18,74,6
7696,2021,3,2,2,16,3,2,3,301,99,1,29,4,4,6,74,6
7697,2021,3,4,4,14,3,2,3,310,99,2,34,5,5,7,74,6
7698,2021,3,4,4,16,3,2,3,301,99,2,48,8,8,10,74,6
7699,2021,3,5,5,9,2,1,3,314,99,2,38,6,6,8,74,6
7700,2021,3,5,5,16,3,2,3,314,99,2,31,5,5,7,74,6
7701,2021,3,6,6,13,3,2,3,301,99,1,42,7,7,9,74,6
7702,2021,3,6,6,8,2,1,3,314,99,1,26,4,4,6,74,6
7703,2021,3,8,1,16,3,2,3,304,99,1,21,3,3,5,74,6
7704,2021,3,9,2,16,3,2,3,307,99,2,41,7,7,9,74,6
7705,2021,3,10,3,14,3,2,3,308,99,1,36,6,6,8,74,6
7706,2021,3,11,4,11,2,1,3,312,99,1,22,3,3,5,74,6
7707,2021,3,11,4,11,2,1,3,314,99,1,39,6,6,8,74,6
7708,2021,3,11,4,12,3,2,3,302,99,2,25,4,4,6,74,6
7709,2021,3,13,6,11,2,1,3,314,99,1,34,5,5,7,74,6
7710,2021,3,13,6,13,3,2,3,302,99,1,19,2,2,4,74,6
7711,2021,3,15,1,12,3,2,3,316,99,1,31,5,5,7,74,6
7712,2021,3,16,2,13,3,2,3,301,99,1,61,11,11,13,74,6
7713,2021,3,17,3,11,2,1,3,308,99,2,55,10,10,12,74,6
7714,2021,3,17,3,13,3,2,3,301,99,1,40,7,7,9,74,6
7715,2021,3,17,3,14,3,2,3,308,99,2,28,4,4,6,74,6
7716,2021,3,19,5,15,3,2,3,313,99,2,24,3,3,5,74,6
7717,2021,3,21,7,12,3,2,3,310,99,1,41,7,7,9,74,6
7718,2021,3,21,7,14,3,2,3,301,99,1,43,7,7,9,74,6
7719,2021,3,22,1,9,2,1,3,301,99,1,30,5,5,7,74,6
7720,2021,3,22,1,19,4,3,3,312,99,2,36,6,6,8,74,6
7721,2021,3,22,1,17,3,2,3,301,99,1,37,6,6,8,74,6
7722,2021,3,23,2,13,3,2,3,308,99,1,36,6,6,8,74,6
7723,2021,3,24,3,15,3,2,3,314,99,2,32,5,5,7,74,6
7724,2021,3,24,3,15,3,2,3,301,99,2,48,8,8,10,74,6
7725,2021,3,24,3,99,5,4,3,302,99,1,43,7,7,9,74,6
7726,2021,3,25,4,11,2,1,3,313,99,2,34,5,5,7,74,6
7727,2021,3,25,4,10,2,1,3,306,99,2,41,7,7,9,74,6
7728,2021,3,27,6,10,2,1,3,301,99,1,28,4,4,6,74,6
7729,2021,3,27,6,12,3,2,3,314,99,2,24,3,3,5,74,6
7730,2021,3,27,6,12,3,2,3,307,99,1,40,7,7,9,74,6
7731,2021,3,27,6,0,1,1,3,314,99,1,22,3,3,5,74,6
7732,2021,3,28,7,6,2,1,3,316,99,2,35,6,6,8,74,6
7733,2021,3,28,7,6,2,1,3,316,99,2,40,7,7,9,74,6
7734,2021,3,28,7,6,2,1,3,316,99,2,40,7,7,9,74,6
7735,2021,3,28,7,14,3,2,3,301,99,1,45,8,8,10,74,6
7736,2021,3,29,1,9,2,1,3,314,99,1,26,4,4,6,74,6
7737,2021,3,29,1,13,3,2,3,301,99,1,29,4,4,6,74,6
7738,2021,3,29,1,16,3,2,3,301,99,1,34,5,5,7,74,6
7739,2021,3,29,1,16,3,2,3,301,99,2,47,8,8,10,74,6
7740,2021,3,30,2,14,3,2,7,718,99,1,27,4,4,6,97,6
7741,2021,3,10,3,13,3,2,8,801,99,1,19,2,2,4,104,6
7742,2021,3,14,7,13,3,2,8,805,99,2,58,10,10,12,104,6
7743,2021,3,18,4,15,3,2,8,801,99,2,47,8,8,10,104,6
7744,2021,3,25,4,14,3,2,8,801,99,1,39,6,6,8,104,6
7745,2021,3,29,1,8,2,1,8,801,99,1,39,6,6,8,104,6
7746,2021,3,29,1,18,4,3,8,801,99,1,28,4,4,6,104,6
7747,2021,3,28,7,10,2,1,1,114,99,2,38,6,6,8,97,6
7748,2021,3,2,2,2,1,1,1,117,99,1,75,11,14,16,104,6
7749,2021,3,2,2,2,1,1,1,114,99,9,999,12,16,18,104,6
7750,2021,3,2,2,11,2,1,1,115,99,9,999,12,16,18,104,6
7751,2021,3,1,1,19,4,3,1,116,99,9,999,12,16,18,104,6
7752,2021,3,13,6,14,3,2,1,114,99,2,51,9,9,11,104,6
7753,2021,3,3,3,15,3,2,1,115,99,9,999,12,16,18,104,6
7754,2021,3,2,2,9,2,1,1,114,99,2,33,5,5,7,104,6
7755,2021,3,26,5,8,2,1,1,115,99,9,999,12,16,18,104,6
7756,2021,3,26,5,99,5,4,1,114,99,1,999,12,16,18,104,6
7757,2021,3,3,3,16,3,2,1,114,99,1,40,7,7,9,104,6
7758,2021,3,8,1,15,3,2,1,114,99,2,43,7,7,9,104,6
7759,2021,3,9,2,14,3,2,1,114,99,2,20,3,3,5,104,6
7760,2021,3,8,1,11,2,1,1,115,99,9,999,12,16,18,104,6
7761,2021,3,10,3,19,4,3,1,114,99,9,999,12,16,18,104,6
7762,2021,3,10,3,10,2,1,1,114,99,9,999,12,16,18,104,6
7763,2021,3,11,4,13,3,2,1,117,99,1,24,3,3,5,104,6
7764,2021,3,25,4,9,2,1,1,114,99,1,80,11,15,17,104,6
7765,2021,3,10,3,14,3,2,1,114,99,1,27,4,4,6,104,6
7766,2021,3,10,3,17,3,2,1,114,99,9,999,12,16,18,97,6
7767,2021,3,11,4,15,3,2,1,115,99,9,999,12,16,18,104,6
7768,2021,3,12,5,10,2,1,1,114,99,2,20,3,3,5,104,6
7769,2021,3,16,2,11,2,1,1,114,99,1,30,5,5,7,104,6
7770,2021,3,15,1,8,2,1,1,115,99,1,55,10,10,12,104,6
7771,2021,3,20,6,14,3,2,1,114,99,2,23,3,3,5,104,6
7772,2021,3,20,6,13,3,2,1,114,99,2,39,6,6,8,104,6
7773,2021,3,22,1,14,3,2,1,117,99,2,20,3,3,5,104,6
7774,2021,3,22,1,8,2,1,1,114,99,1,28,4,4,6,104,6
7775,2021,3,22,1,13,3,2,1,114,99,2,42,7,7,9,104,6
7776,2021,3,22,1,10,2,1,1,115,99,1,30,5,5,7,97,6
7777,2021,3,29,1,99,5,4,1,114,99,1,31,5,5,7,104,6
7778,2021,3,3,3,9,2,1,1,114,99,1,29,4,4,6,104,6
7779,2021,3,31,3,99,5,4,1,116,99,2,40,7,7,9,104,6
7780,2021,3,30,2,17,3,2,1,114,99,1,40,7,7,9,97,6
7781,2021,3,4,4,10,2,1,19,1901,99,1,30,5,5,7,74,6
7782,2021,3,9,2,12,3,2,19,1901,99,1,43,7,7,9,104,6
7783,2021,3,17,3,15,3,2,19,1908,99,2,24,3,3,5,104,6
7784,2021,3,19,5,8,2,1,19,1908,99,1,30,5,5,7,74,6
7785,2021,3,19,5,14,3,2,19,1901,99,2,34,5,5,7,74,6
7786,2021,3,22,1,12,3,2,19,1901,99,1,60,11,11,13,104,6
7787,2021,3,23,2,10,2,1,19,1908,99,2,48,8,8,10,74,6
7788,2021,3,24,3,9,2,1,19,1908,99,1,46,8,8,10,74,6
7789,2021,3,26,5,10,2,1,19,1902,99,1,28,4,4,6,74,6
7790,2021,3,26,5,11,2,1,19,1901,99,2,30,5,5,7,74,6
7791,2021,3,30,2,14,3,2,19,1901,99,1,30,5,5,7,104,6
7792,2021,3,31,3,11,2,1,19,1906,99,1,23,3,3,5,74,6
7793,2021,3,1,1,11,2,1,1,108,99,1,44,7,7,9,97,6
7794,2021,3,1,1,13,3,2,1,101,6,1,32,5,5,7,97,6
7795,2021,3,1,1,13,3,2,1,114,99,1,52,9,9,11,104,6
7796,2021,3,1,1,14,3,2,1,101,18,2,38,6,6,8,104,6
7797,2021,3,1,1,14,3,2,1,107,99,1,25,4,4,6,104,6
7798,2021,3,1,1,15,3,2,1,108,99,2,40,7,7,9,97,6
7799,2021,3,1,1,15,3,2,1,101,18,1,33,5,5,7,104,6
7800,2021,3,1,1,16,3,2,1,101,8,1,39,6,6,8,104,6
7801,2021,3,1,1,19,4,3,1,101,14,2,23,3,3,5,104,6
7802,2021,3,1,1,20,4,3,1,102,99,1,28,4,4,6,97,6
7803,2021,3,1,1,20,4,3,1,101,6,2,30,5,5,7,104,6
7804,2021,3,1,1,20,4,3,1,101,18,1,27,4,4,6,97,6
7805,2021,3,1,1,20,4,3,1,101,13,1,999,12,16,18,97,6
7806,2021,3,1,1,22,4,3,1,101,3,2,31,5,5,7,97,6
7807,2021,3,1,1,23,4,3,1,101,3,2,27,4,4,6,104,6
7808,2021,3,2,2,11,2,1,1,101,10,1,49,8,8,10,97,6
7809,2021,3,2,2,13,3,2,1,101,21,2,40,7,7,9,104,6
7810,2021,3,2,2,13,3,2,1,101,1,2,22,3,3,5,104,6
7811,2021,3,2,2,13,3,2,1,101,6,1,20,3,3,5,97,6
7812,2021,3,2,2,13,3,2,1,101,16,2,69,11,12,14,104,6
7813,2021,3,2,2,15,3,2,1,101,10,1,30,5,5,7,104,6
7814,2021,3,2,2,15,3,2,1,101,7,2,28,4,4,6,104,6
7815,2021,3,2,2,15,3,2,1,101,99,1,74,11,13,15,104,6
7816,2021,3,2,2,16,3,2,1,101,99,1,30,5,5,7,104,6
7817,2021,3,2,2,16,3,2,1,105,99,2,28,4,4,6,97,6
7818,2021,3,2,2,17,3,2,1,101,7,1,44,7,7,9,97,6
7819,2021,3,2,2,7,2,1,1,106,99,2,36,6,6,8,104,6
7820,2021,3,2,2,18,4,3,1,101,4,1,27,4,4,6,97,6
7821,2021,3,2,2,18,4,3,1,101,18,1,55,10,10,12,104,6
7822,2021,3,3,3,11,2,1,1,101,10,2,42,7,7,9,104,6
7823,2021,3,3,3,11,2,1,1,101,5,2,50,9,9,11,104,6
7824,2021,3,3,3,12,3,2,1,101,5,2,54,9,9,11,104,6
7825,2021,3,3,3,14,3,2,1,101,1,1,29,4,4,6,104,6
7826,2021,3,3,3,14,3,2,1,101,18,1,34,5,5,7,104,6
7827,2021,3,3,3,17,3,2,1,101,1,1,67,11,12,14,104,6
7828,2021,3,3,3,17,3,2,1,101,4,1,29,4,4,6,104,6
7829,2021,3,3,3,17,3,2,1,102,99,1,32,5,5,7,104,6
7830,2021,3,3,3,17,3,2,1,101,99,1,52,9,9,11,104,6
7831,2021,3,3,3,17,3,2,1,101,17,1,48,8,8,10,104,6
7832,2021,3,3,3,17,3,2,1,101,18,2,53,9,9,11,104,6
7833,2021,3,3,3,17,3,2,1,101,21,1,25,4,4,6,97,6
7834,2021,3,3,3,17,3,2,1,101,11,1,36,6,6,8,104,6
7835,2021,3,3,3,19,4,3,1,101,18,2,33,5,5,7,97,6
7836,2021,3,3,3,20,4,3,1,107,99,2,27,4,4,6,97,6
7837,2021,3,3,3,21,4,3,1,101,18,2,29,4,4,6,104,6
7838,2021,3,3,3,21,4,3,1,101,1,1,36,6,6,8,104,6
7839,2021,3,3,3,21,4,3,1,101,5,1,64,11,11,13,104,6
7840,2021,3,3,3,22,4,3,1,106,99,1,50,9,9,11,104,6
7841,2021,3,4,4,10,2,1,1,115,99,1,57,10,10,12,104,6
7842,2021,3,4,4,11,2,1,1,101,7,1,32,5,5,7,97,6
7843,2021,3,4,4,12,3,2,1,116,99,1,21,3,3,5,97,6
7844,2021,3,4,4,13,3,2,1,117,99,2,58,10,10,12,104,6
7845,2021,3,4,4,15,3,2,1,101,14,1,48,8,8,10,104,6
7846,2021,3,4,4,15,3,2,1,102,99,1,20,3,3,5,97,6
7847,2021,3,4,4,16,3,2,1,101,6,1,33,5,5,7,97,6
7848,2021,3,4,4,17,3,2,1,101,9,1,36,6,6,8,99,6
7849,2021,3,4,4,17,3,2,1,101,18,1,36,6,6,8,104,6
7850,2021,3,4,4,18,4,3,1,101,16,1,31,5,5,7,104,6
7851,2021,3,4,4,21,4,3,1,101,99,1,47,8,8,10,97,6
7852,2021,3,4,4,23,4,3,1,103,99,2,20,3,3,5,104,6
7853,2021,3,5,5,8,2,1,20,2011,99,1,30,5,5,7,104,6
7854,2021,3,5,5,10,2,1,1,101,11,1,47,8,8,10,97,6
7855,2021,3,5,5,13,3,2,1,101,1,1,47,8,8,10,97,6
7856,2021,3,5,5,13,3,2,1,116,99,1,42,7,7,9,95,6
7857,2021,3,5,5,13,3,2,1,103,99,1,64,11,11,13,104,6
7858,2021,3,5,5,14,3,2,1,101,1,1,28,4,4,6,104,6
7859,2021,3,5,5,17,3,2,1,101,16,1,27,4,4,6,104,6
7860,2021,3,5,5,17,3,2,1,101,99,1,28,4,4,6,97,6
7861,2021,3,5,5,21,4,3,1,101,10,1,30,5,5,7,104,6
7862,2021,3,5,5,21,4,3,1,101,19,1,34,5,5,7,104,6
7863,2021,3,5,5,21,4,3,1,101,11,1,35,6,6,8,104,6
7864,2021,3,6,6,16,3,2,1,101,1,1,23,3,3,5,104,6
7865,2021,3,6,6,16,3,2,1,103,99,1,52,9,9,11,97,6
7866,2021,3,6,6,17,3,2,1,101,8,2,47,8,8,10,104,6
7867,2021,3,6,6,21,4,3,1,101,12,1,26,4,4,6,104,6
7868,2021,3,7,7,11,2,1,1,105,99,1,45,8,8,10,104,6
7869,2021,3,7,7,15,3,2,1,101,16,1,37,6,6,8,104,6
7870,2021,3,7,7,15,3,2,1,106,99,1,42,7,7,9,97,6
7871,2021,3,7,7,16,3,2,1,101,6,2,26,4,4,6,97,6
7872,2021,3,7,7,16,3,2,1,117,99,1,43,7,7,9,104,6
7873,2021,3,7,7,16,3,2,1,108,99,1,46,8,8,10,97,6
7874,2021,3,8,1,12,3,2,1,101,4,1,28,4,4,6,104,6
7875,2021,3,8,1,13,3,2,1,106,99,1,28,4,4,6,97,6
7876,2021,3,8,1,14,3,2,1,103,99,1,27,4,4,6,104,6
7877,2021,3,8,1,15,3,2,1,101,16,2,32,5,5,7,97,6
7878,2021,3,8,1,16,3,2,1,101,1,2,24,3,3,5,97,6
7879,2021,3,8,1,17,3,2,1,108,99,1,33,5,5,7,97,6
7880,2021,3,8,1,17,3,2,1,101,99,1,30,5,5,7,104,6
7881,2021,3,8,1,17,3,2,1,103,99,1,35,6,6,8,104,6
7882,2021,3,8,1,17,3,2,1,101,7,1,36,6,6,8,104,6
7883,2021,3,8,1,17,3,2,1,101,13,1,24,3,3,5,104,6
7884,2021,3,8,1,20,4,3,1,105,99,1,24,3,3,5,97,6
7885,2021,3,8,1,21,4,3,1,101,18,2,32,5,5,7,97,6
7886,2021,3,8,1,21,4,3,1,101,1,2,30,5,5,7,97,6
7887,2021,3,8,1,21,4,3,1,115,99,1,43,7,7,9,104,6
7888,2021,3,8,1,21,4,3,1,101,21,2,41,7,7,9,104,6
7889,2021,3,8,1,21,4,3,1,101,99,1,34,5,5,7,104,6
7890,2021,3,9,2,9,2,1,1,103,99,1,21,3,3,5,104,6
7891,2021,3,9,2,11,2,1,1,101,21,2,20,3,3,5,104,6
7892,2021,3,9,2,14,3,2,1,101,1,2,35,6,6,8,97,6
7893,2021,3,9,2,14,3,2,1,101,18,1,37,6,6,8,97,6
7894,2021,3,9,2,16,3,2,1,101,9,2,38,6,6,8,97,6
7895,2021,3,9,2,16,3,2,1,117,99,2,31,5,5,7,104,6
7896,2021,3,9,2,16,3,2,1,101,3,2,67,11,12,14,97,6
7897,2021,3,9,2,16,3,2,1,102,99,1,51,9,9,11,97,6
7898,2021,3,9,2,17,3,2,1,102,99,1,38,6,6,8,97,6
7899,2021,3,9,2,17,3,2,1,101,1,1,26,4,4,6,97,6
7900,2021,3,9,2,17,3,2,1,101,2,1,33,5,5,7,104,6
7901,2021,3,9,2,17,3,2,1,101,7,1,25,4,4,6,104,6
7902,2021,3,9,2,18,4,3,1,101,10,2,59,10,10,12,97,6
7903,2021,3,9,2,20,4,3,1,101,5,1,33,5,5,7,97,6
7904,2021,3,9,2,21,4,3,1,101,14,1,35,6,6,8,104,6
7905,2021,3,9,2,21,4,3,1,101,99,2,28,4,4,6,104,6
7906,2021,3,10,3,11,2,1,1,101,99,1,44,7,7,9,104,6
7907,2021,3,10,3,12,3,2,1,101,5,1,40,7,7,9,104,6
7908,2021,3,10,3,13,3,2,1,101,16,2,29,4,4,6,104,6
7909,2021,3,10,3,13,3,2,1,101,1,1,32,5,5,7,97,6
7910,2021,3,10,3,18,4,3,1,101,18,2,44,7,7,9,97,6
7911,2021,3,10,3,18,4,3,1,101,21,2,57,10,10,12,97,6
7912,2021,3,10,3,20,4,3,1,101,1,2,58,10,10,12,97,6
7913,2021,3,10,3,20,4,3,1,101,18,1,45,8,8,10,104,6
7914,2021,3,10,3,21,4,3,1,101,25,2,999,12,16,18,104,6
7915,2021,3,10,3,21,4,3,1,101,18,1,30,5,5,7,104,6
7916,2021,3,10,3,21,4,3,1,101,11,1,31,5,5,7,97,6
7917,2021,3,10,3,21,4,3,1,101,99,1,55,10,10,12,104,6
7918,2021,3,10,3,21,4,3,1,101,4,1,35,6,6,8,104,6
7919,2021,3,10,3,11,2,1,1,101,3,1,34,5,5,7,104,6
7920,2021,3,10,3,22,4,3,1,101,10,1,22,3,3,5,104,6
7921,2021,3,10,3,23,4,3,1,101,21,1,47,8,8,10,97,6
7922,2021,3,11,4,9,2,1,1,101,99,2,29,4,4,6,97,6
7923,2021,3,11,4,10,2,1,1,101,3,2,30,5,5,7,97,6
7924,2021,3,11,4,11,2,1,1,101,16,1,49,8,8,10,97,6
7925,2021,3,11,4,12,3,2,1,101,99,1,35,6,6,8,97,6
7926,2021,3,11,4,12,3,2,1,101,2,2,999,12,16,18,104,6
7927,2021,3,11,4,14,3,2,1,101,17,1,45,8,8,10,99,6
7928,2021,3,11,4,14,3,2,1,101,99,1,40,7,7,9,97,6
7929,2021,3,11,4,14,3,2,1,101,7,1,29,4,4,6,97,6
7930,2021,3,11,4,15,3,2,1,101,5,2,25,4,4,6,97,6
7931,2021,3,11,4,16,3,2,1,101,12,1,36,6,6,8,104,6
7932,2021,3,11,4,16,3,2,1,101,21,1,43,7,7,9,97,6
7933,2021,3,11,4,16,3,2,1,102,99,1,36,6,6,8,104,6
7934,2021,3,11,4,16,3,2,1,101,25,2,22,3,3,5,97,6
7935,2021,3,11,4,17,3,2,1,103,99,2,48,8,8,10,97,6
7936,2021,3,11,4,17,3,2,1,101,1,1,68,11,12,14,97,6
7937,2021,3,11,4,17,3,2,1,101,8,2,30,5,5,7,97,6
7938,2021,3,11,4,18,4,3,1,101,6,1,66,11,12,14,97,6
7939,2021,3,11,4,18,4,3,1,101,6,1,28,4,4,6,104,6
7940,2021,3,11,4,18,4,3,1,101,25,1,30,5,5,7,97,6
7941,2021,3,11,4,20,4,3,1,101,6,1,28,4,4,6,104,6
7942,2021,3,11,4,20,4,3,1,101,3,1,29,4,4,6,104,6
7943,2021,3,11,4,20,4,3,1,101,10,1,47,8,8,10,99,6
7944,2021,3,11,4,21,4,3,1,101,7,1,23,3,3,5,104,6
7945,2021,3,11,4,21,4,3,1,101,21,1,25,4,4,6,97,6
7946,2021,3,12,5,13,3,2,1,101,16,2,66,11,12,14,97,6
7947,2021,3,12,5,14,3,2,1,101,21,1,25,4,4,6,97,6
7948,2021,3,12,5,15,3,2,1,101,7,1,40,7,7,9,97,6
7949,2021,3,12,5,15,3,2,1,116,99,2,32,5,5,7,97,6
7950,2021,3,12,5,15,3,2,1,101,19,1,28,4,4,6,97,6
7951,2021,3,12,5,18,4,3,1,101,21,1,38,6,6,8,104,6
7952,2021,3,12,5,18,4,3,1,101,11,2,29,4,4,6,97,6
7953,2021,3,12,5,21,4,3,1,101,1,1,43,7,7,9,97,6
7954,2021,3,12,5,21,4,3,1,116,99,2,41,7,7,9,104,6
7955,2021,3,12,5,21,4,3,1,101,7,1,29,4,4,6,97,6
7956,2021,3,13,6,21,4,3,1,101,21,1,74,11,13,15,97,6
7957,2021,3,13,6,21,4,3,1,101,21,1,25,4,4,6,97,6
7958,2021,3,13,6,21,4,3,1,103,99,1,61,11,11,13,97,6
7959,2021,3,13,6,21,4,3,1,101,2,2,36,6,6,8,104,6
7960,2021,3,13,6,22,4,3,1,105,99,1,30,5,5,7,104,6
7961,2021,3,13,6,22,4,3,1,101,7,2,31,5,5,7,104,6
7962,2021,3,13,6,22,4,3,6,602,99,1,42,7,7,9,95,6
7963,2021,3,13,6,22,4,3,1,101,11,1,30,5,5,7,104,6
7964,2021,3,13,6,22,4,3,1,102,99,2,43,7,7,9,104,6
7965,2021,3,13,6,22,4,3,1,101,18,1,34,5,5,7,97,6
7966,2021,3,13,6,23,4,3,1,101,14,1,52,9,9,11,104,6
7967,2021,3,13,6,23,4,3,1,101,18,2,38,6,6,8,97,6
7968,2021,3,14,7,12,3,2,1,101,3,1,32,5,5,7,104,6
7969,2021,3,14,7,13,3,2,1,101,5,1,28,4,4,6,104,6
7970,2021,3,14,7,22,4,3,1,102,99,1,30,5,5,7,104,6
7971,2021,3,15,1,11,2,1,1,101,18,1,48,8,8,10,97,6
7972,2021,3,15,1,13,3,2,1,105,99,1,27,4,4,6,95,6
7973,2021,3,15,1,12,3,2,1,101,21,1,41,7,7,9,104,6
7974,2021,3,15,1,15,3,2,1,101,18,1,22,3,3,5,104,6
7975,2021,3,15,1,16,3,2,1,108,99,1,48,8,8,10,97,6
7976,2021,3,15,1,20,4,3,1,101,13,1,45,8,8,10,97,6
7977,2021,3,15,1,21,4,3,1,101,14,1,32,5,5,7,104,6
7978,2021,3,15,1,23,4,3,1,117,99,2,30,5,5,7,104,6
7979,2021,3,16,2,9,2,1,1,101,8,1,57,10,10,12,99,6
7980,2021,3,16,2,9,2,1,1,101,21,1,35,6,6,8,104,6
7981,2021,3,16,2,10,2,1,1,101,99,1,40,7,7,9,104,6
7982,2021,3,16,2,12,3,2,1,101,18,1,41,7,7,9,104,6
7983,2021,3,16,2,14,3,2,5,501,99,1,999,12,16,18,104,6
7984,2021,3,16,2,15,3,2,1,101,21,2,34,5,5,7,97,6
7985,2021,3,16,2,15,3,2,1,101,6,2,26,4,4,6,97,6
7986,2021,3,16,2,16,3,2,1,101,6,2,29,4,4,6,104,6
7987,2021,3,16,2,17,3,2,1,101,99,1,44,7,7,9,95,6
7988,2021,3,16,2,21,4,3,1,101,7,1,34,5,5,7,97,6
7989,2021,3,16,2,21,4,3,16,1601,99,1,29,4,4,6,104,6
7990,2021,3,16,2,21,4,3,1,101,99,2,26,4,4,6,97,6
7991,2021,3,16,2,21,4,3,1,103,99,1,32,5,5,7,104,6
7992,2021,3,16,2,21,4,3,1,101,18,2,37,6,6,8,97,6
7993,2021,3,16,2,22,4,3,1,101,18,2,42,7,7,9,104,6
7994,2021,3,16,2,23,4,3,1,101,18,1,35,6,6,8,104,6
7995,2021,3,16,2,23,4,3,1,101,5,1,20,3,3,5,97,6
7996,2021,3,17,3,11,2,1,1,101,1,2,80,11,15,17,104,6
7997,2021,3,17,3,13,3,2,3,301,99,1,58,10,10,12,94,6
7998,2021,3,17,3,10,2,1,1,101,1,1,50,9,9,11,104,6
7999,2021,3,17,3,14,3,2,1,106,99,2,28,4,4,6,97,6
8000,2021,3,17,3,18,4,3,1,101,3,2,38,6,6,8,104,6
8001,2021,3,17,3,18,4,3,1,101,16,2,39,6,6,8,104,6
8002,2021,3,17,3,20,4,3,1,101,14,1,53,9,9,11,104,6
8003,2021,3,17,3,21,4,3,1,110,99,1,30,5,5,7,104,6
8004,2021,3,17,3,21,4,3,1,101,1,2,41,7,7,9,104,6
8005,2021,3,17,3,21,4,3,1,101,13,2,40,7,7,9,104,6
8006,2021,3,17,3,21,4,3,1,101,5,1,36,6,6,8,97,6
8007,2021,3,17,3,21,4,3,1,101,18,1,22,3,3,5,104,6
8008,2021,3,17,3,22,4,3,1,101,9,1,30,5,5,7,104,6
8009,2021,3,18,4,13,3,2,1,101,11,1,40,7,7,9,95,6
8010,2021,3,18,4,14,3,2,1,101,11,1,45,8,8,10,97,6
8011,2021,3,18,4,15,3,2,1,101,6,1,30,5,5,7,97,6
8012,2021,3,18,4,15,3,2,1,101,3,2,33,5,5,7,104,6
8013,2021,3,18,4,15,3,2,1,114,99,2,999,12,16,18,104,6
8014,2021,3,18,4,15,3,2,1,106,99,2,34,5,5,7,104,6
8015,2021,3,18,4,16,3,2,1,103,99,2,41,7,7,9,104,6
8016,2021,3,18,4,16,3,2,1,113,99,1,53,9,9,11,97,6
8017,2021,3,18,4,17,3,2,1,101,5,1,65,11,12,14,104,6
8018,2021,3,18,4,19,4,3,1,101,12,2,48,8,8,10,97,6
8019,2021,3,18,4,20,4,3,1,102,99,1,33,5,5,7,97,6
8020,2021,3,18,4,21,4,3,12,1207,99,2,16,2,2,4,104,6
8021,2021,3,19,5,10,2,1,1,101,5,2,25,4,4,6,104,6
8022,2021,3,19,5,10,2,1,1,104,99,2,23,3,3,5,97,6
8023,2021,3,19,5,11,2,1,1,101,7,1,36,6,6,8,104,6
8024,2021,3,19,5,12,3,2,1,101,18,2,54,9,9,11,104,6
8025,2021,3,19,5,13,3,2,1,101,11,1,49,8,8,10,97,6
8026,2021,3,19,5,15,3,2,1,101,13,1,52,9,9,11,97,6
8027,2021,3,19,5,16,3,2,1,101,5,1,35,6,6,8,97,6
8028,2021,3,19,5,16,3,2,1,101,18,1,27,4,4,6,99,6
8029,2021,3,19,5,16,3,2,1,107,99,2,22,3,3,5,104,6
8030,2021,3,19,5,16,3,2,1,101,2,2,41,7,7,9,97,6
8031,2021,3,19,5,18,4,3,1,101,18,1,40,7,7,9,104,6
8032,2021,3,19,5,20,4,3,1,101,16,2,26,4,4,6,104,6
8033,2021,3,19,5,21,4,3,1,102,99,1,38,6,6,8,104,6
8034,2021,3,19,5,21,4,3,1,101,18,2,35,6,6,8,97,6
8035,2021,3,19,5,21,4,3,1,101,7,1,30,5,5,7,104,6
8036,2021,3,19,5,21,4,3,1,101,12,1,28,4,4,6,104,6
8037,2021,3,19,5,21,4,3,1,101,14,1,29,4,4,6,104,6
8038,2021,3,19,5,23,4,3,1,101,21,1,28,4,4,6,104,6
8039,2021,3,20,6,15,3,2,1,103,99,1,50,9,9,11,104,6
8040,2021,3,20,6,16,3,2,1,101,2,2,56,10,10,12,97,6
8041,2021,3,20,6,17,3,2,1,116,99,1,21,3,3,5,97,6
8042,2021,3,20,6,17,3,2,1,106,99,1,46,8,8,10,97,6
8043,2021,3,20,6,21,4,3,1,115,99,2,25,4,4,6,104,6
8044,2021,3,20,6,13,3,2,1,101,18,2,30,5,5,7,104,6
8045,2021,3,21,7,10,2,1,1,101,21,1,47,8,8,10,104,6
8046,2021,3,22,1,12,3,2,1,101,21,1,53,9,9,11,97,6
8047,2021,3,22,1,13,3,2,1,101,9,1,53,9,9,11,104,6
8048,2021,3,22,1,14,3,2,1,101,1,2,46,8,8,10,104,6
8049,2021,3,22,1,15,3,2,1,101,6,2,48,8,8,10,104,6
8050,2021,3,22,1,15,3,2,1,106,99,1,45,8,8,10,97,6
8051,2021,3,22,1,15,3,2,1,107,99,2,37,6,6,8,104,6
8052,2021,3,22,1,17,3,2,1,101,1,2,47,8,8,10,104,6
8053,2021,3,22,1,18,4,3,1,101,6,1,28,4,4,6,97,6
8054,2021,3,22,1,18,4,3,1,106,99,2,31,5,5,7,104,6
8055,2021,3,22,1,20,4,3,1,101,18,1,24,3,3,5,104,6
8056,2021,3,22,1,21,4,3,1,101,1,1,25,4,4,6,97,6
8057,2021,3,22,1,21,4,3,1,101,11,1,57,10,10,12,97,6
8058,2021,3,22,1,21,4,3,1,101,1,2,27,4,4,6,97,6
8059,2021,3,22,1,21,4,3,1,101,11,2,38,6,6,8,97,6
8060,2021,3,22,1,21,4,3,1,101,17,1,23,3,3,5,104,6
8061,2021,3,22,1,21,4,3,1,101,5,1,23,3,3,5,104,6
8062,2021,3,22,1,20,4,3,1,101,5,1,58,10,10,12,97,6
8063,2021,3,22,1,23,4,3,1,101,1,2,49,8,8,10,97,6
8064,2021,3,22,1,11,2,1,1,102,99,2,50,9,9,11,97,6
8065,2021,3,23,2,13,3,2,1,115,99,1,44,7,7,9,97,6
8066,2021,3,23,2,15,3,2,1,101,21,1,25,4,4,6,104,6
8067,2021,3,23,2,17,3,2,1,101,1,1,43,7,7,9,104,6
8068,2021,3,23,2,17,3,2,1,101,5,2,55,10,10,12,104,6
8069,2021,3,23,2,17,3,2,1,101,7,1,45,8,8,10,104,6
8070,2021,3,23,2,17,3,2,1,101,1,2,29,4,4,6,104,6
8071,2021,3,23,2,21,4,3,1,101,1,1,999,12,16,18,97,6
8072,2021,3,23,2,21,4,3,1,101,1,1,999,12,16,18,97,6
8073,2021,3,23,2,21,4,3,1,115,99,1,34,5,5,7,97,6
8074,2021,3,23,2,21,4,3,1,108,99,1,41,7,7,9,97,6
8075,2021,3,23,2,21,4,3,1,115,99,1,36,6,6,8,104,6
8076,2021,3,24,3,1,1,1,1,101,21,1,27,4,4,6,104,6
8077,2021,3,24,3,9,2,1,1,101,21,2,25,4,4,6,104,6
8078,2021,3,24,3,15,3,2,1,108,99,2,44,7,7,9,97,6
8079,2021,3,24,3,16,3,2,1,101,2,1,24,3,3,5,97,6
8080,2021,3,24,3,17,3,2,1,101,5,1,48,8,8,10,97,6
8081,2021,3,24,3,18,4,3,1,101,18,1,32,5,5,7,104,6
8082,2021,3,24,3,18,4,3,4,403,99,2,29,4,4,6,104,6
8083,2021,3,24,3,19,4,3,1,101,1,1,40,7,7,9,104,6
8084,2021,3,24,3,19,4,3,1,101,6,1,28,4,4,6,104,6
8085,2021,3,24,3,19,4,3,1,101,6,2,48,8,8,10,97,6
8086,2021,3,24,3,19,4,3,1,101,99,2,32,5,5,7,104,6
8087,2021,3,24,3,20,4,3,1,101,99,1,27,4,4,6,97,6
8088,2021,3,24,3,21,4,3,1,101,7,2,46,8,8,10,97,6
8089,2021,3,24,3,21,4,3,1,101,12,2,57,10,10,12,97,6
8090,2021,3,24,3,22,4,3,1,101,5,2,19,2,2,4,104,6
8091,2021,3,24,3,22,4,3,1,101,7,2,26,4,4,6,104,6
8092,2021,3,24,3,22,4,3,1,101,12,1,28,4,4,6,104,6
8093,2021,3,25,4,9,2,1,1,101,7,1,36,6,6,8,104,6
8094,2021,3,25,4,12,3,2,1,101,99,1,45,8,8,10,104,6
8095,2021,3,25,4,19,4,3,1,101,2,2,52,9,9,11,104,6
8096,2021,3,25,4,19,4,3,1,101,21,1,54,9,9,11,104,6
8097,2021,3,25,4,19,4,3,1,101,1,1,36,6,6,8,104,6
8098,2021,3,25,4,22,4,3,1,103,99,1,39,6,6,8,104,6
8099,2021,3,25,4,22,4,3,1,108,99,2,36,6,6,8,97,6
8100,2021,3,25,4,23,4,3,1,101,16,1,52,9,9,11,104,6
8101,2021,3,25,4,23,4,3,1,103,99,1,23,3,3,5,104,6
8102,2021,3,25,4,23,4,3,1,101,3,1,40,7,7,9,97,6
8103,2021,3,25,4,23,4,3,1,101,18,1,40,7,7,9,97,6
8104,2021,3,25,4,23,4,3,1,101,15,1,33,5,5,7,95,6
8105,2021,3,25,4,23,4,3,1,101,3,2,30,5,5,7,104,6
8106,2021,3,25,4,0,1,1,1,101,1,2,49,8,8,10,97,6
8107,2021,3,26,5,9,2,1,1,107,99,2,50,9,9,11,104,6
8108,2021,3,26,5,11,2,1,1,101,7,2,30,5,5,7,97,6
8109,2021,3,26,5,11,2,1,1,101,12,1,19,2,2,4,97,6
8110,2021,3,26,5,13,3,2,1,103,99,1,32,5,5,7,104,6
8111,2021,3,26,5,13,3,2,1,116,99,1,47,8,8,10,95,6
8112,2021,3,26,5,14,3,2,1,101,1,1,32,5,5,7,104,6
8113,2021,3,26,5,19,4,3,1,101,12,2,20,3,3,5,104,6
8114,2021,3,26,5,21,4,3,1,101,99,2,57,10,10,12,104,6
8115,2021,3,26,5,23,4,3,1,101,5,2,34,5,5,7,104,6
8116,2021,3,26,5,23,4,3,1,101,21,1,61,11,11,13,104,6
8117,2021,3,27,6,14,3,2,1,101,7,2,43,7,7,9,97,6
8118,2021,3,27,6,14,3,2,1,102,99,2,40,7,7,9,104,6
8119,2021,3,27,6,15,3,2,1,101,14,1,28,4,4,6,104,6
8120,2021,3,27,6,15,3,2,1,101,12,2,64,11,11,13,97,6
8121,2021,3,27,6,17,3,2,1,101,99,2,33,5,5,7,99,6
8122,2021,3,27,6,18,4,3,1,101,25,1,24,3,3,5,104,6
8123,2021,3,27,6,18,4,3,1,101,7,1,27,4,4,6,104,6
8124,2021,3,27,6,19,4,3,1,101,16,1,35,6,6,8,104,6
8125,2021,3,27,6,22,4,3,1,101,7,2,30,5,5,7,99,6
8126,2021,3,28,7,11,2,1,1,102,99,1,31,5,5,7,104,6
8127,2021,3,28,7,21,4,3,1,101,3,2,999,12,16,18,97,6
8128,2021,3,28,7,21,4,3,1,101,18,1,25,4,4,6,97,6
8129,2021,3,28,7,22,4,3,1,101,18,1,53,9,9,11,97,6
8130,2021,3,29,1,12,3,2,1,101,18,1,30,5,5,7,104,6
8131,2021,3,29,1,10,2,1,1,108,99,1,44,7,7,9,97,6
8132,2021,3,29,1,16,3,2,1,101,6,1,37,6,6,8,104,6
8133,2021,3,29,1,17,3,2,1,106,99,1,46,8,8,10,104,6
8134,2021,3,29,1,18,4,3,1,101,14,1,59,10,10,12,104,6
8135,2021,3,29,1,18,4,3,1,101,8,2,43,7,7,9,97,6
8136,2021,3,29,1,19,4,3,1,101,18,1,22,3,3,5,84,6
8137,2021,3,29,1,19,4,3,1,116,99,1,53,9,9,11,104,6
8138,2021,3,29,1,22,4,3,1,101,13,2,35,6,6,8,104,6
8139,2021,3,29,1,22,4,3,1,101,18,2,21,3,3,5,104,6
8140,2021,3,29,1,22,4,3,1,101,7,2,31,5,5,7,104,6
8141,2021,3,29,1,22,4,3,1,101,21,1,55,10,10,12,97,6
8142,2021,3,29,1,23,4,3,1,101,7,2,37,6,6,8,97,6
8143,2021,3,29,1,23,4,3,1,101,3,1,51,9,9,11,104,6
8144,2021,3,30,2,9,2,1,1,103,99,2,38,6,6,8,104,6
8145,2021,3,30,2,11,2,1,1,101,16,1,28,4,4,6,104,6
8146,2021,3,30,2,13,3,2,1,101,1,1,75,11,14,16,104,6
8147,2021,3,30,2,16,3,2,1,101,3,1,45,8,8,10,104,6
8148,2021,3,30,2,18,4,3,1,101,6,1,56,10,10,12,97,6
8149,2021,3,30,2,19,4,3,1,101,11,1,42,7,7,9,104,6
8150,2021,3,30,2,19,4,3,1,101,18,1,32,5,5,7,97,6
8151,2021,3,30,2,19,4,3,1,101,18,2,42,7,7,9,104,6
8152,2021,3,30,2,21,4,3,1,101,1,2,42,7,7,9,95,6
8153,2021,3,30,2,21,4,3,1,101,18,2,45,8,8,10,104,6
8154,2021,3,30,2,22,4,3,1,101,9,1,32,5,5,7,99,6
8155,2021,3,31,3,12,3,2,1,101,17,1,48,8,8,10,104,6
8156,2021,3,31,3,12,3,2,1,101,2,1,27,4,4,6,104,6
8157,2021,3,31,3,15,3,2,1,101,6,2,49,8,8,10,104,6
8158,2021,3,31,3,16,3,2,1,116,99,2,46,8,8,10,104,6
8159,2021,3,31,3,17,3,2,1,101,11,2,34,5,5,7,104,6
8160,2021,3,31,3,17,3,2,1,103,99,2,21,3,3,5,104,6
8161,2021,3,31,3,17,3,2,1,101,7,1,999,12,16,18,97,6
8162,2021,3,31,3,17,3,2,1,102,99,1,26,4,4,6,104,6
8163,2021,3,31,3,21,4,3,1,101,10,1,21,3,3,5,104,6
8164,2021,3,31,3,21,4,3,1,101,7,1,55,10,10,12,104,6
8165,2021,3,31,3,21,4,3,1,101,1,2,21,3,3,5,104,6
8166,2021,3,31,3,23,4,3,1,101,6,1,29,4,4,6,97,6
8167,2021,3,1,1,12,3,2,9,901,99,1,25,4,4,6,97,6
8168,2021,3,1,1,0,1,1,9,919,99,1,54,9,9,11,97,6
8169,2021,3,3,3,17,3,2,9,906,99,1,19,2,2,4,97,6
8170,2021,3,6,6,15,3,2,9,901,99,1,26,4,4,6,97,6
8171,2021,3,6,6,16,3,2,9,901,99,2,30,5,5,7,97,6
8172,2021,3,8,1,16,3,2,9,901,99,2,54,9,9,11,104,6
8173,2021,3,9,2,16,3,2,9,901,99,2,33,5,5,7,104,6
8174,2021,3,9,2,16,3,2,9,910,99,1,32,5,5,7,104,6
8175,2021,3,9,2,18,4,3,9,901,99,2,26,4,4,6,104,6
8176,2021,3,9,2,21,4,3,9,901,99,2,29,4,4,6,104,6
8177,2021,3,10,3,16,3,2,9,901,99,1,32,5,5,7,104,6
8178,2021,3,10,3,18,4,3,9,901,99,2,27,4,4,6,97,6
8179,2021,3,11,4,9,2,1,9,919,99,2,30,5,5,7,104,6
8180,2021,3,11,4,16,3,2,9,914,99,1,999,12,16,18,104,6
8181,2021,3,11,4,16,3,2,9,901,99,1,24,3,3,5,97,6
8182,2021,3,13,6,9,2,1,12,1202,99,1,22,3,3,5,97,6
8183,2021,3,14,7,13,3,2,9,901,99,1,25,4,4,6,95,6
8184,2021,3,15,1,15,3,2,9,901,99,1,35,6,6,8,104,6
8185,2021,3,15,1,17,3,2,9,901,99,2,44,7,7,9,104,6
8186,2021,3,16,2,13,3,2,9,901,99,1,53,9,9,11,104,6
8187,2021,3,16,2,13,3,2,9,901,99,2,46,8,8,10,97,6
8188,2021,3,16,2,15,3,2,9,901,99,1,26,4,4,6,104,6
8189,2021,3,16,2,15,3,2,9,901,99,1,26,4,4,6,97,6
8190,2021,3,17,3,9,2,1,9,919,99,2,31,5,5,7,97,6
8191,2021,3,17,3,9,2,1,9,901,99,1,45,8,8,10,97,6
8192,2021,3,19,5,15,3,2,9,909,99,1,27,4,4,6,104,6
8193,2021,3,19,5,15,3,2,9,901,99,2,34,5,5,7,97,6
8194,2021,3,19,5,17,3,2,9,911,99,1,27,4,4,6,97,6
8195,2021,3,22,1,15,3,2,9,901,99,1,41,7,7,9,104,6
8196,2021,3,24,3,12,3,2,9,901,99,1,25,4,4,6,97,6
8197,2021,3,24,3,16,3,2,9,901,99,1,23,3,3,5,97,6
8198,2021,3,25,4,9,2,1,9,919,99,2,49,8,8,10,104,6
8199,2021,3,26,5,12,3,2,9,917,99,1,36,6,6,8,94,6
8200,2021,3,27,6,18,4,3,12,1212,99,1,41,7,7,9,104,6
8201,2021,3,27,6,19,4,3,8,803,99,1,35,6,6,8,97,6
8202,2021,3,29,1,12,3,2,7,710,99,1,29,4,4,6,104,6
8203,2021,3,30,2,16,3,2,9,923,99,1,28,4,4,6,104,6
8204,2021,3,30,2,16,3,2,9,904,99,2,34,5,5,7,104,6
8205,2021,3,30,2,16,3,2,9,901,99,2,999,12,16,18,104,6
8206,2021,3,31,3,9,2,1,9,909,99,1,20,3,3,5,104,6
8207,2021,3,31,3,10,2,1,9,919,99,1,18,2,2,4,104,6
8208,2021,3,1,1,14,3,2,21,2101,99,1,26,4,4,6,104,6
8209,2021,3,1,1,17,3,2,21,2101,99,1,30,5,5,7,104,6
8210,2021,3,2,2,12,3,2,21,2101,99,1,31,5,5,7,97,6
8211,2021,3,3,3,17,3,2,21,2101,99,1,38,6,6,8,104,6
8212,2021,3,3,3,16,3,2,21,2101,99,2,36,6,6,8,104,6
8213,2021,3,8,1,12,3,2,21,2102,99,2,26,4,4,6,97,6
8214,2021,3,8,1,13,3,2,21,2106,99,1,58,10,10,12,97,6
8215,2021,3,8,1,14,3,2,2,201,99,1,28,4,4,6,104,6
8216,2021,3,8,1,14,3,2,2,201,99,1,31,5,5,7,97,6
8217,2021,3,9,2,18,4,3,2,201,99,1,28,4,4,6,104,6
8218,2021,3,9,2,0,1,1,2,201,99,1,19,2,2,4,104,6
8219,2021,3,10,3,14,3,2,21,2101,99,2,27,4,4,6,104,6
8220,2021,3,15,1,11,2,1,21,2102,99,1,48,8,8,10,104,6
8221,2021,3,15,1,13,3,2,21,2103,99,2,24,3,3,5,104,6
8222,2021,3,15,1,15,3,2,21,2101,99,2,46,8,8,10,104,6
8223,2021,3,15,1,21,4,3,2,207,99,2,34,5,5,7,97,6
8224,2021,3,18,4,10,2,1,21,2101,99,2,60,11,11,13,104,6
8225,2021,3,18,4,16,3,2,21,2101,99,1,17,2,2,4,104,6
8226,2021,3,21,7,0,1,1,2,201,99,2,28,4,4,6,97,6
8227,2021,3,22,1,9,2,1,21,2101,99,1,15,2,2,4,104,6
8228,2021,3,22,1,12,3,2,21,2101,99,2,25,4,4,6,104,6
8229,2021,3,22,1,14,3,2,21,2101,99,2,51,9,9,11,104,6
8230,2021,3,22,1,16,3,2,21,2101,99,1,22,3,3,5,104,6
8231,2021,3,22,1,17,3,2,21,2101,99,1,22,3,3,5,104,6
8232,2021,3,23,2,8,2,1,21,2101,99,1,43,7,7,9,104,6
8233,2021,3,25,4,14,3,2,21,2102,99,1,51,9,9,11,104,6
8234,2021,3,29,1,11,2,1,21,2101,99,2,32,5,5,7,104,6
8235,2021,3,30,2,13,3,2,21,2101,99,2,37,6,6,8,97,6
8236,2021,3,1,1,8,2,1,14,1420,99,1,32,5,5,7,104,6
8237,2021,3,1,1,9,2,1,15,1502,99,1,34,5,5,7,97,6
8238,2021,3,2,2,8,2,1,15,1507,99,2,26,4,4,6,104,6
8239,2021,3,2,2,17,3,2,15,1501,99,2,46,8,8,10,97,6
8240,2021,3,2,2,16,3,2,16,1604,99,2,29,4,4,6,104,6
8241,2021,3,3,3,12,3,2,15,1502,99,1,41,7,7,9,104,6
8242,2021,3,3,3,19,4,3,16,1613,99,2,41,7,7,9,104,6
8243,2021,3,4,4,12,3,2,14,1420,99,2,26,4,4,6,104,6
8244,2021,3,5,5,2,1,1,16,1601,99,2,32,5,5,7,97,6
8245,2021,3,5,5,8,2,1,16,1601,99,1,55,10,10,12,104,6
8246,2021,3,6,6,14,3,2,15,1501,99,1,61,11,11,13,104,6
8247,2021,3,8,1,14,3,2,15,1508,99,2,28,4,4,6,104,6
8248,2021,3,8,1,16,3,2,15,1501,99,2,43,7,7,9,104,6
8249,2021,3,8,1,18,4,3,15,1501,99,1,17,2,2,4,104,6
8250,2021,3,9,2,12,3,2,16,1610,99,2,50,9,9,11,104,6
8251,2021,3,9,2,12,3,2,16,1614,99,2,21,3,3,5,104,6
8252,2021,3,9,2,13,3,2,16,1602,99,1,33,5,5,7,104,6
8253,2021,3,9,2,15,3,2,15,1502,99,2,31,5,5,7,104,6
8254,2021,3,9,2,20,4,3,16,1603,99,1,26,4,4,6,104,6
8255,2021,3,10,3,13,3,2,15,1506,99,1,20,3,3,5,97,6
8256,2021,3,10,3,20,4,3,16,1602,99,1,26,4,4,6,97,6
8257,2021,3,11,4,13,3,2,15,1503,99,2,29,4,4,6,104,6
8258,2021,3,11,4,11,2,1,14,1420,99,2,23,3,3,5,104,6
8259,2021,3,11,4,20,4,3,16,1609,99,2,48,8,8,10,104,6
8260,2021,3,12,5,14,3,2,15,1501,99,1,32,5,5,7,97,6
8261,2021,3,12,5,10,2,1,15,1503,99,2,40,7,7,9,97,6
8262,2021,3,12,5,10,2,1,15,1501,99,2,28,4,4,6,104,6
8263,2021,3,13,6,8,2,1,15,1503,99,2,999,12,16,18,97,6
8264,2021,3,13,6,9,2,1,16,1616,99,1,44,7,7,9,104,6
8265,2021,3,13,6,21,4,3,16,1616,99,1,50,9,9,11,104,6
8266,2021,3,13,6,19,4,3,16,1601,99,1,34,5,5,7,104,6
8267,2021,3,13,6,14,3,2,16,1615,99,1,31,5,5,7,97,6
8268,2021,3,13,6,14,3,2,16,1604,99,2,24,3,3,5,104,6
8269,2021,3,13,6,18,4,3,15,1501,99,2,31,5,5,7,97,6
8270,2021,3,14,7,10,2,1,16,1601,99,2,23,3,3,5,97,6
8271,2021,3,15,1,13,3,2,16,1601,99,1,33,5,5,7,104,6
8272,2021,3,15,1,13,3,2,15,1501,99,1,55,10,10,12,104,6
8273,2021,3,15,1,11,2,1,16,1601,99,1,26,4,4,6,104,6
8274,2021,3,15,1,13,3,2,15,1501,99,2,22,3,3,5,104,6
8275,2021,3,16,2,15,3,2,16,1607,99,1,48,8,8,10,104,6
8276,2021,3,16,2,11,2,1,15,1505,99,2,19,2,2,4,104,6
8277,2021,3,16,2,15,3,2,15,1501,99,2,25,4,4,6,104,6
8278,2021,3,17,3,19,4,3,15,1502,99,1,22,3,3,5,97,6
8279,2021,3,17,3,23,4,3,15,1501,99,2,35,6,6,8,97,6
8280,2021,3,17,3,23,4,3,15,1501,99,1,21,3,3,5,104,6
8281,2021,3,18,4,7,2,1,15,1503,99,2,38,6,6,8,97,6
8282,2021,3,18,4,12,3,2,16,1603,99,1,38,6,6,8,104,6
8283,2021,3,18,4,9,2,1,16,1604,99,2,21,3,3,5,104,6
8284,2021,3,19,5,13,3,2,16,1609,99,1,39,6,6,8,104,6
8285,2021,3,19,5,14,3,2,16,1603,99,1,26,4,4,6,97,6
8286,2021,3,19,5,15,3,2,16,1604,99,2,30,5,5,7,97,6
8287,2021,3,19,5,15,3,2,15,1507,99,1,23,3,3,5,104,6
8288,2021,3,20,6,11,2,1,16,1609,99,1,56,10,10,12,94,6
8289,2021,3,20,6,15,3,2,14,1420,99,2,46,8,8,10,97,6
8290,2021,3,20,6,18,4,3,15,1501,99,1,60,11,11,13,104,6
8291,2021,3,21,7,16,3,2,15,1508,99,2,36,6,6,8,97,6
8292,2021,3,23,2,10,2,1,15,1508,99,1,29,4,4,6,104,6
8293,2021,3,23,2,12,3,2,16,1608,99,1,30,5,5,7,97,6
8294,2021,3,23,2,13,3,2,15,1507,99,2,20,3,3,5,97,6
8295,2021,3,23,2,14,3,2,15,1503,99,1,37,6,6,8,95,6
8296,2021,3,23,2,21,4,3,15,1501,99,2,34,5,5,7,97,6
8297,2021,3,24,3,10,2,1,15,1501,99,1,34,5,5,7,97,6
8298,2021,3,24,3,12,3,2,15,1501,99,2,27,4,4,6,104,6
8299,2021,3,24,3,12,3,2,16,1616,99,2,36,6,6,8,104,6
8300,2021,3,24,3,18,4,3,16,1601,99,1,999,12,16,18,97,6
8301,2021,3,24,3,11,2,1,16,1607,99,1,38,6,6,8,97,6
8302,2021,3,25,4,12,3,2,15,1501,99,1,42,7,7,9,104,6
8303,2021,3,25,4,12,3,2,16,1616,99,2,42,7,7,9,104,6
8304,2021,3,26,5,14,3,2,15,1501,99,1,37,6,6,8,97,6
8305,2021,3,26,5,17,3,2,15,1501,99,1,22,3,3,5,104,6
8306,2021,3,26,5,17,3,2,15,1501,99,1,32,5,5,7,104,6
8307,2021,3,26,5,10,2,1,15,1504,99,1,43,7,7,9,104,6
8308,2021,3,26,5,16,3,2,15,1501,99,1,38,6,6,8,97,6
8309,2021,3,26,5,11,2,1,15,1507,99,1,44,7,7,9,97,6
8310,2021,3,28,7,14,3,2,15,1504,99,2,40,7,7,9,104,6
8311,2021,3,28,7,11,2,1,15,1503,99,2,41,7,7,9,104,6
8312,2021,3,29,1,13,3,2,16,1609,99,1,39,6,6,8,97,6
8313,2021,3,29,1,14,3,2,15,1501,99,1,40,7,7,9,104,6
8314,2021,3,29,1,15,3,2,15,1501,99,1,58,10,10,12,104,6
8315,2021,3,30,2,9,2,1,15,1501,99,1,24,3,3,5,97,6
8316,2021,3,30,2,9,2,1,16,1606,99,1,17,2,2,4,104,6
8317,2021,3,30,2,12,3,2,16,1601,99,1,35,6,6,8,104,6
8318,2021,3,30,2,12,3,2,15,1501,99,1,47,8,8,10,104,6
8319,2021,3,30,2,14,3,2,16,1601,99,1,25,4,4,6,97,6
8320,2021,3,30,2,15,3,2,16,1601,99,2,64,11,11,13,104,6
8321,2021,3,30,2,15,3,2,14,1420,99,2,20,3,3,5,104,6
8322,2021,3,30,2,16,3,2,15,1501,99,2,62,11,11,13,97,6
8323,2021,3,30,2,15,3,2,15,1501,99,1,26,4,4,6,97,6
8324,2021,3,31,3,15,3,2,15,1507,99,1,35,6,6,8,104,6
8325,2021,3,31,3,9,2,1,16,1603,99,1,35,6,6,8,104,6
8326,2021,3,31,3,12,3,2,15,1501,99,1,62,11,11,13,104,6
8327,2021,3,31,3,12,3,2,15,1501,99,2,35,6,6,8,104,6
8328,2021,3,1,1,9,2,1,11,1101,99,2,38,6,6,8,97,6
8329,2021,3,1,1,23,4,3,11,1106,99,1,26,4,4,6,104,6
8330,2021,3,1,1,11,2,1,11,1101,99,1,20,3,3,5,104,6
8331,2021,3,1,1,14,3,2,11,1102,99,2,42,7,7,9,97,6
8332,2021,3,2,2,11,2,1,10,1020,99,2,27,4,4,6,97,6
8333,2021,3,2,2,14,3,2,11,1104,99,2,26,4,4,6,104,6
8334,2021,3,2,2,11,2,1,11,1101,99,2,40,7,7,9,97,6
8335,2021,3,2,2,9,2,1,11,1101,99,2,27,4,4,6,104,6
8336,2021,3,2,2,10,2,1,11,1102,99,1,30,5,5,7,97,6
8337,2021,3,2,2,16,3,2,11,1101,99,1,22,3,3,5,104,6
8338,2021,3,4,4,17,3,2,11,1101,99,1,28,4,4,6,104,6
8339,2021,3,4,4,11,2,1,10,1001,99,2,26,4,4,6,97,6
8340,2021,3,4,4,14,3,2,11,1105,99,2,35,6,6,8,104,6
8341,2021,3,4,4,17,3,2,11,1101,99,1,25,4,4,6,104,6
8342,2021,3,4,4,16,3,2,10,1001,99,2,36,6,6,8,104,6
8343,2021,3,5,5,10,2,1,10,1001,99,2,41,7,7,9,97,6
8344,2021,3,5,5,9,2,1,10,1010,99,1,36,6,6,8,104,6
8345,2021,3,5,5,10,2,1,11,1107,99,2,30,5,5,7,104,6
8346,2021,3,6,6,16,3,2,10,1014,99,1,35,6,6,8,104,6
8347,2021,3,6,6,20,4,3,10,1007,99,2,31,5,5,7,104,6
8348,2021,3,6,6,8,2,1,11,1107,99,2,24,3,3,5,104,6
8349,2021,3,7,7,11,2,1,10,1016,99,1,45,8,8,10,104,6
8350,2021,3,7,7,15,3,2,10,1002,99,2,58,10,10,12,97,6
8351,2021,3,7,7,15,3,2,7,706,99,1,43,7,7,9,104,6
8352,2021,3,7,7,11,2,1,11,1101,99,2,49,8,8,10,104,6
8353,2021,3,8,1,9,2,1,10,1003,99,1,999,12,16,18,104,6
8354,2021,3,8,1,8,2,1,11,1101,99,2,46,8,8,10,104,6
8355,2021,3,8,1,9,2,1,11,1101,99,2,34,5,5,7,104,6
8356,2021,3,9,2,13,3,2,11,1101,99,2,34,5,5,7,97,6
8357,2021,3,9,2,12,3,2,11,1101,99,2,30,5,5,7,104,6
8358,2021,3,9,2,20,4,3,10,1001,99,1,46,8,8,10,104,6
8359,2021,3,9,2,10,2,1,10,1020,99,1,25,4,4,6,104,6
8360,2021,3,9,2,8,2,1,10,1014,99,2,27,4,4,6,104,6
8361,2021,3,9,2,10,2,1,10,1010,99,2,24,3,3,5,104,6
8362,2021,3,9,2,14,3,2,11,1107,99,2,22,3,3,5,104,6
8363,2021,3,9,2,17,3,2,11,1101,99,2,28,4,4,6,104,6
8364,2021,3,9,2,14,3,2,11,1104,99,1,64,11,11,13,95,6
8365,2021,3,9,2,12,3,2,11,1107,99,1,23,3,3,5,104,6
8366,2021,3,10,3,14,3,2,10,1001,99,1,36,6,6,8,104,6
8367,2021,3,10,3,17,3,2,10,1014,99,2,22,3,3,5,104,6
8368,2021,3,10,3,3,1,1,11,1104,99,1,30,5,5,7,97,6
8369,2021,3,11,4,10,2,1,11,1109,99,1,48,8,8,10,95,6
8370,2021,3,11,4,11,2,1,10,1012,99,2,22,3,3,5,97,6
8371,2021,3,11,4,11,2,1,11,1105,99,2,32,5,5,7,97,6
8372,2021,3,11,4,15,3,2,11,1107,99,1,31,5,5,7,95,6
8373,2021,3,11,4,17,3,2,11,1102,99,1,25,4,4,6,95,6
8374,2021,3,12,5,14,3,2,10,1013,99,1,19,2,2,4,97,6
8375,2021,3,12,5,10,2,1,11,1103,99,2,26,4,4,6,104,6
8376,2021,3,12,5,6,2,1,10,1002,99,1,35,6,6,8,104,6
8377,2021,3,12,5,14,3,2,10,1007,99,2,35,6,6,8,104,6
8378,2021,3,12,5,13,3,2,11,1109,99,9,999,12,16,18,95,6
8379,2021,3,12,5,19,4,3,10,1013,99,1,38,6,6,8,97,6
8380,2021,3,12,5,9,2,1,10,1004,99,1,28,4,4,6,104,6
8381,2021,3,15,1,18,4,3,11,1106,99,2,24,3,3,5,104,6
8382,2021,3,15,1,11,2,1,11,1101,99,1,28,4,4,6,97,6
8383,2021,3,15,1,11,2,1,11,1107,99,1,25,4,4,6,104,6
8384,2021,3,15,1,17,3,2,11,1101,99,1,29,4,4,6,104,6
8385,2021,3,15,1,9,2,1,11,1101,99,1,63,11,11,13,97,6
8386,2021,3,15,1,14,3,2,11,1108,99,2,23,3,3,5,104,6
8387,2021,3,15,1,17,3,2,10,1021,99,1,25,4,4,6,104,6
8388,2021,3,15,1,13,3,2,11,1101,99,2,50,9,9,11,97,6
8389,2021,3,16,2,10,2,1,11,1101,99,1,32,5,5,7,104,6
8390,2021,3,17,3,10,2,1,10,1001,99,2,36,6,6,8,104,6
8391,2021,3,17,3,8,2,1,11,1101,99,1,31,5,5,7,104,6
8392,2021,3,17,3,15,3,2,10,1008,99,1,30,5,5,7,104,6
8393,2021,3,17,3,13,3,2,11,1101,99,1,27,4,4,6,104,6
8394,2021,3,18,4,12,3,2,10,1009,99,1,27,4,4,6,97,6
8395,2021,3,18,4,13,3,2,10,1001,99,1,51,9,9,11,104,6
8396,2021,3,19,5,18,4,3,11,1101,99,1,37,6,6,8,104,6
8397,2021,3,19,5,14,3,2,10,1016,99,2,26,4,4,6,97,6
8398,2021,3,19,5,14,3,2,10,1004,99,1,39,6,6,8,104,6
8399,2021,3,20,6,14,3,2,10,1013,99,1,26,4,4,6,104,6
8400,2021,3,20,6,15,3,2,10,1013,99,1,42,7,7,9,104,6
8401,2021,3,20,6,13,3,2,10,1005,99,1,26,4,4,6,104,6
8402,2021,3,20,6,14,3,2,10,1008,99,1,28,4,4,6,104,6
8403,2021,3,20,6,16,3,2,10,1021,99,1,42,7,7,9,104,6
8404,2021,3,20,6,11,2,1,10,1001,99,1,29,4,4,6,104,6
8405,2021,3,20,6,10,2,1,10,1016,99,2,21,3,3,5,97,6
8406,2021,3,21,7,15,3,2,10,1002,99,1,38,6,6,8,104,6
8407,2021,3,22,1,9,2,1,11,1109,99,2,38,6,6,8,97,6
8408,2021,3,22,1,10,2,1,11,1106,99,2,23,3,3,5,97,6
8409,2021,3,22,1,12,3,2,11,1106,99,2,22,3,3,5,104,6
8410,2021,3,22,1,16,3,2,11,1101,99,1,32,5,5,7,104,6
8411,2021,3,22,1,10,2,1,11,1101,99,2,26,4,4,6,97,6
8412,2021,3,22,1,9,2,1,11,1101,99,2,25,4,4,6,97,6
8413,2021,3,22,1,11,2,1,11,1107,99,2,24,3,3,5,97,6
8414,2021,3,22,1,10,2,1,11,1101,99,1,23,3,3,5,104,6
8415,2021,3,22,1,23,4,3,11,1101,99,2,64,11,11,13,97,6
8416,2021,3,23,2,22,4,3,10,1014,99,1,27,4,4,6,104,6
8417,2021,3,23,2,10,2,1,10,1010,99,2,27,4,4,6,97,6
8418,2021,3,23,2,14,3,2,10,1001,99,1,38,6,6,8,104,6
8419,2021,3,23,2,16,3,2,10,1014,99,1,26,4,4,6,104,6
8420,2021,3,24,3,15,3,2,10,1010,99,1,57,10,10,12,97,6
8421,2021,3,24,3,10,2,1,11,1108,99,2,999,12,16,18,97,6
8422,2021,3,24,3,8,2,1,11,1107,99,1,34,5,5,7,104,6
8423,2021,3,25,4,12,3,2,10,1001,99,1,27,4,4,6,97,6
8424,2021,3,25,4,10,2,1,10,1020,99,1,50,9,9,11,104,6
8425,2021,3,25,4,10,2,1,10,1010,99,1,44,7,7,9,95,6
8426,2021,3,25,4,10,2,1,11,1107,99,1,22,3,3,5,104,6
8427,2021,3,25,4,20,4,3,11,1101,99,2,60,11,11,13,97,6
8428,2021,3,26,5,13,3,2,7,706,99,1,59,10,10,12,104,6
8429,2021,3,26,5,10,2,1,10,1020,99,2,35,6,6,8,104,6
8430,2021,3,26,5,11,2,1,11,1109,99,1,34,5,5,7,104,6
8431,2021,3,26,5,10,2,1,10,1017,99,1,36,6,6,8,104,6
8432,2021,3,26,5,15,3,2,10,1013,99,2,999,12,16,18,104,6
8433,2021,3,27,6,11,2,1,10,1020,99,2,53,9,9,11,95,6
8434,2021,3,27,6,10,2,1,10,1009,99,1,42,7,7,9,97,6
8435,2021,3,27,6,10,2,1,10,1010,99,2,31,5,5,7,104,6
8436,2021,3,27,6,14,3,2,10,1010,99,1,30,5,5,7,104,6
8437,2021,3,28,7,14,3,2,10,1010,99,1,42,7,7,9,104,6
8438,2021,3,28,7,17,3,2,10,1001,99,1,23,3,3,5,104,6
8439,2021,3,29,1,9,2,1,11,1108,99,2,45,8,8,10,104,6
8440,2021,3,29,1,11,2,1,10,1001,99,2,20,3,3,5,97,6
8441,2021,3,29,1,13,3,2,11,1101,99,2,46,8,8,10,97,6
8442,2021,3,29,1,15,3,2,10,1010,99,1,58,10,10,12,104,6
8443,2021,3,29,1,16,3,2,10,1014,99,2,55,10,10,12,104,6
8444,2021,3,30,2,10,2,1,11,1106,99,2,29,4,4,6,97,6
8445,2021,3,31,3,11,2,1,11,1101,99,2,36,6,6,8,97,6
8446,2021,3,1,1,17,3,2,4,405,99,1,42,7,7,9,97,6
8447,2021,3,2,2,14,3,2,4,404,99,2,48,8,8,10,104,6
8448,2021,3,3,3,23,4,3,4,416,99,1,19,2,2,4,104,6
8449,2021,3,4,4,12,3,2,4,401,99,1,34,5,5,7,97,6
8450,2021,3,4,4,21,4,3,4,401,99,2,47,8,8,10,97,6
8451,2021,3,4,4,21,4,3,4,401,99,1,42,7,7,9,97,6
8452,2021,3,5,5,21,4,3,4,411,99,2,25,4,4,6,97,6
8453,2021,3,5,5,21,4,3,4,401,99,2,24,3,3,5,97,6
8454,2021,3,5,5,21,4,3,4,401,99,1,45,8,8,10,97,6
8455,2021,3,5,5,21,4,3,4,401,99,2,27,4,4,6,97,6
8456,2021,3,8,1,16,3,2,4,416,99,2,32,5,5,7,97,6
8457,2021,3,8,1,21,4,3,4,401,99,1,20,3,3,5,104,6
8458,2021,3,9,2,17,3,2,4,415,99,1,24,3,3,5,104,6
8459,2021,3,9,2,19,4,3,4,404,99,2,18,2,2,4,104,6
8460,2021,3,12,5,12,3,2,4,406,99,2,30,5,5,7,97,6
8461,2021,3,12,5,15,3,2,4,401,99,1,28,4,4,6,97,6
8462,2021,3,15,1,10,2,1,4,406,99,1,56,10,10,12,104,6
8463,2021,3,16,2,16,3,2,4,407,99,1,33,5,5,7,97,6
8464,2021,3,16,2,13,3,2,4,406,99,2,51,9,9,11,104,6
8465,2021,3,16,2,15,3,2,4,401,99,1,26,4,4,6,104,6
8466,2021,3,16,2,19,4,3,4,407,99,1,30,5,5,7,97,6
8467,2021,3,17,3,17,3,2,4,407,99,1,33,5,5,7,97,6
8468,2021,3,20,6,16,3,2,4,414,99,1,22,3,3,5,94,6
8469,2021,3,20,6,17,3,2,4,401,99,1,23,3,3,5,104,6
8470,2021,3,22,1,2,1,1,4,406,99,1,21,3,3,5,104,6
8471,2021,3,22,1,8,2,1,4,401,99,1,54,9,9,11,104,6
8472,2021,3,22,1,20,4,3,4,416,99,2,31,5,5,7,104,6
8473,2021,3,22,1,21,4,3,4,409,99,9,999,12,16,18,104,6
8474,2021,3,23,2,10,2,1,4,406,99,1,51,9,9,11,104,6
8475,2021,3,23,2,14,3,2,4,403,99,2,29,4,4,6,104,6
8476,2021,3,23,2,16,3,2,4,413,99,2,35,6,6,8,97,6
8477,2021,3,24,3,15,3,2,4,407,99,1,56,10,10,12,97,6
8478,2021,3,24,3,15,3,2,4,416,99,1,31,5,5,7,104,6
8479,2021,3,25,4,15,3,2,4,401,99,2,44,7,7,9,97,6
8480,2021,3,25,4,15,3,2,4,401,99,2,23,3,3,5,97,6
8481,2021,3,25,4,19,4,3,4,416,99,2,25,4,4,6,97,6
8482,2021,3,26,5,12,3,2,4,401,99,2,25,4,4,6,97,6
8483,2021,3,27,6,10,2,1,4,403,99,1,32,5,5,7,97,6
8484,2021,3,27,6,10,2,1,4,413,99,1,21,3,3,5,97,6
8485,2021,3,27,6,12,3,2,4,412,99,1,38,6,6,8,97,6
8486,2021,3,29,1,12,3,2,4,409,99,1,22,3,3,5,104,6
8487,2021,3,29,1,13,3,2,20,2001,99,1,24,3,3,5,104,6
8488,2021,3,29,1,16,3,2,4,412,99,1,48,8,8,10,97,6
8489,2021,3,29,1,12,3,2,4,401,99,1,24,3,3,5,104,6
8490,2021,3,30,2,22,4,3,4,401,99,1,48,8,8,10,97,6
8491,2021,3,1,1,14,3,2,22,2202,99,2,32,5,5,7,104,6
8492,2021,3,2,2,12,3,2,22,2201,99,1,39,6,6,8,104,6
8493,2021,3,2,2,9,2,1,22,2201,99,2,46,8,8,10,104,6
8494,2021,3,2,2,12,3,2,22,2201,99,2,43,7,7,9,104,6
8495,2021,3,2,2,99,5,4,22,2201,99,1,47,8,8,10,104,6
8496,2021,3,3,3,14,3,2,22,2205,99,2,41,7,7,9,104,6
8497,2021,3,3,3,14,3,2,22,2214,99,1,18,2,2,4,104,6
8498,2021,3,4,4,15,3,2,22,2201,99,1,53,9,9,11,104,6
8499,2021,3,4,4,15,3,2,22,2205,99,2,56,10,10,12,97,6
8500,2021,3,4,4,15,3,2,22,2213,99,1,58,10,10,12,104,6
8501,2021,3,4,4,15,3,2,22,2201,99,1,32,5,5,7,104,6
8502,2021,3,4,4,16,3,2,12,1201,99,2,999,12,16,18,104,6
8503,2021,3,6,6,8,2,1,22,2201,99,1,30,5,5,7,104,6
8504,2021,3,6,6,8,2,1,22,2217,99,1,50,9,9,11,104,6
8505,2021,3,6,6,8,2,1,22,2201,99,2,31,5,5,7,104,6
8506,2021,3,6,6,8,2,1,22,2201,99,1,999,12,16,18,104,6
8507,2021,3,7,7,8,2,1,21,2101,99,2,52,9,9,11,104,6
8508,2021,3,7,7,8,2,1,22,2212,99,1,999,12,16,18,104,6
8509,2021,3,8,1,14,3,2,22,2212,99,2,38,6,6,8,104,6
8510,2021,3,8,1,16,3,2,22,2211,99,2,45,8,8,10,104,6
8511,2021,3,9,2,8,2,1,22,2211,99,1,52,9,9,11,104,6
8512,2021,3,9,2,12,3,2,22,2201,99,1,27,4,4,6,97,6
8513,2021,3,9,2,21,4,3,22,2201,99,1,38,6,6,8,97,6
8514,2021,3,10,3,9,2,1,22,2201,99,2,20,3,3,5,104,6
8515,2021,3,12,5,10,2,1,22,2207,99,1,23,3,3,5,104,6
8516,2021,3,12,5,14,3,2,22,2205,99,1,46,8,8,10,104,6
8517,2021,3,15,1,13,3,2,22,2201,99,1,31,5,5,7,104,6
8518,2021,3,15,1,10,2,1,22,2214,99,1,39,6,6,8,104,6
8519,2021,3,15,1,13,3,2,22,2212,99,2,29,4,4,6,104,6
8520,2021,3,15,1,12,3,2,22,2205,99,1,28,4,4,6,104,6
8521,2021,3,16,2,8,2,1,6,602,99,2,32,5,5,7,104,6
8522,2021,3,16,2,8,2,1,22,2205,99,1,36,6,6,8,104,6
8523,2021,3,17,3,12,3,2,22,2204,99,2,40,7,7,9,104,6
8524,2021,3,18,4,12,3,2,22,2201,99,2,30,5,5,7,104,6
8525,2021,3,18,4,13,3,2,22,2201,99,2,21,3,3,5,104,6
8526,2021,3,18,4,12,3,2,22,2201,99,2,30,5,5,7,104,6
8527,2021,3,21,7,10,2,1,22,2201,99,1,40,7,7,9,97,6
8528,2021,3,22,1,12,3,2,22,2212,99,1,27,4,4,6,104,6
8529,2021,3,25,4,15,3,2,22,2212,99,1,37,6,6,8,104,6
8530,2021,3,25,4,9,2,1,22,2201,99,2,25,4,4,6,104,6
8531,2021,3,25,4,16,3,2,22,2202,99,1,42,7,7,9,104,6
8532,2021,3,26,5,13,3,2,22,2201,99,2,38,6,6,8,104,6
8533,2021,3,26,5,14,3,2,22,2201,99,1,22,3,3,5,104,6
8534,2021,3,26,5,15,3,2,22,2202,99,2,32,5,5,7,104,6
8535,2021,3,28,7,11,2,1,22,2212,99,2,26,4,4,6,104,6
8536,2021,3,30,2,9,2,1,22,2214,99,1,33,5,5,7,104,6
8537,2021,3,30,2,19,4,3,22,2203,99,1,20,3,3,5,104,6
8538,2021,3,31,3,10,2,1,22,2205,99,1,25,4,4,6,104,6
8539,2021,3,31,3,15,3,2,22,2214,99,1,36,6,6,8,104,6
8540,2021,3,1,1,10,2,1,5,509,99,1,47,8,8,10,104,6
8541,2021,3,1,1,15,3,2,5,509,99,2,40,7,7,9,104,6
8542,2021,3,1,1,16,3,2,5,502,99,2,36,6,6,8,104,6
8543,2021,3,2,2,10,2,1,5,501,99,1,43,7,7,9,97,6
8544,2021,3,3,3,14,3,2,5,501,99,1,24,3,3,5,104,6
8545,2021,3,3,3,16,3,2,5,501,99,2,44,7,7,9,104,6
8546,2021,3,4,4,12,3,2,5,511,99,1,70,11,13,15,97,6
8547,2021,3,4,4,14,3,2,5,501,99,1,32,5,5,7,104,6
8548,2021,3,5,5,15,3,2,5,501,99,2,40,7,7,9,104,6
8549,2021,3,5,5,17,3,2,5,504,99,2,44,7,7,9,104,6
8550,2021,3,5,5,19,4,3,5,511,99,2,55,10,10,12,97,6
8551,2021,3,6,6,14,3,2,5,511,99,1,27,4,4,6,104,6
8552,2021,3,7,7,13,3,2,5,504,99,2,24,3,3,5,97,6
8553,2021,3,9,2,12,3,2,5,501,99,1,46,8,8,10,97,6
8554,2021,3,9,2,12,3,2,5,511,99,2,33,5,5,7,97,6
8555,2021,3,9,2,15,3,2,5,502,99,1,30,5,5,7,104,6
8556,2021,3,11,4,12,3,2,5,509,99,1,24,3,3,5,104,6
8557,2021,3,11,4,12,3,2,5,506,99,1,27,4,4,6,104,6
8558,2021,3,13,6,15,3,2,5,501,99,1,48,8,8,10,97,6
8559,2021,3,13,6,16,3,2,5,511,99,2,43,7,7,9,104,6
8560,2021,3,13,6,23,4,3,5,501,99,1,64,11,11,13,104,6
8561,2021,3,14,7,12,3,2,5,502,99,1,47,8,8,10,104,6
8562,2021,3,15,1,0,1,1,5,511,99,1,36,6,6,8,104,6
8563,2021,3,15,1,8,2,1,5,501,99,2,39,6,6,8,104,6
8564,2021,3,15,1,13,3,2,5,501,99,1,44,7,7,9,104,6
8565,2021,3,15,1,14,3,2,5,505,99,1,45,8,8,10,104,6
8566,2021,3,16,2,8,2,1,5,501,99,1,33,5,5,7,104,6
8567,2021,3,16,2,10,2,1,5,501,99,2,33,5,5,7,104,6
8568,2021,3,16,2,12,3,2,5,501,99,1,29,4,4,6,104,6
8569,2021,3,16,2,15,3,2,5,509,99,1,30,5,5,7,104,6
8570,2021,3,16,2,15,3,2,5,510,99,1,999,12,16,18,104,6
8571,2021,3,16,2,19,4,3,5,501,99,1,27,4,4,6,104,6
8572,2021,3,17,3,11,2,1,5,509,99,1,38,6,6,8,97,6
8573,2021,3,17,3,12,3,2,5,509,99,1,34,5,5,7,97,6
8574,2021,3,17,3,16,3,2,5,502,99,1,25,4,4,6,97,6
8575,2021,3,18,4,10,2,1,5,503,99,2,24,3,3,5,104,6
8576,2021,3,18,4,12,3,2,5,502,99,1,27,4,4,6,104,6
8577,2021,3,18,4,12,3,2,5,502,99,2,21,3,3,5,104,6
8578,2021,3,18,4,13,3,2,5,505,99,2,40,7,7,9,104,6
8579,2021,3,18,4,13,3,2,5,501,99,1,31,5,5,7,97,6
8580,2021,3,18,4,16,3,2,5,502,99,1,26,4,4,6,104,6
8581,2021,3,19,5,10,2,1,5,505,99,1,32,5,5,7,97,6
8582,2021,3,19,5,15,3,2,5,501,99,1,36,6,6,8,97,6
8583,2021,3,19,5,18,4,3,5,514,99,1,31,5,5,7,97,6
8584,2021,3,20,6,11,2,1,5,511,99,1,20,3,3,5,104,6
8585,2021,3,20,6,13,3,2,5,511,99,2,26,4,4,6,97,6
8586,2021,3,21,7,17,3,2,5,511,99,2,47,8,8,10,97,6
8587,2021,3,21,7,23,4,3,5,513,99,1,48,8,8,10,104,6
8588,2021,3,22,1,11,2,1,5,511,99,1,46,8,8,10,97,6
8589,2021,3,22,1,14,3,2,5,505,99,2,23,3,3,5,104,6
8590,2021,3,22,1,14,3,2,5,503,99,1,30,5,5,7,104,6
8591,2021,3,22,1,14,3,2,5,503,99,1,30,5,5,7,104,6
8592,2021,3,23,2,13,3,2,5,511,99,2,23,3,3,5,97,6
8593,2021,3,23,2,13,3,2,5,513,99,2,26,4,4,6,104,6
8594,2021,3,24,3,9,2,1,5,501,99,1,37,6,6,8,104,6
8595,2021,3,24,3,12,3,2,5,501,99,1,31,5,5,7,104,6
8596,2021,3,24,3,14,3,2,5,506,99,1,26,4,4,6,104,6
8597,2021,3,24,3,14,3,2,5,506,99,2,27,4,4,6,97,6
8598,2021,3,24,3,16,3,2,5,513,99,1,46,8,8,10,104,6
8599,2021,3,24,3,16,3,2,5,513,99,2,32,5,5,7,104,6
8600,2021,3,24,3,17,3,2,5,505,99,1,31,5,5,7,104,6
8601,2021,3,25,4,9,2,1,5,505,99,2,48,8,8,10,104,6
8602,2021,3,25,4,16,3,2,5,501,99,2,51,9,9,11,97,6
8603,2021,3,25,4,18,4,3,5,509,99,1,61,11,11,13,104,6
8604,2021,3,26,5,11,2,1,5,513,99,2,35,6,6,8,104,6
8605,2021,3,26,5,11,2,1,16,1607,99,1,20,3,3,5,95,6
8606,2021,3,26,5,13,3,2,5,502,99,1,60,11,11,13,97,6
8607,2021,3,26,5,16,3,2,5,506,99,1,30,5,5,7,104,6
8608,2021,3,26,5,17,3,2,5,502,99,1,59,10,10,12,104,6
8609,2021,3,26,5,23,4,3,5,506,99,2,33,5,5,7,104,6
8610,2021,3,27,6,12,3,2,5,511,99,1,31,5,5,7,95,6
8611,2021,3,27,6,13,3,2,5,501,99,2,47,8,8,10,104,6
8612,2021,3,27,6,16,3,2,5,507,99,2,32,5,5,7,104,6
8613,2021,3,27,6,21,4,3,5,501,99,1,49,8,8,10,95,6
8614,2021,3,28,7,11,2,1,5,513,99,1,18,2,2,4,104,6
8615,2021,3,28,7,11,2,1,5,511,99,1,37,6,6,8,97,6
8616,2021,3,28,7,17,3,2,5,506,99,1,31,5,5,7,97,6
8617,2021,3,29,1,10,2,1,5,509,99,1,63,11,11,13,104,6
8618,2021,3,29,1,12,3,2,5,507,99,2,25,4,4,6,97,6
8619,2021,3,29,1,13,3,2,5,511,99,2,41,7,7,9,104,6
8620,2021,3,30,2,8,2,1,5,501,99,1,28,4,4,6,97,6
8621,2021,3,30,2,13,3,2,5,505,99,1,44,7,7,9,104,6
8622,2021,3,30,2,21,4,3,5,501,99,1,31,5,5,7,104,6
8623,2021,3,31,3,13,3,2,5,511,99,2,29,4,4,6,104,6
8624,2021,3,31,3,13,3,2,5,511,99,1,18,2,2,4,104,6
8625,2021,3,31,3,13,3,2,5,501,99,2,53,9,9,11,104,6
8626,2021,3,2,2,12,3,2,18,1801,99,2,37,6,6,8,97,6
8627,2021,3,5,5,10,2,1,18,1804,99,1,40,7,7,9,104,6
8628,2021,3,5,5,15,3,2,18,1801,99,1,33,5,5,7,104,6
8629,2021,3,6,6,15,3,2,18,1803,99,1,21,3,3,5,104,6
8630,2021,3,8,1,11,2,1,18,1801,99,2,28,4,4,6,104,6
8631,2021,3,8,1,12,3,2,18,1801,99,2,22,3,3,5,104,6
8632,2021,3,8,1,14,3,2,18,1801,99,2,999,12,16,18,104,6
8633,2021,3,10,3,11,2,1,18,1802,99,1,27,4,4,6,104,6
8634,2021,3,10,3,11,2,1,18,1802,99,1,48,8,8,10,104,6
8635,2021,3,10,3,17,3,2,18,1801,99,1,43,7,7,9,97,6
8636,2021,3,15,1,11,2,1,18,1801,99,2,24,3,3,5,104,6
8637,2021,3,16,2,18,4,3,18,1803,99,2,30,5,5,7,104,6
8638,2021,3,17,3,16,3,2,18,1803,99,1,29,4,4,6,104,6
8639,2021,3,17,3,17,3,2,18,1801,99,1,69,11,12,14,104,6
8640,2021,3,19,5,14,3,2,18,1803,99,2,26,4,4,6,104,6
8641,2021,3,19,5,14,3,2,18,1801,99,1,999,12,16,18,97,6
8642,2021,3,20,6,8,2,1,18,1805,99,1,52,9,9,11,104,6
8643,2021,3,23,2,13,3,2,18,1804,99,1,25,4,4,6,104,6
8644,2021,3,23,2,19,4,3,18,1801,99,2,35,6,6,8,104,6
8645,2021,3,25,4,14,3,2,18,1804,99,1,33,5,5,7,104,6
8646,2021,3,26,5,15,3,2,18,1801,99,1,43,7,7,9,104,6
8647,2021,3,27,6,12,3,2,18,1803,99,2,27,4,4,6,97,6
8648,2021,3,27,6,15,3,2,18,1803,99,1,27,4,4,6,97,6
8649,2021,3,1,1,11,2,1,6,602,99,2,55,10,10,12,104,6
8650,2021,3,1,1,13,3,2,6,602,99,1,28,4,4,6,104,6
8651,2021,3,3,3,14,3,2,6,613,99,1,999,12,16,18,104,6
8652,2021,3,3,3,15,3,2,6,602,99,1,35,6,6,8,104,6
8653,2021,3,3,3,16,3,2,6,601,99,2,30,5,5,7,104,6
8654,2021,3,4,4,11,2,1,6,614,99,2,23,3,3,5,97,6
8655,2021,3,4,4,11,2,1,6,608,99,1,64,11,11,13,104,6
8656,2021,3,4,4,17,3,2,6,608,99,1,66,11,12,14,104,6
8657,2021,3,5,5,15,3,2,6,602,99,2,45,8,8,10,97,6
8658,2021,3,5,5,15,3,2,6,608,99,2,33,5,5,7,104,6
8659,2021,3,5,5,17,3,2,6,601,99,1,27,4,4,6,97,6
8660,2021,3,7,7,13,3,2,6,602,99,1,35,6,6,8,97,6
8661,2021,3,8,1,10,2,1,6,609,99,1,27,4,4,6,104,6
8662,2021,3,8,1,14,3,2,6,603,99,1,28,4,4,6,97,6
8663,2021,3,8,1,15,3,2,6,609,99,2,38,6,6,8,104,6
8664,2021,3,8,1,17,3,2,6,602,99,1,29,4,4,6,104,6
8665,2021,3,9,2,12,3,2,6,603,99,1,72,11,13,15,104,6
8666,2021,3,9,2,15,3,2,1,103,99,1,37,6,6,8,97,6
8667,2021,3,10,3,12,3,2,6,611,99,1,31,5,5,7,97,6
8668,2021,3,11,4,10,2,1,6,603,99,2,999,12,16,18,104,6
8669,2021,3,11,4,11,2,1,6,614,99,2,23,3,3,5,104,6
8670,2021,3,11,4,13,3,2,6,602,99,1,28,4,4,6,104,6
8671,2021,3,11,4,12,3,2,6,601,99,1,41,7,7,9,104,6
8672,2021,3,13,6,19,4,3,6,613,99,2,26,4,4,6,97,6
8673,2021,3,14,7,99,5,4,6,602,99,2,42,7,7,9,104,6
8674,2021,3,15,1,13,3,2,6,610,99,1,33,5,5,7,104,6
8675,2021,3,15,1,13,3,2,6,614,99,1,50,9,9,11,104,6
8676,2021,3,15,1,13,3,2,6,612,99,1,40,7,7,9,104,6
8677,2021,3,15,1,13,3,2,6,605,99,1,27,4,4,6,104,6
8678,2021,3,15,1,18,4,3,6,602,99,1,22,3,3,5,104,6
8679,2021,3,15,1,19,4,3,6,604,99,2,22,3,3,5,104,6
8680,2021,3,16,2,10,2,1,6,609,99,1,25,4,4,6,104,6
8681,2021,3,16,2,16,3,2,6,601,99,1,44,7,7,9,104,6
8682,2021,3,17,3,10,2,1,6,602,99,2,39,6,6,8,95,6
8683,2021,3,17,3,18,4,3,6,604,99,1,59,10,10,12,104,6
8684,2021,3,17,3,18,4,3,6,605,99,2,22,3,3,5,97,6
8685,2021,3,18,4,0,1,1,6,603,99,1,46,8,8,10,104,6
8686,2021,3,21,7,13,3,2,6,602,99,1,45,8,8,10,97,6
8687,2021,3,22,1,13,3,2,6,609,99,1,75,11,14,16,104,6
8688,2021,3,22,1,19,4,3,6,602,99,1,62,11,11,13,104,6
8689,2021,3,24,3,11,2,1,6,602,99,2,37,6,6,8,104,6
8690,2021,3,24,3,16,3,2,6,609,99,2,48,8,8,10,104,6
8691,2021,3,24,3,16,3,2,6,614,99,1,31,5,5,7,97,6
8692,2021,3,24,3,17,3,2,6,604,99,1,44,7,7,9,97,6
8693,2021,3,24,3,23,4,3,6,602,99,1,51,9,9,11,97,6
8694,2021,3,27,6,7,2,1,6,609,99,1,42,7,7,9,97,6
8695,2021,3,30,2,19,4,3,6,609,99,1,58,10,10,12,104,6
8696,2021,3,31,3,12,3,2,6,601,99,2,32,5,5,7,104,6
8697,2021,3,31,3,14,3,2,6,608,99,2,25,4,4,6,104,6
8698,2021,3,31,3,16,3,2,6,602,99,2,24,3,3,5,104,6
8699,2021,3,1,1,11,2,1,1,115,99,2,29,4,4,6,104,6
8700,2021,3,1,1,17,3,2,1,102,99,2,45,8,8,10,104,6
8701,2021,3,1,1,12,3,2,1,101,21,1,41,7,7,9,97,6
8702,2021,3,2,2,17,3,2,1,117,99,1,34,5,5,7,97,6
8703,2021,3,2,2,12,3,2,1,114,99,1,33,5,5,7,104,6
8704,2021,3,2,2,11,2,1,1,115,99,2,41,7,7,9,104,6
8705,2021,3,2,2,20,4,3,1,115,99,1,41,7,7,9,94,6
8706,2021,3,3,3,0,1,1,1,115,99,2,38,6,6,8,97,6
8707,2021,3,3,3,9,2,1,1,115,99,2,40,7,7,9,104,6
8708,2021,3,3,3,21,4,3,1,115,99,2,39,6,6,8,104,6
8709,2021,3,3,3,13,3,2,1,115,99,2,47,8,8,10,104,6
8710,2021,3,4,4,16,3,2,1,115,99,1,24,3,3,5,104,6
8711,2021,3,5,5,16,3,2,1,116,99,1,40,7,7,9,97,6
8712,2021,3,5,5,9,2,1,1,117,99,1,53,9,9,11,97,6
8713,2021,3,5,5,11,2,1,1,115,99,2,32,5,5,7,104,6
8714,2021,3,6,6,14,3,2,1,117,99,1,50,9,9,11,95,6
8715,2021,3,6,6,15,3,2,1,115,99,1,26,4,4,6,104,6
8716,2021,3,6,6,16,3,2,1,115,99,1,34,5,5,7,104,6
8717,2021,3,7,7,17,3,2,1,117,99,1,36,6,6,8,104,6
8718,2021,3,8,1,10,2,1,1,117,99,1,75,11,14,16,104,6
8719,2021,3,8,1,17,3,2,1,115,99,1,26,4,4,6,97,6
8720,2021,3,8,1,20,4,3,1,116,99,2,25,4,4,6,104,6
8721,2021,3,8,1,12,3,2,1,115,99,2,32,5,5,7,104,6
8722,2021,3,9,2,2,1,1,1,116,99,1,64,11,11,13,104,6
8723,2021,3,9,2,10,2,1,1,115,99,1,57,10,10,12,104,6
8724,2021,3,9,2,13,3,2,1,115,99,2,54,9,9,11,104,6
8725,2021,3,9,2,14,3,2,1,115,99,1,999,12,16,18,104,6
8726,2021,3,10,3,11,2,1,1,117,99,1,27,4,4,6,97,6
8727,2021,3,10,3,13,3,2,1,117,99,1,31,5,5,7,97,6
8728,2021,3,10,3,13,3,2,1,115,99,1,999,12,16,18,97,6
8729,2021,3,10,3,14,3,2,1,115,99,1,27,4,4,6,97,6
8730,2021,3,11,4,15,3,2,1,117,99,2,44,7,7,9,97,6
8731,2021,3,11,4,16,3,2,1,115,99,1,24,3,3,5,104,6
8732,2021,3,11,4,13,3,2,1,115,99,2,26,4,4,6,97,6
8733,2021,3,12,5,13,3,2,1,114,99,1,65,11,12,14,97,6
8734,2021,3,12,5,14,3,2,1,114,99,1,33,5,5,7,97,6
8735,2021,3,12,5,16,3,2,1,116,99,1,23,3,3,5,97,6
8736,2021,3,13,6,15,3,2,1,115,99,2,40,7,7,9,97,6
8737,2021,3,13,6,12,3,2,1,117,99,1,32,5,5,7,104,6
8738,2021,3,14,7,15,3,2,1,117,99,2,34,5,5,7,104,6
8739,2021,3,14,7,15,3,2,1,115,99,1,41,7,7,9,97,6
8740,2021,3,14,7,17,3,2,1,115,99,1,49,8,8,10,97,6
8741,2021,3,15,1,12,3,2,1,101,21,1,55,10,10,12,104,6
8742,2021,3,15,1,14,3,2,1,115,99,1,35,6,6,8,104,6
8743,2021,3,15,1,15,3,2,1,115,99,1,36,6,6,8,104,6
8744,2021,3,15,1,17,3,2,1,114,99,1,37,6,6,8,104,6
8745,2021,3,16,2,11,2,1,1,115,99,2,28,4,4,6,104,6
8746,2021,3,16,2,18,4,3,1,115,99,2,43,7,7,9,97,6
8747,2021,3,17,3,12,3,2,1,115,99,1,33,5,5,7,104,6
8748,2021,3,18,4,11,2,1,1,117,99,1,44,7,7,9,104,6
8749,2021,3,18,4,9,2,1,1,115,99,2,23,3,3,5,104,6
8750,2021,3,18,4,10,2,1,1,115,99,1,35,6,6,8,104,6
8751,2021,3,18,4,6,2,1,1,115,99,1,37,6,6,8,104,6
8752,2021,3,18,4,12,3,2,1,115,99,1,55,10,10,12,104,6
8753,2021,3,20,6,10,2,1,1,115,99,1,37,6,6,8,104,6
8754,2021,3,21,7,15,3,2,1,115,99,2,26,4,4,6,104,6
8755,2021,3,21,7,8,2,1,1,115,99,2,32,5,5,7,104,6
8756,2021,3,21,7,17,3,2,1,115,99,1,39,6,6,8,104,6
8757,2021,3,22,1,16,3,2,1,115,99,2,37,6,6,8,104,6
8758,2021,3,22,1,13,3,2,1,115,99,1,48,8,8,10,97,6
8759,2021,3,22,1,16,3,2,1,115,99,2,28,4,4,6,104,6
8760,2021,3,23,2,13,3,2,1,117,99,1,24,3,3,5,104,6
8761,2021,3,23,2,12,3,2,1,115,99,1,35,6,6,8,104,6
8762,2021,3,23,2,11,2,1,1,115,99,1,25,4,4,6,104,6
8763,2021,3,23,2,14,3,2,1,117,99,1,48,8,8,10,104,6
8764,2021,3,23,2,21,4,3,1,115,99,1,49,8,8,10,104,6
8765,2021,3,24,3,10,2,1,1,114,99,1,25,4,4,6,95,6
8766,2021,3,25,4,14,3,2,1,115,99,1,39,6,6,8,104,6
8767,2021,3,25,4,10,2,1,1,115,99,2,26,4,4,6,97,6
8768,2021,3,25,4,16,3,2,1,117,99,2,26,4,4,6,96,6
8769,2021,3,25,4,16,3,2,1,117,99,2,51,9,9,11,104,6
8770,2021,3,25,4,16,3,2,1,117,99,2,45,8,8,10,104,6
8771,2021,3,25,4,14,3,2,1,115,99,1,41,7,7,9,104,6
8772,2021,3,25,4,9,2,1,1,116,99,1,48,8,8,10,104,6
8773,2021,3,25,4,15,3,2,1,115,99,2,31,5,5,7,104,6
8774,2021,3,25,4,17,3,2,1,117,99,1,27,4,4,6,97,6
8775,2021,3,26,5,14,3,2,1,115,99,1,33,5,5,7,104,6
8776,2021,3,26,5,16,3,2,1,114,99,1,27,4,4,6,104,6
8777,2021,3,27,6,10,2,1,1,115,99,2,45,8,8,10,104,6
8778,2021,3,27,6,11,2,1,1,115,99,1,49,8,8,10,104,6
8779,2021,3,27,6,13,3,2,1,115,99,1,20,3,3,5,104,6
8780,2021,3,28,7,11,2,1,1,115,99,2,24,3,3,5,104,6
8781,2021,3,28,7,15,3,2,1,115,99,1,40,7,7,9,97,6
8782,2021,3,28,7,10,2,1,1,115,99,2,30,5,5,7,97,6
8783,2021,3,28,7,17,3,2,1,116,99,1,28,4,4,6,97,6
8784,2021,3,29,1,9,2,1,5,501,99,1,31,5,5,7,97,6
8785,2021,3,29,1,16,3,2,1,115,99,1,18,2,2,4,104,6
8786,2021,3,29,1,11,2,1,1,117,99,1,38,6,6,8,97,6
8787,2021,3,29,1,17,3,2,1,115,99,1,38,6,6,8,104,6
8788,2021,3,30,2,10,2,1,1,115,99,1,32,5,5,7,104,6
8789,2021,3,30,2,10,2,1,1,114,99,1,69,11,12,14,95,6
8790,2021,3,30,2,18,4,3,1,115,99,1,50,9,9,11,104,6
8791,2021,3,30,2,15,3,2,1,114,99,1,36,6,6,8,97,6
8792,2021,3,31,3,13,3,2,10,1002,99,1,39,6,6,8,104,6
8793,2021,3,31,3,16,3,2,1,115,99,1,26,4,4,6,104,6
8794,2021,3,31,3,16,3,2,1,115,99,1,36,6,6,8,104,6
8795,2021,3,31,3,11,2,1,1,114,99,1,36,6,6,8,95,6
8796,2021,3,1,1,12,3,2,1,108,99,1,33,5,5,7,97,6
8797,2021,3,1,1,11,2,1,1,110,99,1,45,8,8,10,97,6
8798,2021,3,2,2,10,2,1,1,110,99,2,30,5,5,7,97,6
8799,2021,3,2,2,9,2,1,1,108,99,2,36,6,6,8,104,6
8800,2021,3,3,3,10,2,1,1,110,99,2,57,10,10,12,97,6
8801,2021,3,3,3,11,2,1,1,108,99,1,32,5,5,7,104,6
8802,2021,3,3,3,14,3,2,1,110,99,2,38,6,6,8,104,6
8803,2021,3,3,3,19,4,3,1,108,99,1,45,8,8,10,104,6
8804,2021,3,4,4,15,3,2,1,108,99,1,26,4,4,6,104,6
8805,2021,3,4,4,20,4,3,1,108,99,1,20,3,3,5,97,6
8806,2021,3,5,5,14,3,2,1,108,99,1,40,7,7,9,104,6
8807,2021,3,5,5,15,3,2,1,110,99,1,52,9,9,11,104,6
8808,2021,3,5,5,22,4,3,1,110,99,1,62,11,11,13,95,6
8809,2021,3,6,6,10,2,1,1,110,99,1,999,12,16,18,97,6
8810,2021,3,7,7,11,2,1,1,110,99,1,48,8,8,10,97,6
8811,2021,3,8,1,14,3,2,1,109,99,1,21,3,3,5,104,6
8812,2021,3,8,1,19,4,3,1,108,99,2,31,5,5,7,104,6
8813,2021,3,9,2,16,3,2,1,108,99,1,47,8,8,10,97,6
8814,2021,3,9,2,17,3,2,1,108,99,1,42,7,7,9,95,6
8815,2021,3,9,2,17,3,2,1,108,99,1,24,3,3,5,97,6
8816,2021,3,9,2,22,4,3,1,110,99,2,31,5,5,7,97,6
8817,2021,3,10,3,9,2,1,1,101,7,1,33,5,5,7,97,6
8818,2021,3,10,3,18,4,3,1,108,99,1,32,5,5,7,97,6
8819,2021,3,10,3,14,3,2,1,109,99,1,35,6,6,8,104,6
8820,2021,3,11,4,13,3,2,1,108,99,1,27,4,4,6,104,6
8821,2021,3,12,5,14,3,2,1,108,99,2,24,3,3,5,104,6
8822,2021,3,12,5,16,3,2,1,109,99,2,18,2,2,4,104,6
8823,2021,3,12,5,8,2,1,1,108,99,1,51,9,9,11,104,6
8824,2021,3,12,5,22,4,3,1,108,99,1,53,9,9,11,104,6
8825,2021,3,12,5,15,3,2,1,108,99,1,42,7,7,9,104,6
8826,2021,3,14,7,19,4,3,1,111,99,1,34,5,5,7,104,6
8827,2021,3,14,7,14,3,2,1,101,8,2,39,6,6,8,97,6
8828,2021,3,14,7,18,4,3,1,108,99,1,19,2,2,4,97,6
8829,2021,3,15,1,11,2,1,1,108,99,2,32,5,5,7,104,6
8830,2021,3,15,1,15,3,2,1,108,99,1,49,8,8,10,104,6
8831,2021,3,16,2,12,3,2,1,110,99,2,21,3,3,5,104,6
8832,2021,3,16,2,10,2,1,1,109,99,1,33,5,5,7,104,6
8833,2021,3,17,3,15,3,2,1,110,99,2,21,3,3,5,104,6
8834,2021,3,17,3,21,4,3,1,108,99,1,44,7,7,9,97,6
8835,2021,3,18,4,11,2,1,1,110,99,2,27,4,4,6,104,6
8836,2021,3,18,4,17,3,2,1,108,99,2,25,4,4,6,104,6
8837,2021,3,19,5,18,4,3,1,108,99,1,43,7,7,9,97,6
8838,2021,3,21,7,14,3,2,1,108,99,2,55,10,10,12,104,6
8839,2021,3,22,1,11,2,1,1,110,99,1,19,2,2,4,104,6
8840,2021,3,22,1,12,3,2,1,109,99,1,35,6,6,8,104,6
8841,2021,3,23,2,11,2,1,1,110,99,1,33,5,5,7,104,6
8842,2021,3,23,2,13,3,2,1,117,99,1,32,5,5,7,97,6
8843,2021,3,23,2,14,3,2,1,108,99,1,40,7,7,9,104,6
8844,2021,3,23,2,17,3,2,1,106,99,1,27,4,4,6,97,6
8845,2021,3,24,3,12,3,2,1,108,99,2,44,7,7,9,104,6
8846,2021,3,24,3,15,3,2,1,108,99,2,42,7,7,9,97,6
8847,2021,3,24,3,9,2,1,1,101,1,1,61,11,11,13,104,6
8848,2021,3,25,4,8,2,1,1,108,99,1,26,4,4,6,104,6
8849,2021,3,25,4,14,3,2,1,110,99,2,25,4,4,6,97,6
8850,2021,3,25,4,16,3,2,1,108,99,2,38,6,6,8,97,6
8851,2021,3,26,5,11,2,1,1,108,99,1,38,6,6,8,104,6
8852,2021,3,26,5,15,3,2,1,108,99,1,50,9,9,11,97,6
8853,2021,3,26,5,9,2,1,1,110,99,1,30,5,5,7,104,6
8854,2021,3,26,5,15,3,2,1,111,99,1,36,6,6,8,104,6
8855,2021,3,27,6,19,4,3,1,110,99,2,20,3,3,5,104,6
8856,2021,3,27,6,12,3,2,1,108,99,1,67,11,12,14,104,6
8857,2021,3,27,6,14,3,2,1,110,99,2,42,7,7,9,97,6
8858,2021,3,29,1,11,2,1,1,102,99,1,36,6,6,8,97,6
8859,2021,3,29,1,12,3,2,1,111,99,2,27,4,4,6,97,6
8860,2021,3,29,1,15,3,2,1,108,99,2,27,4,4,6,97,6
8861,2021,3,29,1,13,3,2,1,108,99,2,22,3,3,5,97,6
8862,2021,3,29,1,14,3,2,1,108,99,1,66,11,12,14,97,6
8863,2021,3,29,1,16,3,2,1,108,99,2,44,7,7,9,104,6
8864,2021,3,30,2,14,3,2,1,101,2,1,48,8,8,10,104,6
8865,2021,3,30,2,9,2,1,1,108,99,2,30,5,5,7,97,6
8866,2021,3,30,2,15,3,2,1,108,99,1,42,7,7,9,97,6
8867,2021,3,31,3,15,3,2,1,108,99,1,38,6,6,8,97,6
8868,2021,3,31,3,19,4,3,1,108,99,2,37,6,6,8,97,6
8869,2021,3,4,4,11,2,1,9,917,99,2,34,5,5,7,104,6
8870,2021,3,4,4,17,3,2,12,1220,99,2,23,3,3,5,97,6
8871,2021,3,5,5,13,3,2,9,920,99,2,53,9,9,11,104,6
8872,2021,3,8,1,9,2,1,12,1211,99,2,58,10,10,12,104,6
8873,2021,3,8,1,16,3,2,9,920,99,2,999,12,16,18,104,6
8874,2021,3,8,1,13,3,2,9,917,99,1,33,5,5,7,97,6
8875,2021,3,9,2,20,4,3,9,920,99,2,35,6,6,8,104,6
8876,2021,3,9,2,15,3,2,9,920,99,2,43,7,7,9,97,6
8877,2021,3,12,5,22,4,3,9,917,99,1,38,6,6,8,97,6
8878,2021,3,14,7,14,3,2,9,920,99,2,65,11,12,14,104,6
8879,2021,3,15,1,18,4,3,9,917,99,1,36,6,6,8,97,6
8880,2021,3,15,1,19,4,3,9,917,99,2,26,4,4,6,104,6
8881,2021,3,16,2,9,2,1,9,920,99,2,38,6,6,8,97,6
8882,2021,3,16,2,12,3,2,9,920,99,2,42,7,7,9,104,6
8883,2021,3,16,2,13,3,2,9,920,99,2,42,7,7,9,104,6
8884,2021,3,19,5,11,2,1,9,920,99,9,999,12,16,18,99,6
8885,2021,3,20,6,14,3,2,9,920,99,2,52,9,9,11,97,6
8886,2021,3,21,7,18,4,3,9,920,99,1,45,8,8,10,95,6
8887,2021,3,22,1,9,2,1,9,920,99,1,57,10,10,12,95,6
8888,2021,3,23,2,16,3,2,9,920,99,2,28,4,4,6,104,6
8889,2021,3,23,2,17,3,2,9,920,99,2,24,3,3,5,104,6
8890,2021,3,25,4,10,2,1,9,920,99,2,999,12,16,18,97,6
8891,2021,3,25,4,11,2,1,9,920,99,1,999,12,16,18,97,6
8892,2021,3,26,5,9,2,1,9,920,99,1,35,6,6,8,97,6
8893,2021,3,26,5,10,2,1,9,920,99,2,999,12,16,18,104,6
8894,2021,3,27,6,12,3,2,9,920,99,1,999,12,16,18,104,6
8895,2021,3,27,6,14,3,2,9,920,99,1,30,5,5,7,104,6
8896,2021,3,27,6,10,2,1,9,920,99,2,23,3,3,5,97,6
8897,2021,3,29,1,20,4,3,9,920,99,2,999,12,16,18,104,6
8898,2021,3,30,2,15,3,2,9,920,99,2,30,5,5,7,104,6
8899,2021,4,1,4,8,2,1,1,114,99,2,39,6,6,8,75,3
8900,2021,4,1,4,8,2,1,22,2203,99,1,35,6,6,8,75,3
8901,2021,4,1,4,15,3,2,5,501,99,1,60,11,11,13,75,3
8902,2021,4,1,4,19,4,3,1,101,3,1,33,5,5,7,75,3
8903,2021,4,1,4,22,4,3,1,115,99,1,20,3,3,5,69,3
8904,2021,4,2,5,15,3,2,18,1801,99,1,47,8,8,10,75,3
8905,2021,4,2,5,19,4,3,5,502,99,1,45,8,8,10,75,3
8906,2021,4,3,6,19,4,3,22,2203,99,1,39,6,6,8,75,3
8907,2021,4,3,6,19,4,3,22,2203,99,1,39,6,6,8,75,3
8908,2021,4,4,7,14,3,2,1,101,11,1,51,9,9,11,75,3
8909,2021,4,4,7,13,3,2,1,114,99,1,35,6,6,8,69,3
8910,2021,4,4,7,13,3,2,1,114,99,1,35,6,6,8,69,3
8911,2021,4,5,1,18,4,3,6,602,99,1,30,5,5,7,75,3
8912,2021,4,6,2,9,2,1,17,1705,99,1,75,11,14,16,75,3
8913,2021,4,9,5,5,1,1,1,101,6,1,30,5,5,7,69,3
8914,2021,4,9,5,5,1,1,1,101,6,1,30,5,5,7,69,3
8915,2021,4,9,5,12,3,2,17,1701,99,2,43,7,7,9,75,3
8916,2021,4,9,5,16,3,2,17,1704,99,1,38,6,6,8,75,3
8917,2021,4,9,5,13,3,2,4,406,99,1,57,10,10,12,75,3
8918,2021,4,10,6,19,4,3,1,101,12,1,34,5,5,7,75,3
8919,2021,4,11,7,0,1,1,1,101,11,1,27,4,4,6,75,3
8920,2021,4,11,7,7,2,1,1,101,18,1,58,10,10,12,75,3
8921,2021,4,11,7,12,3,2,1,101,7,1,40,7,7,9,75,3
8922,2021,4,12,1,8,2,1,2,203,99,1,32,5,5,7,75,3
8923,2021,4,12,1,14,3,2,2,201,99,1,59,10,10,12,75,3
8924,2021,4,12,1,11,2,1,18,1804,99,1,32,5,5,7,75,3
8925,2021,4,12,1,7,2,1,1,101,15,1,26,4,4,6,75,3
8926,2021,4,12,1,7,2,1,1,101,15,1,26,4,4,6,75,3
8927,2021,4,12,1,7,2,1,1,101,15,1,26,4,4,6,75,3
8928,2021,4,13,2,21,4,3,17,1701,99,1,999,12,16,18,75,3
8929,2021,4,14,3,20,4,3,17,1711,99,1,44,7,7,9,75,3
8930,2021,4,15,4,10,2,1,14,1404,99,1,999,12,16,18,69,3
8931,2021,4,15,4,7,2,1,1,101,11,1,50,9,9,11,69,3
8932,2021,4,15,4,22,4,3,1,101,11,1,57,10,10,12,75,3
8933,2021,4,17,6,9,2,1,1,101,1,1,42,7,7,9,69,3
8934,2021,4,17,6,16,3,2,1,115,99,1,38,6,6,8,75,3
8935,2021,4,17,6,8,2,1,18,1801,99,1,33,5,5,7,69,3
8936,2021,4,17,6,15,3,2,1,113,99,1,22,3,3,5,69,3
8937,2021,4,18,7,11,2,1,1,101,13,1,29,4,4,6,69,3
8938,2021,4,18,7,12,3,2,1,101,5,1,47,8,8,10,75,3
8939,2021,4,18,7,7,2,1,19,1901,99,1,41,7,7,9,75,3
8940,2021,4,18,7,13,3,2,5,509,99,1,52,9,9,11,69,3
8941,2021,4,18,7,17,3,2,5,509,99,1,49,8,8,10,75,3
8942,2021,4,18,7,23,4,3,2,205,99,1,48,8,8,10,69,3
8943,2021,4,19,1,20,4,3,1,101,15,1,30,5,5,7,75,3
8944,2021,4,19,1,15,3,2,1,101,11,1,49,8,8,10,75,3
8945,2021,4,19,1,1,1,1,1,115,99,1,37,6,6,8,75,3
8946,2021,4,19,1,14,3,2,5,502,99,1,30,5,5,7,75,3
8947,2021,4,21,3,10,2,1,6,609,99,1,45,8,8,10,75,3
8948,2021,4,22,4,20,4,3,1,114,99,1,26,4,4,6,75,3
8949,2021,4,23,5,7,2,1,1,103,99,1,40,7,7,9,69,3
8950,2021,4,23,5,18,4,3,1,114,99,1,24,3,3,5,69,3
8951,2021,4,24,6,18,4,3,1,101,19,1,46,8,8,10,69,3
8952,2021,4,25,7,1,1,1,19,1903,99,1,28,4,4,6,69,3
8953,2021,4,25,7,8,2,1,10,1006,99,1,78,11,14,16,69,3
8954,2021,4,28,3,16,3,2,1,101,10,1,38,6,6,8,75,3
8955,2021,4,27,3,16,3,2,18,1805,99,1,31,5,5,7,75,3
8956,2021,4,27,3,8,2,1,17,1701,99,1,31,5,5,7,75,3
8957,2021,4,30,5,9,2,1,1,101,10,1,27,4,4,6,75,3
8958,2021,4,30,5,20,4,3,1,116,99,1,25,4,4,6,75,3
8959,2021,4,30,5,20,4,3,1,116,99,1,25,4,4,6,75,3
8960,2021,4,30,5,20,4,3,1,116,99,1,25,4,4,6,75,3
8961,2021,4,30,5,12,3,2,1,108,99,1,34,5,5,7,69,3
8962,2021,4,1,4,2,1,1,13,1309,99,2,55,10,10,12,81,3
8963,2021,4,1,4,9,2,1,22,2201,99,2,30,5,5,7,20,3
8964,2021,4,1,4,16,3,2,1,105,99,1,47,8,8,10,81,3
8965,2021,4,2,5,19,4,3,1,101,5,2,48,8,8,10,19,3
8966,2021,4,2,5,19,4,3,1,101,5,2,46,8,8,10,19,3
8967,2021,4,2,5,17,3,2,21,2101,99,2,68,11,12,14,19,3
8968,2021,4,2,5,19,4,3,11,1101,99,1,23,3,3,5,20,3
8969,2021,4,3,6,1,1,1,1,116,99,2,28,4,4,6,81,3
8970,2021,4,3,6,8,2,1,5,513,99,1,999,12,16,18,19,3
8971,2021,4,3,6,12,3,2,14,1401,99,2,19,2,2,4,21,3
8972,2021,4,3,6,14,3,2,12,1204,99,1,999,12,16,18,21,3
8973,2021,4,3,6,22,4,3,22,2205,99,1,39,6,6,8,81,3
8974,2021,4,3,6,18,4,3,1,115,99,2,58,10,10,12,81,3
8975,2021,4,3,6,18,4,3,1,115,99,2,58,10,10,12,20,3
8976,2021,4,3,6,21,4,3,9,901,99,1,24,3,3,5,21,3
8977,2021,4,4,7,13,3,2,1,114,99,1,35,6,6,8,19,3
8978,2021,4,4,7,12,3,2,11,1101,99,1,24,3,3,5,20,3
8979,2021,4,5,1,15,3,2,1,101,8,1,36,6,6,8,19,3
8980,2021,4,5,1,19,4,3,1,101,21,2,49,8,8,10,19,3
8981,2021,4,5,1,14,3,2,21,2101,99,1,999,12,16,18,20,3
8982,2021,4,5,1,4,1,1,5,501,99,1,999,12,16,18,21,3
8983,2021,4,5,1,15,3,2,13,1301,99,2,37,6,6,8,21,3
8984,2021,4,5,1,14,3,2,15,1508,99,2,23,3,3,5,81,3
8985,2021,4,5,1,22,4,3,4,401,99,1,19,2,2,4,19,3
8986,2021,4,6,2,13,3,2,1,101,17,1,29,4,4,6,21,3
8987,2021,4,6,2,11,2,1,1,101,16,1,26,4,4,6,20,3
8988,2021,4,6,2,15,3,2,1,115,99,1,34,5,5,7,20,3
8989,2021,4,6,2,20,4,3,1,117,99,1,38,6,6,8,20,3
8990,2021,4,6,2,9,2,1,1,108,99,1,25,4,4,6,20,3
8991,2021,4,6,2,1,1,1,20,2001,99,1,24,3,3,5,20,3
8992,2021,4,7,3,17,3,2,1,107,99,2,40,7,7,9,19,3
8993,2021,4,7,3,7,2,1,1,101,11,2,38,6,6,8,19,3
8994,2021,4,7,3,0,1,1,13,1323,99,1,50,9,9,11,19,3
8995,2021,4,7,3,5,1,1,16,1616,99,2,43,7,7,9,19,3
8996,2021,4,7,3,20,4,3,15,1505,99,1,46,8,8,10,20,3
8997,2021,4,8,4,16,3,2,1,101,11,1,64,11,11,13,20,3
8998,2021,4,8,4,9,2,1,22,2201,99,1,999,12,16,18,20,3
8999,2021,4,8,4,17,3,2,13,1319,99,2,999,12,16,18,19,3
9000,2021,4,8,4,12,3,2,17,1701,99,2,19,2,2,4,20,3
9001,2021,4,9,5,11,2,1,12,1202,99,1,999,12,16,18,20,3
9002,2021,4,9,5,9,2,1,4,414,99,1,36,6,6,8,19,3
9003,2021,4,10,6,7,2,1,1,101,7,1,37,6,6,8,20,3
9004,2021,4,10,6,4,1,1,1,108,99,1,31,5,5,7,20,3
9005,2021,4,10,6,8,2,1,15,1503,99,2,33,5,5,7,20,3
9006,2021,4,10,6,11,2,1,4,401,99,2,30,5,5,7,20,3
9007,2021,4,11,7,14,3,2,16,1614,99,1,61,11,11,13,20,3
9008,2021,4,11,7,16,3,2,20,2001,99,2,57,10,10,12,81,3
9009,2021,4,12,1,21,4,3,12,1216,99,1,999,12,16,18,81,3
9010,2021,4,12,1,11,2,1,18,1804,99,1,32,5,5,7,81,3
9011,2021,4,13,2,9,2,1,1,108,99,1,31,5,5,7,21,3
9012,2021,4,13,2,12,3,2,1,111,99,1,999,12,16,18,21,3
9013,2021,4,13,2,11,2,1,1,108,99,1,70,11,13,15,19,3
9014,2021,4,13,2,3,1,1,12,1204,99,2,999,12,16,18,81,3
9015,2021,4,13,2,16,3,2,16,1608,99,2,48,8,8,10,81,3
9016,2021,4,13,2,10,2,1,18,1801,99,1,57,10,10,12,81,3
9017,2021,4,13,2,9,2,1,3,312,99,1,999,12,16,18,21,3
9018,2021,4,14,3,11,2,1,13,1305,99,2,60,11,11,13,21,3
9019,2021,4,14,3,20,4,3,17,1711,99,1,44,7,7,9,81,3
9020,2021,4,15,4,7,2,1,1,101,11,1,50,9,9,11,20,3
9021,2021,4,15,4,12,3,2,1,108,99,1,20,3,3,5,21,3
9022,2021,4,15,4,17,3,2,22,2205,99,1,30,5,5,7,81,3
9023,2021,4,15,4,8,2,1,13,1301,99,2,45,8,8,10,21,3
9024,2021,4,16,5,13,3,2,1,101,16,1,54,9,9,11,20,3
9025,2021,4,16,5,16,3,2,1,101,11,2,26,4,4,6,19,3
9026,2021,4,16,5,20,4,3,19,1901,99,1,45,8,8,10,81,3
9027,2021,4,16,5,12,3,2,5,506,99,1,999,12,16,18,20,3
9028,2021,4,16,5,18,4,3,5,505,99,1,66,11,12,14,19,3
9029,2021,4,16,5,15,3,2,17,1704,99,2,999,12,16,18,21,3
9030,2021,4,16,5,13,3,2,4,406,99,1,32,5,5,7,20,3
9031,2021,4,17,6,5,1,1,1,101,1,1,37,6,6,8,20,3
9032,2021,4,17,6,17,3,2,1,115,99,1,38,6,6,8,81,3
9033,2021,4,17,6,4,1,1,22,2205,99,1,999,12,16,18,32,3
9034,2021,4,18,7,9,2,1,1,101,18,9,999,12,16,18,81,3
9035,2021,4,18,7,7,2,1,1,116,99,1,21,3,3,5,20,3
9036,2021,4,18,7,7,2,1,19,1901,99,1,41,7,7,9,81,3
9037,2021,4,18,7,8,2,1,19,1901,99,2,25,4,4,6,20,3
9038,2021,4,18,7,19,4,3,6,605,99,1,28,4,4,6,19,3
9039,2021,4,18,7,14,3,2,9,920,99,1,20,3,3,5,21,3
9040,2021,4,18,7,11,2,1,17,1712,99,2,46,8,8,10,19,3
9041,2021,4,19,1,8,2,1,1,101,7,2,32,5,5,7,20,3
9042,2021,4,19,1,16,3,2,1,101,7,1,67,11,12,14,19,3
9043,2021,4,19,1,12,3,2,1,115,99,2,37,6,6,8,19,3
9044,2021,4,19,1,17,3,2,1,116,99,1,23,3,3,5,19,3
9045,2021,4,19,1,7,2,1,1,108,99,1,57,10,10,12,20,3
9046,2021,4,19,1,15,3,2,13,1309,99,2,35,6,6,8,81,3
9047,2021,4,19,1,0,1,1,15,1502,99,2,999,12,16,18,20,3
9048,2021,4,19,1,0,1,1,15,1502,99,2,30,5,5,7,20,3
9049,2021,4,21,3,7,2,1,5,501,99,2,65,11,12,14,21,3
9050,2021,4,21,3,13,3,2,11,1106,99,2,18,2,2,4,20,3
9051,2021,4,21,3,11,2,1,14,1414,99,1,28,4,4,6,20,3
9052,2021,4,21,3,22,4,3,5,502,99,2,28,4,4,6,20,3
9053,2021,4,22,4,15,3,2,1,101,5,1,27,4,4,6,20,3
9054,2021,4,22,4,23,4,3,1,114,99,1,22,3,3,5,20,3
9055,2021,4,22,4,19,4,3,1,117,99,2,51,9,9,11,19,3
9056,2021,4,22,4,11,2,1,1,108,99,1,39,6,6,8,19,3
9057,2021,4,22,4,5,1,1,4,416,99,9,999,12,16,18,19,3
9058,2021,4,23,5,15,3,2,1,101,1,2,21,3,3,5,20,3
9059,2021,4,23,5,8,2,1,1,101,10,1,59,10,10,12,20,3
9060,2021,4,23,5,7,2,1,1,106,99,1,40,7,7,9,33,3
9061,2021,4,23,5,18,4,3,1,114,99,1,24,3,3,5,33,3
9062,2021,4,23,5,20,4,3,13,1306,99,1,999,12,16,18,20,3
9063,2021,4,24,6,7,2,1,14,1401,99,2,33,5,5,7,20,3
9064,2021,4,25,7,7,2,1,1,101,1,2,55,10,10,12,20,3
9065,2021,4,25,7,12,3,2,1,101,15,2,49,8,8,10,20,3
9066,2021,4,25,7,20,4,3,1,101,7,1,41,7,7,9,20,3
9067,2021,4,25,7,1,1,1,19,1903,99,1,28,4,4,6,20,3
9068,2021,4,25,7,13,3,2,10,1001,99,9,999,12,16,18,20,3
9069,2021,4,26,1,7,2,1,5,501,99,1,43,7,7,9,20,3
9070,2021,4,26,1,4,1,1,6,608,99,2,38,6,6,8,20,3
9071,2021,4,26,1,17,3,2,1,117,99,2,31,5,5,7,19,3
9072,2021,4,26,1,17,3,2,4,401,99,1,999,12,16,18,20,3
9073,2021,4,27,2,13,3,2,1,101,7,1,999,12,16,18,20,3
9074,2021,4,27,2,3,1,1,13,1301,99,9,999,12,16,18,20,3
9075,2021,4,27,2,17,3,2,3,306,99,1,999,12,16,18,20,3
9076,2021,4,28,3,11,2,1,1,114,99,1,999,12,16,18,33,3
9077,2021,4,28,3,11,2,1,5,501,99,1,18,2,2,4,19,3
9078,2021,4,28,3,12,3,2,9,901,99,1,999,12,16,18,20,3
9079,2021,4,29,4,14,3,2,10,1008,99,2,36,6,6,8,20,3
9080,2021,4,29,4,13,3,2,1,101,12,1,46,8,8,10,19,3
9081,2021,4,30,5,9,2,1,1,101,1,2,52,9,9,11,20,3
9082,2021,4,30,5,6,2,1,1,102,99,1,999,12,16,18,81,3
9083,2021,4,30,5,21,4,3,1,115,99,1,30,5,5,7,19,3
9084,2021,4,30,5,19,4,3,1,108,99,2,36,6,6,8,20,3
9085,2021,4,30,5,10,2,1,5,513,99,1,999,12,16,18,20,3
9086,2021,4,30,5,11,2,1,11,1101,99,1,30,5,5,7,20,3
9087,2021,4,30,5,22,4,3,13,1312,99,1,51,9,9,11,19,3
9088,2021,4,30,5,5,1,1,18,1804,99,1,27,4,4,6,20,3
9089,2021,4,1,4,22,4,3,22,2211,99,1,17,2,2,4,30,3
9090,2021,4,1,4,13,3,2,5,502,99,2,999,12,16,18,30,3
9091,2021,4,1,4,20,4,3,1,108,99,1,43,7,7,9,30,3
9092,2021,4,2,5,14,3,2,1,101,7,1,21,3,3,5,30,3
9093,2021,4,2,5,14,3,2,5,501,99,2,23,3,3,5,30,3
9094,2021,4,3,6,9,2,1,1,101,6,1,17,2,2,4,30,3
9095,2021,4,3,6,18,4,3,5,501,99,2,999,12,16,18,30,3
9096,2021,4,4,7,1,1,1,1,115,99,1,24,3,3,5,30,3
9097,2021,4,4,7,21,4,3,16,1601,99,1,48,8,8,10,30,3
9098,2021,4,4,7,12,3,2,4,409,99,2,19,2,2,4,30,3
9099,2021,4,5,1,1,1,1,13,1326,99,1,999,12,16,18,30,3
9100,2021,4,5,1,23,4,3,18,1801,99,1,42,7,7,9,30,3
9101,2021,4,6,2,11,2,1,1,103,99,1,27,4,4,6,30,3
9102,2021,4,6,2,16,3,2,1,101,21,1,22,3,3,5,30,3
9103,2021,4,6,2,18,4,3,6,602,99,2,17,2,2,4,30,3
9104,2021,4,6,2,11,2,1,10,1006,99,1,42,7,7,9,30,3
9105,2021,4,8,4,21,4,3,1,114,99,1,19,2,2,4,30,3
9106,2021,4,9,5,23,4,3,1,101,1,1,19,2,2,4,30,3
9107,2021,4,9,5,5,1,1,1,101,6,1,30,5,5,7,30,3
9108,2021,4,10,6,10,2,1,1,108,99,2,19,2,2,4,30,3
9109,2021,4,10,6,18,4,3,20,2001,99,1,42,7,7,9,30,3
9110,2021,4,11,7,17,3,2,12,1222,99,2,37,6,6,8,30,3
9111,2021,4,12,1,20,4,3,6,601,99,1,17,2,2,4,30,3
9112,2021,4,12,1,16,3,2,10,1001,99,2,24,3,3,5,30,3
9113,2021,4,13,2,22,4,3,1,101,13,2,35,6,6,8,30,3
9114,2021,4,13,2,15,3,2,1,101,11,2,20,3,3,5,30,3
9115,2021,4,14,3,7,2,1,1,101,1,1,21,3,3,5,30,3
9116,2021,4,14,3,20,4,3,1,101,12,1,25,4,4,6,30,3
9117,2021,4,14,3,20,4,3,1,115,99,2,19,2,2,4,30,3
9118,2021,4,15,4,8,2,1,1,101,13,2,30,5,5,7,30,3
9119,2021,4,15,4,19,4,3,1,115,99,2,20,3,3,5,30,3
9120,2021,4,16,5,14,3,2,1,101,14,2,54,9,9,11,30,3
9121,2021,4,16,5,14,3,2,1,101,14,2,20,3,3,5,30,3
9122,2021,4,17,6,9,2,1,1,101,1,1,42,7,7,9,30,3
9123,2021,4,17,6,9,2,1,1,101,1,2,28,4,4,6,30,3
9124,2021,4,17,6,14,3,2,1,101,18,1,36,6,6,8,30,3
9125,2021,4,17,6,18,4,3,5,501,99,1,30,5,5,7,30,3
9126,2021,4,17,6,18,4,3,5,501,99,1,19,2,2,4,30,3
9127,2021,4,18,7,21,4,3,16,1609,99,1,43,7,7,9,30,3
9128,2021,4,18,7,21,4,3,16,1609,99,2,27,4,4,6,30,3
9129,2021,4,19,1,8,2,1,7,710,99,2,36,6,6,8,30,3
9130,2021,4,20,2,18,4,3,1,101,18,1,999,12,16,18,30,3
9131,2021,4,20,2,15,3,2,1,116,99,2,999,12,16,18,30,3
9132,2021,4,21,3,13,3,2,17,1709,99,1,999,12,16,18,30,3
9133,2021,4,21,3,1,1,1,1,105,99,9,999,12,16,18,30,3
9134,2021,4,22,4,15,3,2,1,101,1,2,41,7,7,9,30,3
9135,2021,4,22,4,10,2,1,1,116,99,2,40,7,7,9,30,3
9136,2021,4,22,4,19,4,3,12,1215,99,1,999,12,16,18,30,3
9137,2021,4,22,4,13,3,2,4,409,99,1,23,3,3,5,30,3
9138,2021,4,23,5,18,4,3,1,101,1,1,30,5,5,7,30,3
9139,2021,4,23,5,10,2,1,1,101,6,2,26,4,4,6,30,3
9140,2021,4,24,6,18,4,3,16,1601,99,1,26,4,4,6,30,3
9141,2021,4,24,6,19,4,3,1,101,1,1,42,7,7,9,30,3
9142,2021,4,25,7,15,3,2,5,501,99,1,999,12,16,18,30,3
9143,2021,4,26,1,10,2,1,21,2101,99,2,18,2,2,4,30,3
9144,2021,4,26,1,15,3,2,21,2101,99,2,32,5,5,7,30,3
9145,2021,4,26,1,13,3,2,5,505,99,2,25,4,4,6,30,3
9146,2021,4,27,2,15,3,2,1,101,4,2,25,4,4,6,30,3
9147,2021,4,27,2,19,4,3,15,1504,99,2,15,2,2,4,30,3
9148,2021,4,27,2,19,4,3,4,401,99,1,18,2,2,4,30,3
9149,2021,4,28,3,14,3,2,1,101,8,1,27,4,4,6,30,3
9150,2021,4,28,3,14,3,2,1,114,99,1,43,7,7,9,30,3
9151,2021,4,28,3,15,3,2,22,2211,99,2,65,11,12,14,30,3
9152,2021,4,29,4,11,2,1,10,1010,99,1,9,1,1,2,30,3
9153,2021,4,29,4,16,3,2,13,1301,99,1,44,7,7,9,30,3
9154,2021,4,30,5,14,3,2,1,101,1,1,43,7,7,9,30,3
9155,2021,4,30,5,9,2,1,1,101,6,2,25,4,4,6,30,3
9156,2021,4,30,5,18,4,3,5,502,99,1,16,2,2,4,30,3
9157,2021,4,1,4,15,3,2,1,101,5,1,55,10,10,12,71,5
9158,2021,4,1,4,11,2,1,1,117,99,2,31,5,5,7,71,5
9159,2021,4,1,4,9,2,1,1,115,99,2,16,2,2,4,71,5
9160,2021,4,1,4,5,1,1,1,108,99,1,16,2,2,4,71,5
9161,2021,4,1,4,18,4,3,1,108,99,1,18,2,2,4,71,5
9162,2021,4,1,4,18,4,3,11,1101,99,1,26,4,4,6,71,5
9163,2021,4,1,4,9,2,1,18,1805,99,1,41,7,7,9,71,5
9164,2021,4,2,5,11,2,1,1,101,21,2,39,6,6,8,71,5
9165,2021,4,3,6,12,3,2,1,108,99,1,18,2,2,4,71,5
9166,2021,4,3,6,7,2,1,1,108,99,1,26,4,4,6,71,5
9167,2021,4,3,6,18,4,3,2,203,99,1,67,11,12,14,71,5
9168,2021,4,4,7,9,2,1,1,102,99,1,46,8,8,10,71,5
9169,2021,4,4,7,20,4,3,1,117,99,1,0,1,1,1,71,5
9170,2021,4,4,7,10,2,1,5,501,99,1,8,1,1,2,71,5
9171,2021,4,4,7,10,2,1,5,501,99,2,3,1,1,1,71,5
9172,2021,4,4,7,20,4,3,10,1020,99,2,20,3,3,5,71,5
9173,2021,4,4,7,23,4,3,16,1601,99,1,30,5,5,7,71,5
9174,2021,4,4,7,8,2,1,2,207,99,2,78,11,14,16,71,5
9175,2021,4,4,7,15,3,2,2,207,99,2,22,3,3,5,71,5
9176,2021,4,4,7,0,1,1,17,1701,99,2,17,2,2,4,71,5
9177,2021,4,4,7,18,4,3,17,1702,99,1,30,5,5,7,71,5
9178,2021,4,5,1,12,3,2,1,115,99,2,18,2,2,4,71,5
9179,2021,4,5,1,2,1,1,10,1008,99,1,17,2,2,4,71,5
9180,2021,4,5,1,8,2,1,7,712,99,2,44,7,7,9,71,5
9181,2021,4,5,1,8,2,1,3,306,99,2,22,3,3,5,71,5
9182,2021,4,6,2,19,4,3,1,116,99,2,13,1,1,3,71,5
9183,2021,4,6,2,11,2,1,20,2001,99,2,17,2,2,4,71,5
9184,2021,4,6,2,5,1,1,10,1009,99,2,25,4,4,6,71,5
9185,2021,4,6,2,5,1,1,10,1009,99,1,4,1,1,1,71,5
9186,2021,4,6,2,5,1,1,10,1009,99,1,0,1,1,1,71,5
9187,2021,4,6,2,3,1,1,10,1003,99,2,18,2,2,4,71,5
9188,2021,4,6,2,16,3,2,12,1230,99,2,13,1,1,3,71,5
9189,2021,4,6,2,8,2,1,17,1707,99,2,25,4,4,6,71,5
9190,2021,4,6,2,8,2,1,17,1707,99,1,1,1,1,1,71,5
9191,2021,4,7,3,23,4,3,1,116,99,2,14,1,1,3,71,5
9192,2021,4,7,3,12,3,2,1,116,99,2,1,1,1,1,71,5
9193,2021,4,7,3,12,3,2,1,116,99,1,10,1,1,3,71,5
9194,2021,4,7,3,11,2,1,2,201,99,1,30,5,5,7,71,5
9195,2021,4,7,3,6,2,1,2,203,99,1,15,2,2,4,71,5
9196,2021,4,7,3,13,3,2,2,205,99,2,38,6,6,8,71,5
9197,2021,4,7,3,7,2,1,18,1801,99,2,14,1,1,3,71,5
9198,2021,4,7,3,8,2,1,17,1703,99,1,15,2,2,4,71,5
9199,2021,4,7,3,1,1,1,4,401,99,2,13,1,1,3,71,5
9200,2021,4,7,3,7,2,1,3,302,99,2,17,2,2,4,71,5
9201,2021,4,7,3,21,4,3,1,110,99,2,17,2,2,4,71,5
9202,2021,4,7,3,22,4,3,1,101,24,2,42,7,7,9,71,5
9203,2021,4,7,3,19,4,3,1,106,99,2,16,2,2,4,71,5
9204,2021,4,8,4,20,4,3,1,115,99,1,17,2,2,4,71,5
9205,2021,4,8,4,20,4,3,1,114,99,2,15,2,2,4,71,5
9206,2021,4,8,4,10,2,1,5,509,99,2,17,2,2,4,71,5
9207,2021,4,8,4,10,2,1,12,1220,99,2,9,1,1,2,71,5
9208,2021,4,8,4,20,4,3,13,1302,99,1,14,1,1,3,71,5
9209,2021,4,8,4,21,4,3,16,1601,99,2,14,1,1,3,71,5
9210,2021,4,8,4,7,2,1,2,205,99,1,13,1,1,3,71,5
9211,2021,4,8,4,16,3,2,17,1705,99,2,16,2,2,4,71,5
9212,2021,4,8,4,6,2,1,14,1417,99,1,35,6,6,8,71,5
9213,2021,4,8,4,10,2,1,7,707,99,1,13,1,1,3,71,5
9214,2021,4,9,5,7,2,1,1,106,99,1,15,2,2,4,71,5
9215,2021,4,9,5,12,3,2,1,114,99,2,15,2,2,4,71,5
9216,2021,4,9,5,18,4,3,1,115,99,1,35,6,6,8,71,5
9217,2021,4,9,5,13,3,2,5,510,99,2,24,3,3,5,71,5
9218,2021,4,9,5,13,3,2,5,510,99,2,3,1,1,1,71,5
9219,2021,4,9,5,13,3,2,5,510,99,2,1,1,1,1,71,5
9220,2021,4,9,5,16,3,2,17,1708,99,1,64,11,11,13,71,5
9221,2021,4,9,5,13,3,2,17,1706,99,1,1,1,1,1,71,5
9222,2021,4,10,6,18,4,3,1,101,7,2,19,2,2,4,71,5
9223,2021,4,10,6,15,3,2,1,116,99,1,14,1,1,3,71,5
9224,2021,4,10,6,16,3,2,1,110,99,1,12,1,1,3,71,5
9225,2021,4,11,7,15,3,2,1,101,7,2,38,6,6,8,71,5
9226,2021,4,11,7,18,4,3,1,116,99,2,16,2,2,4,71,5
9227,2021,4,11,7,14,3,2,1,116,99,2,16,2,2,4,71,5
9228,2021,4,11,7,14,3,2,1,116,99,2,19,2,2,4,71,5
9229,2021,4,11,7,6,2,1,1,109,99,1,17,2,2,4,71,5
9230,2021,4,11,7,6,2,1,1,109,99,1,22,3,3,5,71,5
9231,2021,4,11,7,10,2,1,1,110,99,2,14,1,1,3,71,5
9232,2021,4,11,7,19,4,3,21,2101,99,2,12,1,1,3,71,5
9233,2021,4,11,7,19,4,3,21,2101,99,1,7,1,1,2,71,5
9234,2021,4,11,7,5,1,1,6,613,99,2,16,2,2,4,71,5
9235,2021,4,11,7,20,4,3,11,1105,99,2,14,1,1,3,71,5
9236,2021,4,12,1,17,3,2,1,101,18,2,31,5,5,7,71,5
9237,2021,4,12,1,17,3,2,1,101,18,2,8,1,1,2,71,5
9238,2021,4,12,1,17,3,2,1,101,18,2,4,1,1,1,71,5
9239,2021,4,12,1,9,2,1,1,107,99,2,12,1,1,3,71,5
9240,2021,4,12,1,19,4,3,1,101,12,1,56,10,10,12,71,5
9241,2021,4,12,1,21,4,3,1,115,99,2,14,1,1,3,71,5
9242,2021,4,12,1,19,4,3,1,108,99,2,15,2,2,4,71,5
9243,2021,4,12,1,18,4,3,5,501,99,2,8,1,1,2,71,5
9244,2021,4,12,1,18,4,3,5,506,99,2,56,10,10,12,71,5
9245,2021,4,12,1,8,2,1,17,1706,99,2,6,1,1,2,71,5
9246,2021,4,12,1,18,4,3,17,1713,99,2,15,2,2,4,71,5
9247,2021,4,13,2,8,2,1,1,115,99,2,16,2,2,4,71,5
9248,2021,4,13,2,7,2,1,1,114,99,1,16,2,2,4,71,5
9249,2021,4,13,2,15,3,2,5,501,99,2,15,2,2,4,71,5
9250,2021,4,13,2,8,2,1,16,1602,99,2,39,6,6,8,71,5
9251,2021,4,14,3,8,2,1,1,106,99,2,16,2,2,4,71,5
9252,2021,4,14,3,8,2,1,1,106,99,2,15,2,2,4,71,5
9253,2021,4,14,3,17,3,2,1,117,99,2,18,2,2,4,71,5
9254,2021,4,14,3,14,3,2,1,108,99,2,16,2,2,4,71,5
9255,2021,4,14,3,10,2,1,11,1101,99,2,42,7,7,9,71,5
9256,2021,4,14,3,7,2,1,11,1105,99,2,14,1,1,3,71,5
9257,2021,4,14,3,9,2,1,12,1202,99,2,15,2,2,4,71,5
9258,2021,4,14,3,9,2,1,12,1202,99,1,0,1,1,1,71,5
9259,2021,4,14,3,14,3,2,2,204,99,2,18,2,2,4,71,5
9260,2021,4,14,3,14,3,2,2,204,99,1,1,1,1,1,71,5
9261,2021,4,14,3,16,3,2,17,1704,99,1,17,2,2,4,71,5
9262,2021,4,14,3,13,3,2,7,706,99,1,33,5,5,7,71,5
9263,2021,4,14,3,6,2,1,4,415,99,1,26,4,4,6,71,5
9264,2021,4,15,4,17,3,2,11,1104,99,2,16,2,2,4,71,5
9265,2021,4,15,4,9,2,1,12,1201,99,2,45,8,8,10,71,5
9266,2021,4,16,5,19,4,3,1,116,99,1,13,1,1,3,71,5
9267,2021,4,16,5,17,3,2,15,1501,99,2,15,2,2,4,71,5
9268,2021,4,16,5,18,4,3,2,204,99,2,14,1,1,3,71,5
9269,2021,4,16,5,19,4,3,4,407,99,1,49,8,8,10,71,5
9270,2021,4,17,6,9,2,1,1,101,6,1,12,1,1,3,71,5
9271,2021,4,17,6,13,3,2,1,117,99,2,13,1,1,3,71,5
9272,2021,4,17,6,17,3,2,1,114,99,2,16,2,2,4,71,5
9273,2021,4,17,6,17,3,2,1,115,99,2,15,2,2,4,71,5
9274,2021,4,17,6,22,4,3,1,108,99,2,13,1,1,3,71,5
9275,2021,4,17,6,6,2,1,22,2210,99,2,46,8,8,10,71,5
9276,2021,4,17,6,10,2,1,19,1905,99,2,16,2,2,4,71,5
9277,2021,4,17,6,9,2,1,12,1202,99,2,22,3,3,5,71,5
9278,2021,4,17,6,9,2,1,12,1202,99,2,3,1,1,1,71,5
9279,2021,4,17,6,21,4,3,18,1801,99,2,23,3,3,5,71,5
9280,2021,4,17,6,20,4,3,10,1021,99,2,999,12,16,18,71,5
9281,2021,4,17,6,20,4,3,10,1021,99,2,4,1,1,1,71,5
9282,2021,4,17,6,8,2,1,17,1701,99,2,15,2,2,4,71,5
9283,2021,4,17,6,11,2,1,17,1705,99,2,40,7,7,9,71,5
9284,2021,4,17,6,15,3,2,3,306,99,2,17,2,2,4,71,5
9285,2021,4,18,7,3,1,1,1,115,99,2,14,1,1,3,71,5
9286,2021,4,18,7,19,4,3,20,2004,99,2,16,2,2,4,71,5
9287,2021,4,18,7,10,2,1,19,1901,99,2,13,1,1,3,71,5
9288,2021,4,18,7,11,2,1,10,1001,99,2,999,12,16,18,71,5
9289,2021,4,18,7,11,2,1,10,1001,99,1,1,1,1,1,71,5
9290,2021,4,18,7,8,2,1,2,202,99,1,17,2,2,4,71,5
9291,2021,4,18,7,18,4,3,2,207,99,2,20,3,3,5,71,5
9292,2021,4,19,1,13,3,2,1,113,99,1,86,11,15,17,71,5
9293,2021,4,19,1,16,3,2,1,101,7,2,16,2,2,4,71,5
9294,2021,4,19,1,9,2,1,1,116,99,2,21,3,3,5,71,5
9295,2021,4,19,1,15,3,2,16,1610,99,2,15,2,2,4,71,5
9296,2021,4,19,1,10,2,1,4,414,99,2,16,2,2,4,71,5
9297,2021,4,20,2,19,4,3,1,106,99,1,17,2,2,4,71,5
9298,2021,4,20,2,19,4,3,1,106,99,1,9,1,1,2,71,5
9299,2021,4,20,2,23,4,3,1,116,99,2,21,3,3,5,71,5
9300,2021,4,20,2,5,1,1,1,109,99,1,44,7,7,9,71,5
9301,2021,4,20,2,10,2,1,8,808,99,2,20,3,3,5,71,5
9302,2021,4,20,2,10,2,1,8,808,99,1,3,1,1,1,71,5
9303,2021,4,20,2,10,2,1,8,808,99,2,10,1,1,3,71,5
9304,2021,4,20,2,9,2,1,17,1711,99,2,15,2,2,4,71,5
9305,2021,4,20,2,9,2,1,17,1711,99,1,16,2,2,4,71,5
9306,2021,4,21,3,10,2,1,1,101,7,2,16,2,2,4,71,5
9307,2021,4,21,3,18,4,3,1,108,99,2,17,2,2,4,71,5
9308,2021,4,21,3,21,4,3,22,2217,99,2,16,2,2,4,71,5
9309,2021,4,21,3,11,2,1,5,501,99,2,16,2,2,4,71,5
9310,2021,4,22,4,11,2,1,1,101,7,2,15,2,2,4,71,5
9311,2021,4,22,4,11,2,1,1,115,99,2,22,3,3,5,71,5
9312,2021,4,22,4,11,2,1,1,108,99,1,43,7,7,9,71,5
9313,2021,4,22,4,14,3,2,6,610,99,2,14,1,1,3,71,5
9314,2021,4,22,4,11,2,1,8,801,99,1,16,2,2,4,71,5
9315,2021,4,22,4,20,4,3,2,206,99,2,17,2,2,4,71,5
9316,2021,4,23,5,12,3,2,1,108,99,2,16,2,2,4,71,5
9317,2021,4,23,5,5,1,1,17,1703,99,1,20,3,3,5,71,5
9318,2021,4,23,5,22,4,3,5,501,99,1,16,2,2,4,71,5
9319,2021,4,24,6,15,3,2,19,1904,99,2,16,2,2,4,71,5
9320,2021,4,24,6,15,3,2,18,1804,99,2,9,1,1,2,71,5
9321,2021,4,24,6,22,4,3,18,1804,99,1,17,2,2,4,71,5
9322,2021,4,24,6,10,2,1,4,411,99,2,16,2,2,4,71,5
9323,2021,4,24,6,20,4,3,4,406,99,1,16,2,2,4,71,5
9324,2021,4,25,7,20,4,3,1,108,99,2,15,2,2,4,71,5
9325,2021,4,25,7,8,2,1,12,1201,99,1,22,3,3,5,71,5
9326,2021,4,25,7,22,4,3,16,1609,99,2,28,4,4,6,71,5
9327,2021,4,25,7,19,4,3,17,1711,99,2,14,1,1,3,71,5
9328,2021,4,26,1,15,3,2,1,107,99,2,15,2,2,4,71,5
9329,2021,4,26,1,19,4,3,1,117,99,2,16,2,2,4,71,5
9330,2021,4,26,1,11,2,1,1,115,99,2,13,1,1,3,71,5
9331,2021,4,26,1,21,4,3,1,101,19,2,16,2,2,4,71,5
9332,2021,4,26,1,13,3,2,20,2004,99,2,13,1,1,3,71,5
9333,2021,4,26,1,10,2,1,18,1805,99,2,18,2,2,4,71,5
9334,2021,4,26,1,11,2,1,17,1703,99,1,26,4,4,6,71,5
9335,2021,4,26,1,13,3,2,4,415,99,2,16,2,2,4,71,5
9336,2021,4,27,2,0,1,1,1,108,99,2,15,2,2,4,71,5
9337,2021,4,27,2,3,1,1,1,108,99,2,15,2,2,4,71,5
9338,2021,4,27,2,14,3,2,9,901,99,1,17,2,2,4,71,5
9339,2021,4,27,2,19,4,3,9,901,99,2,16,2,2,4,71,5
9340,2021,4,27,2,14,3,2,12,1217,99,1,40,7,7,9,71,5
9341,2021,4,27,2,12,3,2,16,1609,99,1,13,1,1,3,71,5
9342,2021,4,27,2,22,4,3,14,1403,99,2,16,2,2,4,71,5
9343,2021,4,28,3,14,3,2,1,115,99,2,51,9,9,11,71,5
9344,2021,4,28,3,14,3,2,1,115,99,2,12,1,1,3,71,5
9345,2021,4,28,3,14,3,2,1,115,99,1,10,1,1,3,71,5
9346,2021,4,28,3,8,2,1,20,2001,99,1,85,11,15,17,71,5
9347,2021,4,28,3,6,2,1,20,2004,99,1,18,2,2,4,71,5
9348,2021,4,29,4,10,2,1,1,101,5,1,80,11,15,17,71,5
9349,2021,4,29,4,8,2,1,1,116,99,2,16,2,2,4,71,5
9350,2021,4,30,5,8,2,1,1,117,99,1,14,1,1,3,71,5
9351,2021,4,30,5,15,3,2,1,108,99,1,30,5,5,7,71,5
9352,2021,4,30,5,20,4,3,5,504,99,2,15,2,2,4,71,5
9353,2021,4,30,5,9,2,1,17,1710,99,2,9,1,1,2,71,5
9354,2021,4,30,5,15,3,2,17,1710,99,2,14,1,1,3,71,5
9355,2021,4,1,4,10,2,1,1,101,3,1,25,4,4,6,69,3
9356,2021,4,1,4,19,4,3,1,101,18,1,20,3,3,5,75,3
9357,2021,4,1,4,19,4,3,1,101,18,1,28,4,4,6,75,3
9358,2021,4,1,4,9,2,1,1,101,5,1,43,7,7,9,75,3
9359,2021,4,1,4,8,2,1,1,101,5,1,27,4,4,6,75,3
9360,2021,4,1,4,19,4,3,1,116,99,1,21,3,3,5,75,3
9361,2021,4,1,4,17,3,2,1,114,99,1,39,6,6,8,75,3
9362,2021,4,1,4,0,1,1,1,108,99,1,30,5,5,7,69,3
9363,2021,4,1,6,17,3,2,1,108,99,1,32,5,5,7,75,3
9364,2021,4,1,4,20,4,3,9,920,99,1,33,5,5,7,75,3
9365,2021,4,1,4,0,1,1,12,1217,99,1,23,3,3,5,75,3
9366,2021,4,1,4,0,1,1,12,1217,99,1,20,3,3,5,75,3
9367,2021,4,1,4,0,1,1,3,302,99,1,24,3,3,5,75,3
9368,2021,4,2,5,16,3,2,1,101,1,1,20,3,3,5,69,3
9369,2021,4,2,5,20,4,3,1,101,12,1,26,4,4,6,69,3
9370,2021,4,2,5,20,4,3,1,116,99,1,52,9,9,11,75,3
9371,2021,4,2,5,20,4,3,1,108,99,2,34,5,5,7,75,3
9372,2021,4,2,5,10,2,1,1,108,99,1,32,5,5,7,75,3
9373,2021,4,2,5,5,1,1,5,509,99,1,23,3,3,5,69,3
9374,2021,4,2,5,19,4,3,5,501,99,1,54,9,9,11,69,3
9375,2021,4,2,5,19,4,3,5,509,99,1,31,5,5,7,75,3
9376,2021,4,2,5,6,2,1,18,1804,99,1,36,6,6,8,75,3
9377,2021,4,3,6,9,2,1,1,101,18,2,36,6,6,8,75,3
9378,2021,4,3,6,18,4,3,1,117,99,1,23,3,3,5,75,3
9379,2021,4,3,6,16,3,2,5,505,99,2,31,5,5,7,69,3
9380,2021,4,3,6,20,4,3,9,904,99,1,999,12,16,18,75,3
9381,2021,4,3,6,22,4,3,17,1710,99,1,23,3,3,5,69,3
9382,2021,4,4,7,3,1,1,1,101,25,1,22,3,3,5,75,3
9383,2021,4,4,7,15,3,2,1,101,18,1,22,3,3,5,75,3
9384,2021,4,4,7,16,3,2,22,2201,99,1,40,7,7,9,75,3
9385,2021,4,4,7,11,2,1,5,501,99,1,32,5,5,7,75,3
9386,2021,4,4,7,20,4,3,18,1804,99,1,28,4,4,6,75,3
9387,2021,4,4,7,8,2,1,17,1703,99,1,27,4,4,6,75,3
9388,2021,4,5,1,19,4,3,1,101,7,1,24,3,3,5,75,3
9389,2021,4,5,1,5,1,1,1,101,12,1,26,4,4,6,69,3
9390,2021,4,5,1,10,2,1,1,101,12,2,37,6,6,8,75,3
9391,2021,4,5,1,20,4,3,1,115,99,1,29,4,4,6,75,3
9392,2021,4,5,1,22,4,3,1,108,99,1,32,5,5,7,75,3
9393,2021,4,5,1,11,2,1,18,1801,99,2,24,3,3,5,75,3
9394,2021,4,5,1,8,2,1,18,1801,99,1,36,6,6,8,75,3
9395,2021,4,5,1,6,2,1,18,1805,99,1,27,4,4,6,75,3
9396,2021,4,5,1,6,2,1,17,1705,99,2,28,4,4,6,75,3
9397,2021,4,5,1,9,2,1,3,302,99,1,38,6,6,8,75,3
9398,2021,4,6,2,10,2,1,1,101,9,1,39,6,6,8,75,3
9399,2021,4,6,2,17,3,2,1,101,2,1,41,7,7,9,75,3
9400,2021,4,6,2,17,3,2,1,101,18,1,33,5,5,7,75,3
9401,2021,4,6,2,6,2,1,1,101,12,1,32,5,5,7,69,3
9402,2021,4,6,2,5,1,1,1,101,11,1,19,2,2,4,69,3
9403,2021,4,6,2,11,2,1,1,101,12,1,44,7,7,9,69,3
9404,2021,4,6,2,7,2,1,1,101,12,1,25,4,4,6,75,3
9405,2021,4,6,2,16,3,2,5,503,99,1,41,7,7,9,69,3
9406,2021,4,7,3,11,2,1,1,101,1,1,26,4,4,6,75,3
9407,2021,4,7,3,9,2,1,1,101,9,1,32,5,5,7,75,3
9408,2021,4,7,3,11,2,1,1,101,9,1,53,9,9,11,75,3
9409,2021,4,7,3,13,3,2,1,101,6,1,35,6,6,8,75,3
9410,2021,4,7,3,16,3,2,1,108,99,1,999,12,16,18,75,3
9411,2021,4,7,3,12,3,2,5,507,99,1,55,10,10,12,75,3
9412,2021,4,7,3,12,3,2,10,1002,99,1,29,4,4,6,69,3
9413,2021,4,7,3,11,2,1,13,1301,99,2,39,6,6,8,75,3
9414,2021,4,8,4,17,3,2,1,101,9,1,41,7,7,9,75,3
9415,2021,4,8,4,7,2,1,1,101,1,1,999,12,16,18,75,3
9416,2021,4,8,4,5,1,1,1,101,11,1,47,8,8,10,69,3
9417,2021,4,8,4,12,3,2,20,2001,99,2,31,5,5,7,75,3
9418,2021,4,8,4,16,3,2,19,1901,99,2,34,5,5,7,75,3
9419,2021,4,8,4,5,1,1,5,505,99,1,23,3,3,5,69,3
9420,2021,4,8,4,5,1,1,5,501,99,1,60,11,11,13,69,3
9421,2021,4,8,4,12,3,2,18,1804,99,1,23,3,3,5,75,3
9422,2021,4,8,4,6,2,1,17,1703,99,1,26,4,4,6,75,3
9423,2021,4,9,5,10,2,1,1,101,9,1,44,7,7,9,75,3
9424,2021,4,9,5,5,1,1,1,101,12,1,31,5,5,7,69,3
9425,2021,4,9,5,11,2,1,5,507,99,1,31,5,5,7,69,3
9426,2021,4,9,5,11,2,1,10,1001,99,1,58,10,10,12,75,3
9427,2021,4,10,6,4,1,1,1,101,2,1,19,2,2,4,75,3
9428,2021,4,10,6,20,4,3,1,101,6,1,35,6,6,8,75,3
9429,2021,4,10,6,21,4,3,1,101,18,1,30,5,5,7,75,3
9430,2021,4,10,6,10,2,1,1,114,99,2,32,5,5,7,75,3
9431,2021,4,10,6,14,3,2,1,114,99,1,27,4,4,6,75,3
9432,2021,4,10,6,15,3,2,1,114,99,1,51,9,9,11,75,3
9433,2021,4,10,6,17,3,2,5,501,99,1,36,6,6,8,75,3
9434,2021,4,10,6,16,3,2,5,514,99,1,31,5,5,7,69,3
9435,2021,4,10,6,18,4,3,5,504,99,1,31,5,5,7,75,3
9436,2021,4,10,6,6,2,1,11,1107,99,1,33,5,5,7,75,3
9437,2021,4,10,6,19,4,3,9,901,99,2,32,5,5,7,75,3
9438,2021,4,10,6,20,4,3,18,1804,99,1,28,4,4,6,75,3
9439,2021,4,10,6,10,2,1,3,301,99,1,26,4,4,6,75,3
9440,2021,4,11,7,16,3,2,1,101,8,1,20,3,3,5,75,3
9441,2021,4,11,7,0,1,1,1,101,17,1,25,4,4,6,75,3
9442,2021,4,11,7,12,3,2,1,114,99,1,26,4,4,6,75,3
9443,2021,4,11,7,21,4,3,1,115,99,1,25,4,4,6,75,3
9444,2021,4,11,7,6,2,1,5,502,99,2,25,4,4,6,75,3
9445,2021,4,11,7,21,4,3,18,1805,99,1,47,8,8,10,75,3
9446,2021,4,11,7,1,1,1,17,1703,99,2,28,4,4,6,75,3
9447,2021,4,11,7,20,4,3,4,414,99,1,24,3,3,5,75,3
9448,2021,4,12,1,17,3,2,1,101,1,1,26,4,4,6,75,3
9449,2021,4,12,1,9,2,1,1,101,9,1,25,4,4,6,75,3
9450,2021,4,12,1,5,1,1,1,101,11,1,22,3,3,5,69,3
9451,2021,4,12,1,4,1,1,1,116,99,1,38,6,6,8,69,3
9452,2021,4,12,1,19,4,3,1,114,99,2,32,5,5,7,75,3
9453,2021,4,12,1,13,3,2,1,101,19,1,31,5,5,7,75,3
9454,2021,4,12,1,23,4,3,20,2007,99,1,25,4,4,6,75,3
9455,2021,4,12,1,19,4,3,5,509,99,1,22,3,3,5,75,3
9456,2021,4,12,1,20,4,3,10,1020,99,2,35,6,6,8,69,3
9457,2021,4,12,1,14,3,2,17,1703,99,1,20,3,3,5,75,3
9458,2021,4,13,2,15,3,2,1,115,99,1,22,3,3,5,75,3
9459,2021,4,13,2,18,4,3,1,114,99,1,21,3,3,5,75,3
9460,2021,4,13,2,23,4,3,20,2007,99,2,36,6,6,8,75,3
9461,2021,4,13,2,3,1,1,18,1804,99,1,20,3,3,5,75,3
9462,2021,4,14,3,10,2,1,1,101,9,1,38,6,6,8,75,3
9463,2021,4,14,3,4,1,1,1,101,9,1,22,3,3,5,75,3
9464,2021,4,14,3,17,3,2,1,107,99,1,27,4,4,6,69,3
9465,2021,4,14,3,11,2,1,1,117,99,1,18,2,2,4,75,3
9466,2021,4,14,3,17,3,2,1,116,99,1,22,3,3,5,75,3
9467,2021,4,14,3,5,1,1,5,501,99,1,65,11,12,14,69,3
9468,2021,4,14,3,9,2,1,10,1001,99,1,17,2,2,4,69,3
9469,2021,4,14,3,23,4,3,12,1215,99,1,23,3,3,5,75,3
9470,2021,4,14,3,6,2,1,18,1804,99,1,39,6,6,8,75,3
9471,2021,4,14,3,13,3,2,18,1804,99,1,38,6,6,8,75,3
9472,2021,4,15,4,18,4,3,1,101,1,1,22,3,3,5,75,3
9473,2021,4,15,4,8,2,1,1,101,7,1,30,5,5,7,75,3
9474,2021,4,15,4,5,1,1,1,101,11,1,21,3,3,5,69,3
9475,2021,4,15,4,4,1,1,1,116,99,1,21,3,3,5,69,3
9476,2021,4,15,4,10,2,1,1,115,99,1,26,4,4,6,75,3
9477,2021,4,16,5,5,1,1,1,101,2,1,24,3,3,5,69,3
9478,2021,4,16,5,0,1,1,1,101,1,2,36,6,6,8,69,3
9479,2021,4,16,5,10,2,1,1,101,9,1,26,4,4,6,69,3
9480,2021,4,16,5,21,4,3,1,101,9,1,25,4,4,6,69,3
9481,2021,4,16,5,0,1,1,1,101,14,1,30,5,5,7,75,3
9482,2021,4,16,5,17,3,2,1,102,99,1,21,3,3,5,75,3
9483,2021,4,16,5,10,2,1,1,101,21,1,17,2,2,4,69,3
9484,2021,4,16,5,23,4,3,1,114,99,1,26,4,4,6,75,3
9485,2021,4,16,5,19,4,3,1,110,99,1,33,5,5,7,69,3
9486,2021,4,16,5,19,4,3,1,111,99,1,23,3,3,5,69,3
9487,2021,4,16,5,10,2,1,20,2001,99,2,999,12,16,18,75,3
9488,2021,4,16,5,16,3,2,5,501,99,2,21,3,3,5,69,3
9489,2021,4,16,5,12,3,2,5,501,99,1,21,3,3,5,69,3
9490,2021,4,16,5,11,2,1,5,507,99,1,41,7,7,9,69,3
9491,2021,4,17,6,20,4,3,1,102,99,1,31,5,5,7,75,3
9492,2021,4,17,6,22,4,3,1,108,99,1,42,7,7,9,69,3
9493,2021,4,17,6,13,3,2,2,201,99,2,36,6,6,8,69,3
9494,2021,4,17,6,21,4,3,4,414,99,1,22,3,3,5,69,3
9495,2021,4,18,7,18,4,3,1,101,1,1,32,5,5,7,75,3
9496,2021,4,18,7,20,4,3,1,101,1,1,24,3,3,5,75,3
9497,2021,4,18,7,10,2,1,1,101,18,2,53,9,9,11,75,3
9498,2021,4,18,7,7,2,1,1,107,99,2,35,6,6,8,75,3
9499,2021,4,18,7,4,1,1,1,101,18,1,28,4,4,6,75,3
9500,2021,4,18,7,11,2,1,1,106,99,1,31,5,5,7,75,3
9501,2021,4,18,7,9,2,1,1,101,17,1,34,5,5,7,75,3
9502,2021,4,18,7,16,3,2,1,101,11,2,45,8,8,10,75,3
9503,2021,4,18,7,10,2,1,1,114,99,2,42,7,7,9,75,3
9504,2021,4,18,7,19,4,3,1,117,99,1,36,6,6,8,75,3
9505,2021,4,18,7,0,1,1,19,1901,99,1,27,4,4,6,75,3
9506,2021,4,18,7,7,2,1,16,1601,99,1,54,9,9,11,75,3
9507,2021,4,18,7,21,4,3,2,208,99,1,20,3,3,5,75,3
9508,2021,4,18,7,14,3,2,4,413,99,1,18,2,2,4,75,3
9509,2021,4,19,1,9,2,1,1,101,9,1,60,11,11,13,75,3
9510,2021,4,19,1,18,4,3,1,101,2,1,26,4,4,6,69,3
9511,2021,4,19,1,12,3,2,1,101,10,1,49,8,8,10,75,3
9512,2021,4,19,1,21,4,3,1,101,7,1,19,2,2,4,75,3
9513,2021,4,19,1,19,4,3,1,115,99,1,25,4,4,6,69,3
9514,2021,4,19,1,16,3,2,1,108,99,1,32,5,5,7,75,3
9515,2021,4,19,1,4,1,1,5,501,99,1,28,4,4,6,69,3
9516,2021,4,19,1,17,3,2,5,502,99,1,31,5,5,7,69,3
9517,2021,4,19,1,7,2,1,6,602,99,1,21,3,3,5,75,3
9518,2021,4,20,2,18,4,3,1,107,99,1,21,3,3,5,75,3
9519,2021,4,20,2,20,4,3,1,101,17,1,24,3,3,5,75,3
9520,2021,4,20,2,5,1,1,1,101,12,1,28,4,4,6,69,3
9521,2021,4,20,2,13,3,2,1,115,99,2,29,4,4,6,75,3
9522,2021,4,20,2,16,3,2,1,115,99,1,26,4,4,6,75,3
9523,2021,4,20,2,13,3,2,22,2201,99,2,49,8,8,10,75,3
9524,2021,4,20,2,17,3,2,19,1904,99,1,20,3,3,5,69,3
9525,2021,4,20,2,5,1,1,5,506,99,1,37,6,6,8,69,3
9526,2021,4,20,2,5,1,1,5,511,99,1,29,4,4,6,75,3
9527,2021,4,20,2,15,3,2,5,506,99,1,30,5,5,7,69,3
9528,2021,4,20,2,0,1,1,5,506,99,1,23,3,3,5,69,3
9529,2021,4,20,2,12,3,2,5,506,99,1,42,7,7,9,75,3
9530,2021,4,20,3,14,3,2,18,1804,99,1,38,6,6,8,75,3
9531,2021,4,21,3,6,2,1,1,101,1,1,22,3,3,5,69,3
9532,2021,4,21,3,17,3,2,1,101,17,1,26,4,4,6,75,3
9533,2021,4,21,3,4,1,1,1,101,12,1,21,3,3,5,69,3
9534,2021,4,21,3,13,3,2,1,101,7,1,31,5,5,7,69,3
9535,2021,4,21,3,14,3,2,1,101,11,1,24,3,3,5,75,3
9536,2021,4,21,3,19,4,3,1,101,11,1,27,4,4,6,75,3
9537,2021,4,21,3,13,3,2,1,117,99,1,25,4,4,6,75,3
9538,2021,4,21,3,19,4,3,1,108,99,1,29,4,4,6,75,3
9539,2021,4,21,3,9,2,1,5,502,99,2,49,8,8,10,75,3
9540,2021,4,21,3,15,3,2,5,512,99,1,19,2,2,4,69,3
9541,2021,4,22,4,11,2,1,1,101,14,1,21,3,3,5,75,3
9542,2021,4,22,4,6,2,1,1,101,21,1,24,3,3,5,75,3
9543,2021,4,22,4,5,1,1,1,108,99,1,26,4,4,6,69,3
9544,2021,4,22,4,10,2,1,5,501,99,1,41,7,7,9,75,3
9545,2021,4,22,4,0,1,1,5,509,99,1,36,6,6,8,75,3
9546,2021,4,22,4,12,3,2,18,1802,99,1,40,7,7,9,75,3
9547,2021,4,22,4,10,2,1,4,401,99,1,35,6,6,8,75,3
9548,2021,4,22,4,11,2,1,3,301,99,1,24,3,3,5,75,3
9549,2021,4,23,5,10,2,1,1,101,9,1,27,4,4,6,75,3
9550,2021,4,23,5,22,4,3,1,101,18,1,26,4,4,6,75,3
9551,2021,4,23,5,4,1,1,1,101,12,1,32,5,5,7,69,3
9552,2021,4,23,5,20,4,3,1,110,99,2,24,3,3,5,69,3
9553,2021,4,23,5,19,4,3,5,505,99,1,26,4,4,6,69,3
9554,2021,4,23,5,10,2,1,13,1301,99,1,39,6,6,8,69,3
9555,2021,4,23,5,19,4,3,18,1804,99,1,21,3,3,5,69,3
9556,2021,4,23,5,22,4,3,18,1801,99,1,33,5,5,7,75,3
9557,2021,4,24,6,11,2,1,1,106,99,2,26,4,4,6,75,3
9558,2021,4,24,6,13,3,2,1,101,6,1,38,6,6,8,69,3
9559,2021,4,24,6,21,4,3,1,101,18,1,51,9,9,11,75,3
9560,2021,4,24,6,21,4,3,1,101,5,1,35,6,6,8,75,3
9561,2021,4,24,6,19,4,3,1,117,99,1,21,3,3,5,75,3
9562,2021,4,24,6,12,3,2,1,108,99,1,23,3,3,5,69,3
9563,2021,4,24,6,23,4,3,5,501,99,1,42,7,7,9,75,3
9564,2021,4,24,6,5,1,1,5,503,99,1,38,6,6,8,69,3
9565,2021,4,24,7,17,3,2,16,1601,99,1,39,6,6,8,75,3
9566,2021,4,25,1,18,4,3,1,101,1,1,18,2,2,4,75,3
9567,2021,4,25,1,20,4,3,1,101,1,1,30,5,5,7,75,3
9568,2021,4,25,7,16,3,2,1,107,99,1,38,6,6,8,69,3
9569,2021,4,25,7,14,3,2,1,117,99,1,28,4,4,6,75,3
9570,2021,4,25,7,15,3,2,1,108,99,1,30,5,5,7,75,3
9571,2021,4,25,7,18,4,3,22,2201,99,1,63,11,11,13,75,3
9572,2021,4,25,7,15,3,2,5,503,99,1,44,7,7,9,69,3
9573,2021,4,25,7,6,2,1,5,501,99,1,26,4,4,6,69,3
9574,2021,4,25,7,21,4,3,18,1804,99,1,19,2,2,4,69,3
9575,2021,4,25,7,19,4,3,4,414,99,1,19,2,2,4,75,3
9576,2021,4,26,1,13,3,2,1,101,21,1,25,4,4,6,75,3
9577,2021,4,26,1,0,1,1,1,101,12,1,27,4,4,6,75,3
9578,2021,4,26,1,10,2,1,1,115,99,1,21,3,3,5,69,3
9579,2021,4,26,1,19,4,3,1,116,99,1,19,2,2,4,75,3
9580,2021,4,26,1,17,3,2,22,2217,99,1,34,5,5,7,75,3
9581,2021,4,26,1,16,3,2,5,501,99,2,23,3,3,5,75,3
9582,2021,4,26,1,18,4,3,5,509,99,1,22,3,3,5,75,3
9583,2021,4,26,1,9,2,1,11,1101,99,1,31,5,5,7,75,3
9584,2021,4,26,1,15,3,2,9,901,99,1,38,6,6,8,75,3
9585,2021,4,26,1,18,4,3,17,1701,99,1,23,3,3,5,69,3
9586,2021,4,27,6,6,2,1,1,105,99,1,68,11,12,14,75,3
9587,2021,4,27,6,6,2,1,1,105,99,1,68,11,12,14,75,3
9588,2021,4,27,2,10,2,1,1,101,14,1,32,5,5,7,75,3
9589,2021,4,27,2,11,2,1,1,101,12,1,20,3,3,5,75,3
9590,2021,4,27,2,1,1,1,1,115,99,1,20,3,3,5,75,3
9591,2021,4,27,4,13,3,2,21,2101,99,1,41,7,7,9,75,3
9592,2021,4,27,2,18,4,3,11,1106,99,2,22,3,3,5,69,3
9593,2021,4,28,3,18,4,3,1,101,6,1,37,6,6,8,75,3
9594,2021,4,28,3,1,1,1,1,101,5,1,26,4,4,6,75,3
9595,2021,4,28,3,5,1,1,1,101,7,1,43,7,7,9,69,3
9596,2021,4,28,3,5,1,1,1,101,11,1,29,4,4,6,69,3
9597,2021,4,28,3,0,1,1,17,1702,99,1,28,4,4,6,69,3
9598,2021,4,28,3,20,4,3,3,310,99,1,33,5,5,7,75,3
9599,2021,4,29,4,21,4,3,1,101,3,1,25,4,4,6,75,3
9600,2021,4,29,4,19,4,3,1,101,18,1,25,4,4,6,75,3
9601,2021,4,29,4,21,4,3,1,101,6,1,22,3,3,5,75,3
9602,2021,4,29,4,10,2,1,1,101,10,1,27,4,4,6,75,3
9603,2021,4,29,4,21,4,3,22,2201,99,2,43,7,7,9,75,3
9604,2021,4,29,4,20,4,3,3,310,99,1,24,3,3,5,75,3
9605,2021,4,30,5,9,2,1,1,101,9,1,27,4,4,6,75,3
9606,2021,4,30,5,17,3,2,1,101,1,1,26,4,4,6,75,3
9607,2021,4,30,5,6,2,1,1,101,9,1,26,4,4,6,75,3
9608,2021,4,30,5,6,2,1,1,101,3,1,23,3,3,5,69,3
9609,2021,4,30,5,0,1,1,1,114,99,1,61,11,11,13,69,3
9610,2021,4,30,5,14,3,2,1,115,99,1,39,6,6,8,75,3
9611,2021,4,30,5,5,1,1,1,108,99,1,44,7,7,9,69,3
9612,2021,4,30,5,20,4,3,5,509,99,1,19,2,2,4,75,3
9613,2021,4,2,5,15,3,2,1,115,99,2,13,1,1,3,68,7
9614,2021,4,2,5,20,4,3,1,101,7,2,20,3,3,5,68,7
9615,2021,4,2,5,22,4,3,5,502,99,2,26,4,4,6,68,7
9616,2021,4,3,6,1,1,1,4,410,99,2,14,1,1,3,68,7
9617,2021,4,4,7,14,3,2,1,105,99,2,14,1,1,3,68,7
9618,2021,4,5,1,14,3,2,1,115,99,2,19,2,2,4,68,7
9619,2021,4,8,4,14,3,2,1,114,99,2,8,1,1,2,68,7
9620,2021,4,9,5,23,4,3,1,114,99,2,22,3,3,5,68,7
9621,2021,4,9,5,3,1,1,3,301,99,2,23,3,3,5,68,7
9622,2021,4,10,6,22,4,3,14,1409,99,2,11,1,1,3,68,7
9623,2021,4,11,7,19,4,3,1,115,99,2,9,1,1,2,68,7
9624,2021,4,11,7,18,4,3,1,114,99,2,49,8,8,10,68,7
9625,2021,4,11,7,18,4,3,1,114,99,2,18,2,2,4,68,7
9626,2021,4,11,7,18,4,3,1,114,99,2,14,1,1,3,68,7
9627,2021,4,11,7,12,3,2,13,1301,99,2,17,2,2,4,68,7
9628,2021,4,11,7,0,1,1,16,1601,99,2,24,3,3,5,68,7
9629,2021,4,12,1,13,3,2,13,1324,99,2,25,4,4,6,68,7
9630,2021,4,13,2,20,4,3,1,101,12,2,25,4,4,6,68,7
9631,2021,4,13,2,1,1,1,7,705,99,2,14,1,1,3,68,7
9632,2021,4,16,5,21,4,3,18,1801,99,2,23,3,3,5,68,7
9633,2021,4,18,7,10,2,1,1,116,99,2,15,2,2,4,68,7
9634,2021,4,18,7,16,3,2,4,415,99,2,14,1,1,3,68,7
9635,2021,4,19,1,15,3,2,19,1901,99,2,22,3,3,5,68,7
9636,2021,4,19,1,13,3,2,6,601,99,2,16,2,2,4,68,7
9637,2021,4,19,1,4,1,1,6,612,99,2,12,1,1,3,68,7
9638,2021,4,20,2,12,3,2,1,101,6,1,25,4,4,6,68,7
9639,2021,4,22,4,14,3,2,13,1301,99,2,22,3,3,5,68,7
9640,2021,4,22,4,0,1,1,13,1326,99,2,28,4,4,6,68,7
9641,2021,4,24,6,19,4,3,10,1002,99,2,8,1,1,2,68,7
9642,2021,4,24,6,21,4,3,16,1609,99,2,23,3,3,5,68,7
9643,2021,4,25,7,0,1,1,13,1301,99,2,14,1,1,3,68,7
9644,2021,4,26,1,19,4,3,1,114,99,2,28,4,4,6,68,7
9645,2021,4,26,1,18,4,3,1,110,99,2,20,3,3,5,68,7
9646,2021,4,28,3,22,4,3,13,1319,99,2,20,3,3,5,68,7
9647,2021,4,30,5,19,4,3,1,115,99,2,15,2,2,4,68,7
9648,2021,4,30,5,22,4,3,1,108,99,1,12,1,1,3,68,7
9649,2021,4,30,5,1,1,1,17,1702,99,2,18,2,2,4,68,7
9650,2021,4,1,4,22,4,3,1,101,12,1,66,11,12,14,22,3
9651,2021,4,1,4,13,3,2,1,108,99,1,26,4,4,6,83,3
9652,2021,4,2,5,8,2,1,17,1701,99,1,999,12,16,18,83,3
9653,2021,4,3,6,13,3,2,5,505,99,1,53,9,9,11,83,3
9654,2021,4,4,7,18,4,3,1,117,99,1,67,11,12,14,83,3
9655,2021,4,5,1,23,4,3,1,101,7,2,52,9,9,11,83,3
9656,2021,4,5,1,18,4,3,5,511,99,1,999,12,16,18,22,3
9657,2021,4,5,1,7,2,1,4,415,99,1,26,4,4,6,83,3
9658,2021,4,6,2,1,1,1,1,101,11,1,24,3,3,5,22,3
9659,2021,4,6,2,18,4,3,1,101,21,2,32,5,5,7,83,3
9660,2021,4,6,2,21,4,3,1,117,99,1,28,4,4,6,83,3
9661,2021,4,6,2,10,2,1,1,108,99,2,64,11,11,13,22,3
9662,2021,4,6,2,17,3,2,1,108,99,2,37,6,6,8,22,3
9663,2021,4,6,2,21,4,3,1,108,99,1,29,4,4,6,83,3
9664,2021,4,6,2,16,3,2,9,901,99,1,37,6,6,8,83,3
9665,2021,4,6,2,23,4,3,3,308,99,1,41,7,7,9,83,3
9666,2021,4,7,3,2,1,1,1,115,99,2,39,6,6,8,83,3
9667,2021,4,7,3,4,1,1,1,115,99,2,44,7,7,9,83,3
9668,2021,4,7,3,19,4,3,1,108,99,1,22,3,3,5,83,3
9669,2021,4,7,3,19,4,3,5,502,99,1,39,6,6,8,22,3
9670,2021,4,7,3,16,3,2,9,901,99,1,999,12,16,18,83,3
9671,2021,4,7,3,11,2,1,2,208,99,1,42,7,7,9,22,3
9672,2021,4,7,3,16,3,2,4,401,99,1,37,6,6,8,83,3
9673,2021,4,8,4,7,2,1,1,101,1,1,31,5,5,7,83,3
9674,2021,4,8,4,11,2,1,1,101,1,1,42,7,7,9,83,3
9675,2021,4,8,4,15,3,2,1,101,11,1,35,6,6,8,83,3
9676,2021,4,8,4,20,4,3,1,116,99,1,22,3,3,5,83,3
9677,2021,4,8,4,9,2,1,1,108,99,1,999,12,16,18,83,3
9678,2021,4,8,4,21,4,3,1,108,99,2,25,4,4,6,83,3
9679,2021,4,8,4,21,4,3,1,108,99,2,62,11,11,13,83,3
9680,2021,4,8,4,8,2,1,5,502,99,1,46,8,8,10,83,3
9681,2021,4,8,4,18,4,3,5,502,99,1,42,7,7,9,22,3
9682,2021,4,8,4,9,2,1,4,414,99,1,36,6,6,8,83,3
9683,2021,4,9,5,8,2,1,1,114,99,1,45,8,8,10,83,3
9684,2021,4,9,5,18,4,3,8,806,99,1,34,5,5,7,22,3
9685,2021,4,9,5,3,1,1,18,1804,99,1,32,5,5,7,22,3
9686,2021,4,10,6,7,2,1,1,101,1,1,21,3,3,5,83,3
9687,2021,4,10,6,6,2,1,1,101,14,1,43,7,7,9,83,3
9688,2021,4,10,6,15,3,2,1,101,7,2,39,6,6,8,83,3
9689,2021,4,10,6,11,2,1,1,115,99,1,26,4,4,6,22,3
9690,2021,4,10,6,7,2,1,1,108,99,2,38,6,6,8,22,3
9691,2021,4,10,6,15,3,2,11,1102,99,1,28,4,4,6,83,3
9692,2021,4,10,6,12,3,2,9,901,99,1,36,6,6,8,83,3
9693,2021,4,10,6,6,2,1,18,1805,99,1,36,6,6,8,22,3
9694,2021,4,10,6,11,2,1,3,308,99,1,37,6,6,8,83,3
9695,2021,4,11,1,18,4,3,1,101,5,1,32,5,5,7,83,3
9696,2021,4,11,1,20,4,3,18,1805,99,1,38,6,6,8,22,3
9697,2021,4,12,1,11,2,1,1,101,6,2,29,4,4,6,22,3
9698,2021,4,12,1,10,2,1,1,101,25,1,26,4,4,6,22,3
9699,2021,4,12,1,18,4,3,1,101,14,1,32,5,5,7,83,3
9700,2021,4,12,1,7,2,1,1,101,7,1,70,11,13,15,83,3
9701,2021,4,12,1,21,4,3,1,108,99,1,38,6,6,8,22,3
9702,2021,4,12,1,6,2,1,12,1229,99,1,37,6,6,8,83,3
9703,2021,4,13,1,17,3,2,1,101,8,1,31,5,5,7,22,3
9704,2021,4,13,2,10,2,1,1,101,2,1,35,6,6,8,83,3
9705,2021,4,13,2,17,3,2,1,101,11,2,40,7,7,9,83,3
9706,2021,4,13,2,3,1,1,1,115,99,1,34,5,5,7,83,3
9707,2021,4,13,2,9,2,1,1,115,99,1,38,6,6,8,83,3
9708,2021,4,13,2,22,4,3,6,601,99,1,31,5,5,7,83,3
9709,2021,4,13,2,22,4,3,3,304,99,1,49,8,8,10,22,3
9710,2021,4,14,3,19,4,3,1,101,14,2,45,8,8,10,83,3
9711,2021,4,14,3,5,1,1,1,101,11,2,38,6,6,8,83,3
9712,2021,4,14,3,12,3,2,1,114,99,1,38,6,6,8,83,3
9713,2021,4,14,3,23,4,3,1,108,99,2,22,3,3,5,22,3
9714,2021,4,14,3,22,4,3,19,1904,99,1,66,11,12,14,83,3
9715,2021,4,15,4,3,1,1,1,101,4,1,53,9,9,11,83,3
9716,2021,4,15,4,18,4,3,1,101,5,2,40,7,7,9,83,3
9717,2021,4,15,4,12,3,2,1,101,13,1,60,11,11,13,83,3
9718,2021,4,15,4,22,4,3,1,108,99,1,41,7,7,9,22,3
9719,2021,4,15,4,20,4,3,1,108,99,1,41,7,7,9,83,3
9720,2021,4,15,4,6,2,1,19,1903,99,1,32,5,5,7,22,3
9721,2021,4,15,4,22,4,3,5,509,99,1,24,3,3,5,83,3
9722,2021,4,16,5,17,3,2,1,101,14,1,37,6,6,8,83,3
9723,2021,4,16,5,5,1,1,1,101,12,1,43,7,7,9,83,3
9724,2021,4,16,5,8,2,1,1,114,99,1,40,7,7,9,83,3
9725,2021,4,16,5,15,3,2,1,116,99,1,36,6,6,8,22,3
9726,2021,4,17,6,4,1,1,1,101,4,1,57,10,10,12,83,3
9727,2021,4,17,6,0,1,1,5,501,99,1,33,5,5,7,22,3
9728,2021,4,17,6,19,4,3,5,505,99,1,73,11,13,15,22,3
9729,2021,4,17,6,18,4,3,5,505,99,1,66,11,12,14,22,3
9730,2021,4,17,6,19,4,3,4,401,99,1,40,7,7,9,83,3
9731,2021,4,18,7,13,3,2,1,106,99,2,47,8,8,10,83,3
9732,2021,4,18,7,18,4,3,1,101,11,1,42,7,7,9,83,3
9733,2021,4,18,7,9,2,1,1,117,99,1,28,4,4,6,22,3
9734,2021,4,18,7,9,2,1,20,2002,99,2,23,3,3,5,83,3
9735,2021,4,18,7,11,2,1,12,1202,99,2,40,7,7,9,83,3
9736,2021,4,19,1,7,2,1,1,101,14,1,33,5,5,7,83,3
9737,2021,4,19,1,15,3,2,1,101,12,1,30,5,5,7,83,3
9738,2021,4,19,1,14,3,2,1,114,99,1,51,9,9,11,83,3
9739,2021,4,20,2,4,1,1,1,101,9,1,26,4,4,6,83,3
9740,2021,4,20,2,1,1,1,1,101,8,1,25,4,4,6,83,3
9741,2021,4,20,2,20,4,3,1,101,8,1,34,5,5,7,22,3
9742,2021,4,20,2,18,4,3,1,101,7,2,34,5,5,7,83,3
9743,2021,4,20,2,23,4,3,1,108,99,1,25,4,4,6,22,3
9744,2021,4,20,2,5,1,1,1,108,99,1,42,7,7,9,22,3
9745,2021,4,20,2,7,2,1,1,108,99,1,50,9,9,11,22,3
9746,2021,4,20,2,5,1,1,5,511,99,1,37,6,6,8,22,3
9747,2021,4,20,2,3,1,1,5,502,99,1,34,5,5,7,22,3
9748,2021,4,21,3,6,2,1,1,101,4,1,70,11,13,15,83,3
9749,2021,4,21,3,6,2,1,1,101,14,1,30,5,5,7,83,3
9750,2021,4,21,3,1,1,1,1,101,12,1,29,4,4,6,22,3
9751,2021,4,21,3,10,2,1,1,101,11,1,46,8,8,10,83,3
9752,2021,4,21,3,20,4,3,1,101,11,1,61,11,11,13,83,3
9753,2021,4,21,3,21,4,3,20,2011,99,1,23,3,3,5,22,3
9754,2021,4,21,3,17,3,2,5,501,99,1,20,3,3,5,83,3
9755,2021,4,22,4,21,4,3,1,101,3,1,78,11,14,16,83,3
9756,2021,4,22,4,5,1,1,1,101,8,2,27,4,4,6,83,3
9757,2021,4,22,4,9,2,1,1,101,9,1,31,5,5,7,83,3
9758,2021,4,22,4,22,4,3,1,101,5,1,34,5,5,7,83,3
9759,2021,4,22,4,11,2,1,1,101,7,1,25,4,4,6,22,3
9760,2021,4,22,4,1,1,1,1,117,99,1,24,3,3,5,83,3
9761,2021,4,22,4,19,4,3,1,117,99,2,51,9,9,11,22,3
9762,2021,4,22,4,21,4,3,1,108,99,1,28,4,4,6,83,3
9763,2021,4,22,4,14,3,2,5,501,99,1,68,11,12,14,83,3
9764,2021,4,23,5,5,1,1,1,101,1,1,44,7,7,9,83,3
9765,2021,4,23,5,9,2,1,1,101,9,1,25,4,4,6,83,3
9766,2021,4,23,5,23,4,3,1,106,99,1,42,7,7,9,83,3
9767,2021,4,23,5,4,1,1,1,103,99,2,43,7,7,9,83,3
9768,2021,4,23,5,18,4,3,1,101,10,1,51,9,9,11,83,3
9769,2021,4,23,5,14,3,2,1,101,5,2,43,7,7,9,83,3
9770,2021,4,23,5,4,1,1,1,101,11,1,44,7,7,9,22,3
9771,2021,4,23,5,9,2,1,1,115,99,2,53,9,9,11,22,3
9772,2021,4,23,5,9,2,1,1,115,99,1,44,7,7,9,83,3
9773,2021,4,23,5,6,2,1,4,401,99,1,23,3,3,5,83,3
9774,2021,4,24,6,7,2,1,1,101,8,1,48,8,8,10,83,3
9775,2021,4,24,6,15,3,2,1,101,7,1,60,11,11,13,83,3
9776,2021,4,24,6,16,3,2,1,101,7,1,26,4,4,6,22,3
9777,2021,4,24,6,10,2,1,1,108,99,2,41,7,7,9,83,3
9778,2021,4,25,7,3,1,1,1,103,99,1,44,7,7,9,83,3
9779,2021,4,26,1,11,2,1,1,106,99,2,59,10,10,12,83,3
9780,2021,4,26,1,5,1,1,1,108,99,1,39,6,6,8,22,3
9781,2021,4,27,2,8,2,1,1,101,13,1,35,6,6,8,83,3
9782,2021,4,27,2,21,4,3,1,102,99,1,30,5,5,7,22,3
9783,2021,4,27,2,19,4,3,1,101,11,1,27,4,4,6,83,3
9784,2021,4,27,2,19,4,3,1,101,7,1,20,3,3,5,22,3
9785,2021,4,27,2,20,4,3,1,101,11,1,21,3,3,5,22,3
9786,2021,4,27,2,6,2,1,1,101,11,1,56,10,10,12,83,3
9787,2021,4,27,2,0,1,1,1,116,99,1,30,5,5,7,83,3
9788,2021,4,27,2,19,4,3,1,108,99,1,32,5,5,7,83,3
9789,2021,4,28,3,2,1,1,1,105,99,1,33,5,5,7,22,3
9790,2021,4,28,3,23,4,3,1,101,5,2,23,3,3,5,83,3
9791,2021,4,28,3,3,1,1,1,101,12,1,34,5,5,7,83,3
9792,2021,4,28,3,4,1,1,1,101,7,1,34,5,5,7,22,3
9793,2021,4,28,3,11,2,1,5,501,99,1,53,9,9,11,22,3
9794,2021,4,28,3,16,3,2,9,901,99,1,33,5,5,7,83,3
9795,2021,4,28,3,0,1,1,17,1702,99,1,28,4,4,6,22,3
9796,2021,4,29,4,7,2,1,1,101,1,1,45,8,8,10,83,3
9797,2021,4,29,4,13,3,2,1,101,14,1,31,5,5,7,22,3
9798,2021,4,29,4,21,4,3,1,102,99,1,999,12,16,18,22,3
9799,2021,4,29,4,4,1,1,1,101,7,1,26,4,4,6,22,3
9800,2021,4,29,4,21,4,3,1,108,99,1,36,6,6,8,22,3
9801,2021,4,29,4,22,4,3,1,108,99,1,35,6,6,8,22,3
9802,2021,4,29,4,20,4,3,6,606,99,1,62,11,11,13,22,3
9803,2021,4,29,4,16,3,2,4,414,99,1,27,4,4,6,22,3
9804,2021,4,30,5,5,1,1,18,1804,99,1,27,4,4,6,22,3
9805,2021,4,30,5,5,1,1,3,308,99,1,58,10,10,12,22,3
9806,2021,4,1,4,23,4,3,1,101,4,1,30,5,5,7,2,1
9807,2021,4,1,4,15,3,2,21,2104,99,1,33,5,5,7,1,1
9808,2021,4,1,4,14,3,2,20,2004,99,1,28,4,4,6,1,1
9809,2021,4,1,4,23,4,3,20,2007,99,1,39,6,6,8,2,1
9810,2021,4,1,4,17,3,2,5,513,99,1,26,4,4,6,1,1
9811,2021,4,1,4,19,4,3,5,506,99,1,33,5,5,7,1,1
9812,2021,4,1,4,21,4,3,11,1108,99,1,20,3,3,5,1,1
9813,2021,4,1,4,19,4,3,18,1805,99,1,31,5,5,7,1,1
9814,2021,4,1,4,21,4,3,1,105,99,1,30,5,5,7,8,2
9815,2021,4,1,4,13,3,2,1,101,24,1,25,4,4,6,7,2
9816,2021,4,1,4,23,4,3,1,101,5,1,38,6,6,8,9,2
9817,2021,4,1,4,14,3,2,1,115,99,1,28,4,4,6,1,1
9818,2021,4,1,4,1,1,1,1,117,99,1,24,3,3,5,8,2
9819,2021,4,1,4,22,4,3,1,115,99,1,40,7,7,9,9,2
9820,2021,4,1,4,10,2,1,6,614,99,1,28,4,4,6,7,2
9821,2021,4,1,4,10,2,1,10,1014,99,1,22,3,3,5,8,2
9822,2021,4,1,4,10,2,1,10,1014,99,1,22,3,3,5,8,2
9823,2021,4,1,4,17,3,2,11,1108,99,1,24,3,3,5,8,2
9824,2021,4,1,4,11,2,1,12,1230,99,1,32,5,5,7,7,2
9825,2021,4,1,4,14,3,2,1,105,99,2,22,3,3,5,2,1
9826,2021,4,2,5,23,4,3,22,2216,99,1,40,7,7,9,1,1
9827,2021,4,2,5,23,4,3,22,2216,99,2,43,7,7,9,1,1
9828,2021,4,2,5,11,2,1,5,513,99,1,25,4,4,6,2,1
9829,2021,4,2,5,19,4,3,6,608,99,1,46,8,8,10,1,1
9830,2021,4,2,5,18,4,3,16,1615,99,1,18,2,2,4,2,1
9831,2021,4,2,5,18,4,3,16,1615,99,1,16,2,2,4,2,1
9832,2021,4,2,5,23,4,3,17,1710,99,1,36,6,6,8,2,1
9833,2021,4,2,5,2,1,1,1,101,6,1,37,6,6,8,8,2
9834,2021,4,2,5,18,4,3,1,101,5,1,24,3,3,5,7,2
9835,2021,4,2,5,13,3,2,1,101,7,1,21,3,3,5,9,2
9836,2021,4,2,5,14,3,2,14,1401,99,2,31,5,5,7,7,2
9837,2021,4,2,5,14,3,2,14,1401,99,2,58,10,10,12,7,2
9838,2021,4,3,6,13,3,2,1,101,17,1,19,2,2,4,1,1
9839,2021,4,3,6,8,2,1,1,115,99,1,28,4,4,6,1,1
9840,2021,4,3,6,2,1,1,21,2101,99,2,44,7,7,9,1,1
9841,2021,4,3,6,23,4,3,4,403,99,1,33,5,5,7,2,1
9842,2021,4,3,6,22,4,3,1,101,1,1,28,4,4,6,8,2
9843,2021,4,3,6,23,4,3,6,602,99,1,18,2,2,4,7,2
9844,2021,4,3,6,20,4,3,1,114,99,2,25,4,4,6,7,2
9845,2021,4,3,6,20,4,3,1,114,99,1,24,3,3,5,7,2
9846,2021,4,3,6,20,4,3,1,114,99,2,12,1,1,3,7,2
9847,2021,4,3,6,21,4,3,1,108,99,2,20,3,3,5,7,2
9848,2021,4,3,6,0,1,1,6,602,99,2,7,1,1,2,8,2
9849,2021,4,4,7,2,1,1,1,101,6,1,28,4,4,6,1,1
9850,2021,4,4,7,14,3,2,20,2004,99,1,24,3,3,5,2,1
9851,2021,4,4,7,14,3,2,20,2004,99,1,19,2,2,4,2,1
9852,2021,4,4,7,15,3,2,20,2004,99,1,55,10,10,12,2,1
9853,2021,4,4,7,20,4,3,11,1107,99,1,34,5,5,7,1,1
9854,2021,4,4,7,0,1,1,12,1201,99,1,25,4,4,6,1,1
9855,2021,4,4,7,0,1,1,12,1201,99,1,41,7,7,9,1,1
9856,2021,4,4,7,9,2,1,2,207,99,1,40,7,7,9,2,1
9857,2021,4,4,7,1,1,1,18,1804,99,1,43,7,7,9,1,1
9858,2021,4,4,7,23,4,3,18,1804,99,1,48,8,8,10,1,1
9859,2021,4,4,7,18,4,3,21,2101,99,1,53,9,9,11,8,2
9860,2021,4,4,7,22,4,3,5,509,99,2,32,5,5,7,2,1
9861,2021,4,4,7,22,4,3,5,509,99,2,12,1,1,3,8,2
9862,2021,4,4,7,10,2,1,6,604,99,1,25,4,4,6,1,1
9863,2021,4,5,1,21,4,3,1,101,6,1,23,3,3,5,1,1
9864,2021,4,5,1,21,4,3,1,101,15,1,28,4,4,6,1,1
9865,2021,4,5,1,20,4,3,5,506,99,1,24,3,3,5,1,1
9866,2021,4,5,1,21,4,3,5,509,99,1,41,7,7,9,1,1
9867,2021,4,5,1,16,3,2,6,602,99,1,999,12,16,18,1,1
9868,2021,4,5,1,16,3,2,6,602,99,2,33,5,5,7,1,1
9869,2021,4,5,1,20,4,3,12,1230,99,1,60,11,11,13,1,1
9870,2021,4,5,1,17,3,2,1,101,24,2,28,4,4,6,7,2
9871,2021,4,5,1,20,4,3,5,501,99,1,20,3,3,5,1,1
9872,2021,4,5,1,17,3,2,7,706,99,1,17,2,2,4,7,2
9873,2021,4,5,1,17,3,2,7,705,99,1,37,6,6,8,8,2
9874,2021,4,6,2,6,2,1,1,108,99,1,30,5,5,7,1,1
9875,2021,4,6,2,11,2,1,1,108,99,1,28,4,4,6,1,1
9876,2021,4,6,2,12,3,2,22,2201,99,1,23,3,3,5,5,1
9877,2021,4,6,2,20,4,3,5,505,99,1,21,3,3,5,1,1
9878,2021,4,6,2,22,4,3,5,501,99,1,20,3,3,5,1,1
9879,2021,4,6,2,23,4,3,1,101,6,1,26,4,4,6,8,2
9880,2021,4,6,2,18,4,3,1,101,11,2,36,6,6,8,7,2
9881,2021,4,6,2,21,4,3,1,116,99,1,36,6,6,8,7,2
9882,2021,4,6,2,11,2,1,1,108,99,1,28,4,4,6,7,2
9883,2021,4,6,2,16,3,2,11,1101,99,1,26,4,4,6,9,2
9884,2021,4,7,3,20,4,3,1,102,99,2,45,8,8,10,1,1
9885,2021,4,7,3,16,3,2,1,115,99,1,22,3,3,5,1,1
9886,2021,4,7,3,22,4,3,1,115,99,1,24,3,3,5,1,1
9887,2021,4,7,3,22,4,3,1,115,99,2,43,7,7,9,1,1
9888,2021,4,7,3,12,3,2,19,1901,99,2,19,2,2,4,1,1
9889,2021,4,7,3,12,3,2,10,1001,99,1,26,4,4,6,1,1
9890,2021,4,7,3,19,4,3,1,101,3,1,33,5,5,7,7,2
9891,2021,4,7,3,20,4,3,1,102,99,1,20,3,3,5,7,2
9892,2021,4,7,3,20,4,3,1,102,99,1,48,8,8,10,7,2
9893,2021,4,7,3,21,4,3,22,2201,99,1,18,2,2,4,7,2
9894,2021,4,7,3,17,3,2,19,1909,99,1,19,2,2,4,7,2
9895,2021,4,7,3,5,1,1,16,1616,99,1,19,2,2,4,7,2
9896,2021,4,8,4,11,2,1,1,101,1,1,30,5,5,7,1,1
9897,2021,4,8,4,8,2,1,1,101,18,1,25,4,4,6,1,1
9898,2021,4,8,4,9,2,1,1,105,99,1,30,5,5,7,2,1
9899,2021,4,8,4,18,4,3,1,101,18,2,16,2,2,4,2,1
9900,2021,4,8,4,12,3,2,10,1001,99,1,51,9,9,11,1,1
9901,2021,4,8,4,8,2,1,12,1215,99,1,39,6,6,8,1,1
9902,2021,4,8,4,11,2,1,12,1217,99,1,30,5,5,7,1,1
9903,2021,4,8,4,12,3,2,1,115,99,1,23,3,3,5,7,2
9904,2021,4,8,4,14,3,2,1,108,99,1,39,6,6,8,7,2
9905,2021,4,8,4,14,3,2,1,108,99,1,69,11,12,14,7,2
9906,2021,4,8,4,14,3,2,1,108,99,1,25,4,4,6,7,2
9907,2021,4,8,4,14,3,2,1,108,99,1,41,7,7,9,7,2
9908,2021,4,8,4,21,4,3,21,2101,99,1,74,11,13,15,9,2
9909,2021,4,8,4,22,4,3,20,2007,99,1,35,6,6,8,8,2
9910,2021,4,8,4,1,1,1,4,414,99,1,34,5,5,7,7,2
9911,2021,4,8,4,17,3,2,4,409,99,1,35,6,6,8,9,2
9912,2021,4,9,5,8,2,1,1,115,99,1,52,9,9,11,1,1
9913,2021,4,9,5,23,4,3,1,115,99,2,36,6,6,8,1,1
9914,2021,4,9,5,23,4,3,1,115,99,1,28,4,4,6,1,1
9915,2021,4,9,5,23,4,3,1,115,99,1,29,4,4,6,1,1
9916,2021,4,9,5,23,4,3,1,115,99,1,27,4,4,6,1,1
9917,2021,4,9,5,17,3,2,1,108,99,1,16,2,2,4,1,1
9918,2021,4,9,5,10,2,1,22,2215,99,1,59,10,10,12,1,1
9919,2021,4,9,5,21,4,3,22,2203,99,1,23,3,3,5,1,1
9920,2021,4,9,5,19,4,3,21,2101,99,1,41,7,7,9,1,1
9921,2021,4,9,5,7,2,1,13,1312,99,1,999,12,16,18,1,1
9922,2021,4,9,5,7,2,1,4,401,99,1,19,2,2,4,1,1
9923,2021,4,9,5,16,3,2,1,101,4,1,24,3,3,5,7,2
9924,2021,4,9,5,8,2,1,1,115,99,1,17,2,2,4,7,2
9925,2021,4,9,5,8,2,1,4,401,99,1,22,3,3,5,7,2
9926,2021,4,9,5,21,4,3,20,2006,99,1,41,7,7,9,8,2
9927,2021,4,9,5,19,4,3,19,1911,99,1,32,5,5,7,7,2
9928,2021,4,9,5,16,3,2,4,401,99,2,30,5,5,7,9,2
9929,2021,4,10,6,11,2,1,1,101,9,1,18,2,2,4,1,1
9930,2021,4,10,6,21,4,3,1,102,99,1,37,6,6,8,1,1
9931,2021,4,10,6,16,3,2,22,2212,99,2,32,5,5,7,1,1
9932,2021,4,10,6,23,4,3,21,2101,99,1,28,4,4,6,2,1
9933,2021,4,10,6,14,3,2,21,2106,99,1,31,5,5,7,1,1
9934,2021,4,10,6,11,2,1,13,1311,99,1,44,7,7,9,1,1
9935,2021,4,10,6,21,4,3,13,1332,99,1,66,11,12,14,1,1
9936,2021,4,10,6,12,3,2,8,806,99,1,34,5,5,7,5,1
9937,2021,4,10,6,17,3,2,2,203,99,1,43,7,7,9,1,1
9938,2021,4,10,6,19,4,3,17,1707,99,1,21,3,3,5,1,1
9939,2021,4,10,6,21,4,3,1,101,1,1,16,2,2,4,7,2
9940,2021,4,10,6,19,4,3,1,115,99,1,38,6,6,8,7,2
9941,2021,4,10,6,19,4,3,1,115,99,1,47,8,8,10,7,2
9942,2021,4,10,6,23,4,3,21,2101,99,1,19,2,2,4,8,2
9943,2021,4,10,6,23,4,3,21,2101,99,1,20,3,3,5,8,2
9944,2021,4,10,6,21,4,3,15,1501,99,1,18,2,2,4,7,2
9945,2021,4,10,6,21,4,3,17,1711,99,2,27,4,4,6,8,2
9946,2021,4,11,7,21,4,3,1,101,18,1,31,5,5,7,3,1
9947,2021,4,11,7,6,2,1,1,101,6,2,35,6,6,8,5,1
9948,2021,4,11,7,20,4,3,1,116,99,1,17,2,2,4,1,1
9949,2021,4,11,7,21,4,3,22,2207,99,1,50,9,9,11,2,1
9950,2021,4,11,7,9,2,1,21,2101,99,1,47,8,8,10,1,1
9951,2021,4,11,7,17,3,2,21,2106,99,1,37,6,6,8,1,1
9952,2021,4,11,7,6,2,1,18,1802,99,1,30,5,5,7,1,1
9953,2021,4,11,7,8,2,1,18,1801,99,1,18,2,2,4,1,1
9954,2021,4,11,7,12,3,2,1,101,3,1,46,8,8,10,7,2
9955,2021,4,11,7,3,1,1,1,106,99,1,38,6,6,8,8,2
9956,2021,4,11,7,0,1,1,1,107,99,1,21,3,3,5,8,2
9957,2021,4,11,7,14,3,2,1,101,25,1,17,2,2,4,7,2
9958,2021,4,11,7,14,3,2,1,101,25,1,22,3,3,5,7,2
9959,2021,4,11,7,20,4,3,1,116,99,1,16,2,2,4,7,2
9960,2021,4,11,7,15,3,2,1,114,99,1,47,8,8,10,7,2
9961,2021,4,11,7,21,4,3,22,2207,99,1,66,11,12,14,7,2
9962,2021,4,11,7,23,4,3,22,2214,99,1,38,6,6,8,9,2
9963,2021,4,11,7,3,1,1,20,2001,99,1,23,3,3,5,7,2
9964,2021,4,11,7,22,4,3,20,2001,99,1,37,6,6,8,1,1
9965,2021,4,11,7,20,4,3,6,608,99,1,16,2,2,4,7,2
9966,2021,4,11,7,22,4,3,16,1609,99,1,13,1,1,3,7,2
9967,2021,4,11,7,19,4,3,2,204,99,1,30,5,5,7,8,2
9968,2021,4,12,1,12,3,2,1,101,25,1,48,8,8,10,5,1
9969,2021,4,12,1,12,3,2,1,115,99,1,16,2,2,4,1,1
9970,2021,4,12,1,8,2,1,9,921,99,1,34,5,5,7,1,1
9971,2021,4,12,1,17,3,2,9,917,99,1,24,3,3,5,1,1
9972,2021,4,12,1,17,3,2,9,917,99,2,23,3,3,5,1,1
9973,2021,4,12,1,7,2,1,2,203,99,1,58,10,10,12,1,1
9974,2021,4,12,1,20,4,3,1,101,6,1,34,5,5,7,7,2
9975,2021,4,12,1,20,4,3,1,101,6,1,34,5,5,7,7,2
9976,2021,4,12,1,14,3,2,1,101,6,1,27,4,4,6,7,2
9977,2021,4,12,1,14,3,2,1,101,6,1,55,10,10,12,7,2
9978,2021,4,13,2,9,2,1,9,901,99,1,22,3,3,5,1,1
9979,2021,4,13,2,9,2,1,9,901,99,2,48,8,8,10,1,1
9980,2021,4,13,2,7,2,1,1,101,3,1,39,6,6,8,7,2
9981,2021,4,13,2,7,2,1,1,101,18,1,19,2,2,4,8,2
9982,2021,4,13,2,4,1,1,1,101,18,1,33,5,5,7,7,2
9983,2021,4,13,2,16,3,2,5,504,99,1,30,5,5,7,7,2
9984,2021,4,13,2,22,4,3,12,1216,99,1,18,2,2,4,7,2
9985,2021,4,14,3,14,3,2,1,101,11,1,22,3,3,5,1,1
9986,2021,4,14,3,6,2,1,1,115,99,1,70,11,13,15,1,1
9987,2021,4,14,3,5,1,1,19,1901,99,1,71,11,13,15,1,1
9988,2021,4,14,3,5,1,1,19,1901,99,2,49,8,8,10,1,1
9989,2021,4,14,3,20,4,3,1,106,99,1,23,3,3,5,7,2
9990,2021,4,14,3,14,3,2,1,101,11,1,23,3,3,5,7,2
9991,2021,4,14,3,8,2,1,1,101,12,1,20,3,3,5,1,1
9992,2021,4,14,3,18,4,3,1,108,99,1,19,2,2,4,7,2
9993,2021,4,14,3,22,4,3,11,1105,99,1,20,3,3,5,8,2
9994,2021,4,14,3,21,4,3,4,401,99,2,33,5,5,7,7,2
9995,2021,4,15,4,12,3,2,1,115,99,1,51,9,9,11,1,1
9996,2021,4,15,4,1,1,1,1,108,99,1,18,2,2,4,2,1
9997,2021,4,15,4,19,4,3,1,110,99,1,24,3,3,5,2,1
9998,2021,4,15,4,7,2,1,22,2201,99,1,52,9,9,11,1,1
9999,2021,4,15,4,4,1,1,9,912,99,1,17,2,2,4,1,1
10000,2021,4,15,4,4,1,1,9,912,99,1,24,3,3,5,1,1
10001,2021,4,15,4,17,3,2,1,101,13,1,23,3,3,5,7,2
10002,2021,4,15,4,11,2,1,1,115,99,1,20,3,3,5,7,2
10003,2021,4,15,4,3,1,1,1,108,99,1,22,3,3,5,9,2
10004,2021,4,15,4,21,4,3,9,901,99,1,31,5,5,7,9,2
10005,2021,4,16,5,23,4,3,1,101,18,1,33,5,5,7,1,1
10006,2021,4,16,5,23,4,3,1,101,18,1,30,5,5,7,1,1
10007,2021,4,16,5,7,2,1,1,101,12,1,21,3,3,5,5,1
10008,2021,4,16,5,7,2,1,1,101,12,2,18,2,2,4,5,1
10009,2021,4,16,5,8,2,1,1,115,99,1,30,5,5,7,1,1
10010,2021,4,16,5,22,4,3,16,1615,99,1,28,4,4,6,1,1
10011,2021,4,16,5,10,2,1,17,1708,99,1,19,2,2,4,1,1
10012,2021,4,16,5,6,2,1,1,101,3,1,32,5,5,7,7,2
10013,2021,4,16,5,17,3,2,1,101,7,1,31,5,5,7,7,2
10014,2021,4,16,5,0,1,1,1,115,99,1,40,7,7,9,9,2
10015,2021,4,16,5,15,3,2,1,108,99,1,17,2,2,4,7,2
10016,2021,4,16,5,15,3,2,1,108,99,1,18,2,2,4,7,2
10017,2021,4,17,6,17,3,2,1,101,25,1,37,6,6,8,1,1
10018,2021,4,17,6,19,4,3,1,102,99,1,18,2,2,4,1,1
10019,2021,4,17,6,19,4,3,1,102,99,1,26,4,4,6,1,1
10020,2021,4,17,6,19,4,3,1,114,99,1,16,2,2,4,1,1
10021,2021,4,17,6,14,3,2,20,2005,99,2,33,5,5,7,2,1
10022,2021,4,17,6,22,4,3,20,2009,99,1,41,7,7,9,1,1
10023,2021,4,17,6,14,3,2,6,604,99,1,50,9,9,11,1,1
10024,2021,4,17,6,19,4,3,6,602,99,1,36,6,6,8,1,1
10025,2021,4,17,6,19,4,3,9,901,99,1,29,4,4,6,1,1
10026,2021,4,17,6,19,4,3,9,901,99,1,35,6,6,8,1,1
10027,2021,4,17,6,20,4,3,12,1230,99,1,35,6,6,8,1,1
10028,2021,4,17,6,14,3,2,18,1801,99,1,36,6,6,8,1,1
10029,2021,4,17,6,16,3,2,3,304,99,1,27,4,4,6,1,1
10030,2021,4,17,6,16,3,2,3,304,99,1,29,4,4,6,1,1
10031,2021,4,17,6,16,3,2,3,304,99,1,20,3,3,5,1,1
10032,2021,4,17,6,16,3,2,3,304,99,1,999,12,16,18,1,1
10033,2021,4,17,6,11,2,1,1,101,5,1,30,5,5,7,7,2
10034,2021,4,17,6,19,4,3,1,102,99,1,23,3,3,5,7,2
10035,2021,4,17,6,11,2,1,1,108,99,1,25,4,4,6,7,2
10036,2021,4,17,6,0,1,1,21,2102,99,1,22,3,3,5,8,2
10037,2021,4,17,6,20,4,3,6,601,99,1,36,6,6,8,8,2
10038,2021,4,17,6,22,4,3,16,1613,99,1,40,7,7,9,8,2
10039,2021,4,17,6,16,3,2,3,304,99,2,34,5,5,7,7,2
10040,2021,4,17,6,16,3,2,3,304,99,1,36,6,6,8,7,2
10041,2021,4,18,7,8,2,1,20,2001,99,1,20,3,3,5,1,1
10042,2021,4,18,7,17,3,2,5,511,99,1,29,4,4,6,1,1
10043,2021,4,18,7,22,4,3,6,608,99,1,58,10,10,12,1,1
10044,2021,4,18,7,7,2,1,10,1001,99,1,20,3,3,5,1,1
10045,2021,4,18,7,6,2,1,11,1101,99,1,37,6,6,8,1,1
10046,2021,4,18,7,8,2,1,18,1801,99,1,30,5,5,7,1,1
10047,2021,4,18,7,20,4,3,4,409,99,2,37,6,6,8,3,1
10048,2021,4,18,7,12,3,2,1,106,99,2,20,3,3,5,7,2
10049,2021,4,18,7,12,3,2,1,117,99,1,36,6,6,8,7,2
10050,2021,4,18,7,20,4,3,1,115,99,1,28,4,4,6,7,2
10051,2021,4,18,7,20,4,3,1,116,99,1,22,3,3,5,8,2
10052,2021,4,18,7,17,3,2,1,110,99,2,40,7,7,9,7,2
10053,2021,4,18,7,13,3,2,1,108,99,1,32,5,5,7,8,2
10054,2021,4,18,7,22,4,3,1,108,99,1,29,4,4,6,8,2
10055,2021,4,18,7,20,4,3,5,513,99,1,18,2,2,4,7,2
10056,2021,4,18,7,20,4,3,5,513,99,1,30,5,5,7,7,2
10057,2021,4,18,7,20,4,3,5,513,99,2,34,5,5,7,7,2
10058,2021,4,18,7,15,3,2,5,505,99,2,55,10,10,12,8,2
10059,2021,4,18,7,6,2,1,11,1101,99,1,64,11,11,13,7,2
10060,2021,4,18,7,15,3,2,1,101,1,1,21,3,3,5,9,2
10061,2021,4,19,1,8,2,1,1,101,7,1,57,10,10,12,3,1
10062,2021,4,19,1,2,1,1,9,920,99,1,35,6,6,8,1,1
10063,2021,4,19,1,16,3,2,1,101,1,1,20,3,3,5,7,2
10064,2021,4,19,1,17,3,2,1,107,99,1,52,9,9,11,9,2
10065,2021,4,19,1,18,4,3,1,101,21,1,21,3,3,5,7,2
10066,2021,4,19,1,1,1,1,7,719,99,1,28,4,4,6,9,2
10067,2021,4,20,2,10,2,1,1,101,1,1,35,6,6,8,1,1
10068,2021,4,20,2,6,2,1,22,2209,99,1,26,4,4,6,1,1
10069,2021,4,20,2,6,2,1,22,2209,99,1,24,3,3,5,1,1
10070,2021,4,20,2,18,4,3,20,2001,99,2,23,3,3,5,1,1
10071,2021,4,20,2,15,3,2,8,807,99,1,60,11,11,13,1,1
10072,2021,4,20,2,20,4,3,1,101,5,1,38,6,6,8,7,2
10073,2021,4,20,2,20,4,3,1,101,5,2,32,5,5,7,7,2
10074,2021,4,20,2,5,1,1,1,108,99,1,28,4,4,6,7,2
10075,2021,4,20,2,20,4,3,1,110,99,2,20,3,3,5,8,2
10076,2021,4,20,2,20,4,3,1,110,99,1,25,4,4,6,8,2
10077,2021,4,20,2,20,4,3,1,110,99,2,20,3,3,5,8,2
10078,2021,4,20,2,12,3,2,4,401,99,1,59,10,10,12,8,2
10079,2021,4,21,3,23,4,3,1,116,99,1,25,4,4,6,1,1
10080,2021,4,21,3,8,2,1,4,408,99,1,45,8,8,10,2,1
10081,2021,4,21,3,18,4,3,3,302,99,1,43,7,7,9,1,1
10082,2021,4,21,3,19,4,3,1,101,7,1,47,8,8,10,9,2
10083,2021,4,21,3,8,2,1,9,901,99,1,999,12,16,18,9,2
10084,2021,4,21,3,8,2,1,9,901,99,1,999,12,16,18,9,2
10085,2021,4,22,4,18,4,3,1,115,99,1,999,12,16,18,1,1
10086,2021,4,22,4,16,3,2,1,101,1,1,17,2,2,4,126,2
10087,2021,4,22,4,20,4,3,1,101,18,1,24,3,3,5,7,2
10088,2021,4,22,4,19,4,3,1,113,99,1,16,2,2,4,7,2
10089,2021,4,22,4,19,4,3,1,113,99,1,18,2,2,4,7,2
10090,2021,4,22,4,9,2,1,1,115,99,1,22,3,3,5,8,2
10091,2021,4,22,4,6,2,1,1,115,99,1,30,5,5,7,1,1
10092,2021,4,22,4,20,4,3,1,108,99,1,20,3,3,5,7,2
10093,2021,4,22,4,10,2,1,5,511,99,1,17,2,2,4,7,2
10094,2021,4,23,5,1,1,1,1,101,6,1,29,4,4,6,1,1
10095,2021,4,23,5,20,4,3,1,101,6,1,30,5,5,7,1,1
10096,2021,4,23,5,18,4,3,22,2215,99,1,65,11,12,14,1,1
10097,2021,4,23,5,12,3,2,21,2101,99,2,40,7,7,9,1,1
10098,2021,4,23,5,11,2,1,18,1805,99,1,26,4,4,6,1,1
10099,2021,4,23,5,11,2,1,18,1805,99,1,33,5,5,7,1,1
10100,2021,4,23,5,2,1,1,16,1601,99,2,24,3,3,5,8,2
10101,2021,4,23,5,17,3,2,22,2214,99,1,39,6,6,8,7,2
10102,2021,4,24,6,23,4,3,1,101,1,1,28,4,4,6,1,1
10103,2021,4,24,6,22,4,3,1,101,17,1,19,2,2,4,1,1
10104,2021,4,24,6,18,4,3,1,101,21,1,37,6,6,8,1,1
10105,2021,4,24,6,8,2,1,1,115,99,1,40,7,7,9,3,1
10106,2021,4,24,6,22,4,3,1,114,99,1,999,12,16,18,1,1
10107,2021,4,24,6,0,1,1,1,108,99,1,19,2,2,4,3,1
10108,2021,4,24,6,13,3,2,20,2007,99,1,41,7,7,9,1,1
10109,2021,4,24,6,13,3,2,3,303,99,1,31,5,5,7,1,1
10110,2021,4,24,6,23,4,3,1,106,99,1,18,2,2,4,8,2
10111,2021,4,24,6,18,4,3,1,101,21,1,23,3,3,5,7,2
10112,2021,4,24,6,18,4,3,1,101,21,1,32,5,5,7,7,2
10113,2021,4,24,6,18,4,3,1,101,21,1,23,3,3,5,7,2
10114,2021,4,24,6,14,3,2,1,101,11,1,18,2,2,4,7,2
10115,2021,4,24,6,22,4,3,1,114,99,1,39,6,6,8,7,2
10116,2021,4,24,6,23,4,3,1,114,99,1,24,3,3,5,7,2
10117,2021,4,24,6,16,3,2,1,108,99,1,27,4,4,6,7,2
10118,2021,4,24,6,21,4,3,19,1903,99,1,25,4,4,6,7,2
10119,2021,4,24,6,16,3,2,9,902,99,2,32,5,5,7,9,2
10120,2021,4,25,7,13,3,2,1,108,99,1,999,12,16,18,1,1
10121,2021,4,25,7,20,4,3,21,2102,99,1,50,9,9,11,1,1
10122,2021,4,25,7,20,4,3,21,2102,99,2,39,6,6,8,1,1
10123,2021,4,25,7,0,1,1,20,2006,99,1,999,12,16,18,1,1
10124,2021,4,25,7,7,2,1,5,513,99,1,45,8,8,10,1,1
10125,2021,4,24,6,6,2,1,6,601,99,1,34,5,5,7,2,1
10126,2021,4,25,7,17,3,2,6,608,99,1,45,8,8,10,1,1
10127,2021,4,25,7,21,4,3,12,1220,99,1,28,4,4,6,1,1
10128,2021,4,25,7,7,2,1,17,1702,99,1,33,5,5,7,2,1
10129,2021,4,25,7,13,3,2,1,108,99,1,29,4,4,6,7,2
10130,2021,4,25,7,20,4,3,21,2102,99,1,6,1,1,2,7,2
10131,2021,4,25,7,7,2,1,5,513,99,1,21,3,3,5,7,2
10132,2021,4,25,7,1,1,1,1,101,18,1,28,4,4,6,8,2
10133,2021,4,25,7,4,1,1,1,101,5,1,30,5,5,7,7,2
10134,2021,4,26,1,21,4,3,1,108,99,1,45,8,8,10,1,1
10135,2021,4,26,1,13,3,2,5,513,99,1,19,2,2,4,1,1
10136,2021,4,26,1,13,3,2,1,101,12,2,37,6,6,8,7,2
10137,2021,4,26,1,6,2,1,1,115,99,1,29,4,4,6,8,2
10138,2021,4,26,1,22,4,3,1,111,99,1,31,5,5,7,8,2
10139,2021,4,26,1,12,3,2,1,108,99,1,27,4,4,6,7,2
10140,2021,4,26,1,12,3,2,1,108,99,1,57,10,10,12,7,2
10141,2021,4,26,1,16,3,2,1,108,99,1,15,2,2,4,126,2
10142,2021,4,26,1,19,4,3,22,2214,99,1,18,2,2,4,7,2
10143,2021,4,26,1,16,3,2,21,2101,99,1,60,11,11,13,9,2
10144,2021,4,26,1,14,3,2,6,610,99,1,50,9,9,11,7,2
10145,2021,4,26,1,14,3,2,6,610,99,2,40,7,7,9,7,2
10146,2021,4,26,1,0,1,1,10,1001,99,1,27,4,4,6,7,2
10147,2021,4,26,1,7,2,1,11,1101,99,2,42,7,7,9,7,2
10148,2021,4,27,2,22,4,3,1,101,21,1,22,3,3,5,1,1
10149,2021,4,27,2,8,2,1,22,2214,99,2,35,6,6,8,1,1
10150,2021,4,27,2,20,4,3,19,1909,99,1,42,7,7,9,1,1
10151,2021,4,27,2,12,3,2,6,601,99,1,45,8,8,10,1,1
10152,2021,4,27,2,15,3,2,11,1101,99,1,26,4,4,6,1,1
10153,2021,4,27,2,12,3,2,18,1804,99,1,42,7,7,9,1,1
10154,2021,4,27,2,12,3,2,18,1804,99,1,23,3,3,5,1,1
10155,2021,4,27,2,12,3,2,18,1804,99,1,20,3,3,5,7,2
10156,2021,4,27,2,14,3,2,1,101,7,2,27,4,4,6,8,2
10157,2021,4,27,2,12,3,2,16,1609,99,2,2,1,1,1,7,2
10158,2021,4,27,2,20,4,3,1,102,99,2,22,3,3,5,7,2
10159,2021,4,27,2,6,2,1,1,110,99,1,21,3,3,5,7,2
10160,2021,4,28,3,19,4,3,1,101,6,1,44,7,7,9,1,1
10161,2021,4,28,3,9,2,1,1,115,99,2,999,12,16,18,5,1
10162,2021,4,28,3,20,4,3,1,117,99,1,14,1,1,3,1,1
10163,2021,4,28,3,9,2,1,5,501,99,2,26,4,4,6,5,1
10164,2021,4,28,3,19,4,3,6,613,99,1,30,5,5,7,1,1
10165,2021,4,28,3,14,3,2,7,705,99,1,36,6,6,8,1,1
10166,2021,4,28,3,20,4,3,1,117,99,1,12,1,1,3,7,2
10167,2021,4,28,3,20,4,3,1,117,99,1,11,1,1,3,7,2
10168,2021,4,28,3,11,2,1,1,115,99,1,18,2,2,4,7,2
10169,2021,4,28,3,17,3,2,22,2211,99,1,34,5,5,7,8,2
10170,2021,4,28,3,3,1,1,17,1704,99,1,26,4,4,6,8,2
10171,2021,4,29,4,18,4,3,1,101,1,1,19,2,2,4,1,1
10172,2021,4,29,4,12,3,2,1,117,99,1,25,4,4,6,1,1
10173,2021,4,29,4,12,3,2,1,117,99,2,30,5,5,7,1,1
10174,2021,4,29,4,16,3,2,1,110,99,1,23,3,3,5,1,1
10175,2021,4,29,4,5,1,1,22,2202,99,1,30,5,5,7,1,1
10176,2021,4,29,4,16,3,2,5,506,99,1,34,5,5,7,1,1
10177,2021,4,29,4,18,4,3,12,1230,99,2,40,7,7,9,1,1
10178,2021,4,29,4,17,3,2,16,1601,99,1,35,6,6,8,1,1
10179,2021,4,29,4,19,4,3,1,101,11,1,28,4,4,6,8,2
10180,2021,4,29,4,14,3,2,1,101,7,1,29,4,4,6,8,2
10181,2021,4,29,4,22,4,3,1,101,12,2,38,6,6,8,8,2
10182,2021,4,29,4,22,4,3,1,101,12,1,17,2,2,4,8,2
10183,2021,4,29,4,22,4,3,1,115,99,2,33,5,5,7,8,2
10184,2021,4,29,4,4,1,1,1,101,12,2,29,4,4,6,9,2
10185,2021,4,29,4,12,3,2,1,115,99,1,29,4,4,6,9,2
10186,2021,4,29,4,16,3,2,1,110,99,2,19,2,2,4,7,2
10187,2021,4,29,4,6,2,1,5,511,99,1,22,3,3,5,1,1
10188,2021,4,29,4,17,3,2,14,1402,99,1,45,8,8,10,7,2
10189,2021,4,30,5,9,2,1,1,101,18,1,999,12,16,18,2,1
10190,2021,4,30,5,12,3,2,1,101,18,1,51,9,9,11,1,1
10191,2021,4,30,5,23,4,3,9,907,99,1,18,2,2,4,1,1
10192,2021,4,30,5,4,1,1,12,1206,99,2,49,8,8,10,2,1
10193,2021,4,30,5,19,4,3,18,1804,99,1,21,3,3,5,1,1
10194,2021,4,30,5,16,3,2,17,1703,99,1,45,8,8,10,1,1
10195,2021,4,30,5,15,3,2,4,401,99,1,24,3,3,5,1,1
10196,2021,4,30,5,10,2,1,1,101,6,2,31,5,5,7,8,2
10197,2021,4,30,5,22,4,3,1,117,99,1,999,12,16,18,9,2
10198,2021,4,30,5,15,3,2,1,108,99,1,44,7,7,9,7,2
10199,2021,4,30,5,15,3,2,1,108,99,1,36,6,6,8,7,2
10200,2021,4,30,5,23,4,3,9,907,99,1,15,2,2,4,7,2
10201,2021,4,30,5,23,4,3,9,907,99,1,16,2,2,4,7,2
10202,2021,4,30,5,8,2,1,13,1301,99,1,20,3,3,5,7,2
10203,2021,4,30,5,13,3,2,4,401,99,1,28,4,4,6,7,2
10204,2021,4,1,4,1,1,1,17,1703,99,2,25,4,4,6,68,7
10205,2021,4,1,4,20,4,3,17,1713,99,2,23,3,3,5,68,7
10206,2021,4,1,4,6,2,1,13,1320,99,2,30,5,5,7,68,7
10207,2021,4,1,4,6,2,1,13,1320,99,1,8,1,1,2,68,7
10208,2021,4,1,4,9,2,1,22,2205,99,2,42,7,7,9,68,7
10209,2021,4,1,4,22,4,3,22,2211,99,2,999,12,16,18,68,7
10210,2021,4,2,5,20,4,3,22,2206,99,2,24,3,3,5,68,7
10211,2021,4,2,5,20,4,3,22,2206,99,1,21,3,3,5,68,7
10212,2021,4,2,5,23,4,3,12,1216,99,2,28,4,4,6,68,7
10213,2021,4,2,5,18,4,3,16,1614,99,2,38,6,6,8,68,7
10214,2021,4,2,5,17,3,2,2,207,99,2,26,4,4,6,68,7
10215,2021,4,2,5,0,1,1,14,1420,99,2,27,4,4,6,68,7
10216,2021,4,3,6,13,3,2,3,315,99,2,999,12,16,18,68,7
10217,2021,4,3,6,21,4,3,17,1711,99,2,49,8,8,10,68,7
10218,2021,4,3,6,17,3,2,13,1320,99,2,999,12,16,18,68,7
10219,2021,4,3,6,16,3,2,1,115,99,2,999,12,16,18,68,7
10220,2021,4,4,7,16,3,2,21,2101,99,2,43,7,7,9,68,7
10221,2021,4,4,7,22,4,3,5,509,99,2,32,5,5,7,68,7
10222,2021,4,4,7,22,4,3,5,509,99,2,12,1,1,3,68,7
10223,2021,4,4,7,17,3,2,9,917,99,2,34,5,5,7,68,7
10224,2021,4,4,7,20,4,3,13,1320,99,1,88,11,15,17,68,7
10225,2021,4,4,7,20,4,3,13,1320,99,1,50,9,9,11,68,7
10226,2021,4,4,7,0,1,1,14,1402,99,2,24,3,3,5,68,7
10227,2021,4,5,1,16,3,2,16,1611,99,2,999,12,16,18,68,7
10228,2021,4,6,2,18,4,3,14,1406,99,2,35,6,6,8,68,7
10229,2021,4,7,3,9,2,1,20,2001,99,2,41,7,7,9,68,7
10230,2021,4,7,3,9,2,1,20,2001,99,1,21,3,3,5,68,7
10231,2021,4,8,4,23,4,3,16,1612,99,2,35,6,6,8,68,7
10232,2021,4,8,4,21,4,3,16,1603,99,2,47,8,8,10,68,7
10233,2021,4,8,4,21,4,3,16,1603,99,2,27,4,4,6,68,7
10234,2021,4,9,5,20,4,3,1,114,99,2,33,5,5,7,68,7
10235,2021,4,9,5,19,4,3,19,1901,99,2,999,12,16,18,68,7
10236,2021,4,9,5,19,4,3,19,1901,99,2,999,12,16,18,68,7
10237,2021,4,9,5,20,4,3,5,501,99,2,45,8,8,10,68,7
10238,2021,4,9,5,20,4,3,12,1207,99,2,999,12,16,18,68,7
10239,2021,4,9,5,21,4,3,7,701,99,1,999,12,16,18,68,7
10240,2021,4,10,6,18,4,3,5,509,99,2,29,4,4,6,68,7
10241,2021,4,10,6,21,4,3,9,920,99,2,19,2,2,4,68,7
10242,2021,4,10,6,19,4,3,13,1306,99,2,28,4,4,6,68,7
10243,2021,4,10,6,22,4,3,17,1711,99,2,27,4,4,6,68,7
10244,2021,4,11,7,12,3,2,13,1326,99,1,999,12,16,18,68,7
10245,2021,4,11,7,20,4,3,13,1327,99,1,70,11,13,15,68,7
10246,2021,4,11,7,18,4,3,16,1601,99,2,19,2,2,4,68,7
10247,2021,4,11,7,23,4,3,16,1617,99,2,47,8,8,10,68,7
10248,2021,4,11,7,20,4,3,17,1707,99,2,25,4,4,6,68,7
10249,2021,4,11,7,20,4,3,17,1707,99,2,48,8,8,10,68,7
10250,2021,4,11,7,21,4,3,14,1420,99,2,39,6,6,8,68,7
10251,2021,4,13,2,20,4,3,11,1105,99,2,41,7,7,9,68,7
10252,2021,4,14,3,21,4,3,18,1803,99,2,35,6,6,8,68,7
10253,2021,4,15,4,15,3,2,16,1613,99,2,37,6,6,8,68,7
10254,2021,4,15,4,0,1,1,16,1604,99,2,53,9,9,11,68,7
10255,2021,4,16,5,14,3,2,12,1202,99,2,30,5,5,7,68,7
10256,2021,4,16,5,0,1,1,12,1212,99,2,26,4,4,6,68,7
10257,2021,4,16,5,9,2,1,12,1223,99,1,999,12,16,18,68,7
10258,2021,4,16,5,19,4,3,13,1303,99,2,21,3,3,5,68,7
10259,2021,4,16,5,23,4,3,13,1301,99,2,999,12,16,18,68,7
10260,2021,4,16,5,13,3,2,14,1414,99,2,15,2,2,4,68,7
10261,2021,4,16,5,21,4,3,14,1420,99,1,999,12,16,18,68,7
10262,2021,4,17,6,9,2,1,9,914,99,2,30,5,5,7,68,7
10263,2021,4,17,6,14,3,2,9,918,99,2,999,12,16,18,68,7
10264,2021,4,18,7,19,4,3,1,107,99,2,38,6,6,8,68,7
10265,2021,4,18,7,16,3,2,5,506,99,2,999,12,16,18,68,7
10266,2021,4,18,7,17,3,2,12,1217,99,2,32,5,5,7,68,7
10267,2021,4,18,7,16,3,2,14,1405,99,2,19,2,2,4,68,7
10268,2021,4,18,7,20,4,3,14,1410,99,2,67,11,12,14,68,7
10269,2021,4,19,1,17,3,2,16,1612,99,2,40,7,7,9,68,7
10270,2021,4,19,1,21,4,3,17,1711,99,2,30,5,5,7,68,7
10271,2021,4,19,1,22,4,3,13,1301,99,2,23,3,3,5,68,7
10272,2021,4,20,2,21,4,3,5,504,99,2,999,12,16,18,68,7
10273,2021,4,20,2,10,2,1,6,601,99,2,39,6,6,8,68,7
10274,2021,4,20,2,19,4,3,17,1708,99,2,40,7,7,9,68,7
10275,2021,4,21,3,19,4,3,12,1229,99,2,20,3,3,5,68,7
10276,2021,4,23,5,14,3,2,9,919,99,2,27,4,4,6,68,7
10277,2021,4,23,5,19,4,3,13,1323,99,2,32,5,5,7,68,7
10278,2021,4,24,6,12,3,2,1,110,99,2,30,5,5,7,68,7
10279,2021,4,25,7,19,4,3,1,108,99,2,23,3,3,5,68,7
10280,2021,4,25,7,19,4,3,1,108,99,2,25,4,4,6,68,7
10281,2021,4,25,7,17,3,2,1,108,99,2,36,6,6,8,68,7
10282,2021,4,25,7,21,4,3,22,2201,99,2,40,7,7,9,68,7
10283,2021,4,25,7,14,3,2,10,1008,99,2,43,7,7,9,68,7
10284,2021,4,25,7,19,4,3,13,1316,99,2,49,8,8,10,68,7
10285,2021,4,25,7,20,4,3,16,1609,99,2,29,4,4,6,68,7
10286,2021,4,25,7,22,4,3,16,1609,99,2,52,9,9,11,68,7
10287,2021,4,25,7,20,4,3,18,1801,99,1,59,10,10,12,68,7
10288,2021,4,25,7,19,4,3,17,1712,99,2,30,5,5,7,68,7
10289,2021,4,25,7,20,4,3,17,1707,99,2,15,2,2,4,68,7
10290,2021,4,25,7,18,4,3,3,303,99,2,45,8,8,10,68,7
10291,2021,4,26,1,21,4,3,1,115,99,2,34,5,5,7,68,7
10292,2021,4,26,1,21,4,3,21,2101,99,2,36,6,6,8,68,7
10293,2021,4,26,1,20,4,3,10,1006,99,2,22,3,3,5,68,7
10294,2021,4,26,1,23,4,3,10,1003,99,2,25,4,4,6,68,7
10295,2021,4,26,1,18,4,3,13,1301,99,2,35,6,6,8,68,7
10296,2021,4,26,1,22,4,3,16,1603,99,2,18,2,2,4,68,7
10297,2021,4,26,1,7,2,1,17,1708,99,2,999,12,16,18,68,7
10298,2021,4,27,2,21,4,3,1,101,8,2,23,3,3,5,68,7
10299,2021,4,27,2,18,4,3,1,115,99,2,39,6,6,8,68,7
10300,2021,4,27,2,1,1,1,14,1405,99,1,27,4,4,6,68,7
10301,2021,4,28,3,19,4,3,5,509,99,2,25,4,4,6,68,7
10302,2021,4,28,3,1,1,1,10,1002,99,2,27,4,4,6,68,7
10303,2021,4,28,3,18,4,3,12,1201,99,2,23,3,3,5,68,7
10304,2021,4,28,3,19,4,3,16,1609,99,2,18,2,2,4,68,7
10305,2021,4,28,3,21,4,3,16,1617,99,1,999,12,16,18,68,7
10306,2021,4,29,4,22,4,3,21,2103,99,2,25,4,4,6,68,7
10307,2021,4,29,4,22,4,3,21,2103,99,2,49,8,8,10,68,7
10308,2021,4,29,4,21,4,3,16,1607,99,2,33,5,5,7,68,7
10309,2021,4,29,4,21,4,3,16,1607,99,2,30,5,5,7,68,7
10310,2021,4,29,4,21,4,3,16,1607,99,1,35,6,6,8,68,7
10311,2021,4,29,4,0,1,1,16,1607,99,2,45,8,8,10,68,7
10312,2021,4,30,5,18,4,3,15,1504,99,2,999,12,16,18,68,7
10313,2021,4,30,5,3,1,1,16,1609,99,2,999,12,16,18,68,7
10314,2021,4,1,4,18,4,3,1,101,13,1,31,5,5,7,88,7
10315,2021,4,2,5,18,4,3,1,113,99,1,21,3,3,5,87,7
10316,2021,4,2,5,0,1,1,1,108,99,1,26,4,4,6,106,7
10317,2021,4,2,5,6,2,1,1,110,99,1,20,3,3,5,88,7
10318,2021,4,2,5,18,4,3,5,507,99,1,24,3,3,5,87,7
10319,2021,4,2,5,8,2,1,18,1803,99,1,23,3,3,5,88,7
10320,2021,4,2,5,11,2,1,4,401,99,1,27,4,4,6,88,7
10321,2021,4,4,7,10,2,1,6,610,99,1,45,8,8,10,93,7
10322,2021,4,5,1,2,1,1,16,1601,99,2,17,2,2,4,88,7
10323,2021,4,8,4,7,2,1,1,101,17,2,48,8,8,10,88,7
10324,2021,4,9,5,10,2,1,14,1406,99,1,45,8,8,10,88,7
10325,2021,4,10,6,0,1,1,1,115,99,2,35,6,6,8,88,7
10326,2021,4,11,7,21,4,3,3,304,99,2,13,1,1,3,88,7
10327,2021,4,12,1,7,2,1,1,108,99,2,18,2,2,4,88,7
10328,2021,4,13,2,21,4,3,17,1710,99,2,20,3,3,5,88,7
10329,2021,4,14,3,12,3,2,1,101,11,1,68,11,12,14,88,7
10330,2021,4,15,4,21,4,3,6,601,99,1,35,6,6,8,88,7
10331,2021,4,16,5,16,3,2,1,107,99,1,54,9,9,11,109,7
10332,2021,4,16,5,23,4,3,4,406,99,1,27,4,4,6,88,7
10333,2021,4,17,6,15,3,2,1,117,99,2,24,3,3,5,88,7
10334,2021,4,18,7,2,1,1,1,114,99,1,26,4,4,6,88,7
10335,2021,4,18,7,6,2,1,1,108,99,1,42,7,7,9,86,7
10336,2021,4,19,1,10,2,1,4,401,99,1,56,10,10,12,89,7
10337,2021,4,20,2,21,4,3,9,901,99,2,12,1,1,3,88,7
10338,2021,4,21,3,23,4,3,18,1804,99,1,40,7,7,9,88,7
10339,2021,4,22,4,21,4,3,1,108,99,1,37,6,6,8,88,7
10340,2021,4,22,4,17,3,2,9,923,99,2,25,4,4,6,87,7
10341,2021,4,22,4,11,2,1,4,406,99,1,18,2,2,4,88,7
10342,2021,4,22,4,11,2,1,4,402,99,1,10,1,1,3,88,7
10343,2021,4,23,5,19,4,3,16,1601,99,1,27,4,4,6,88,7
10344,2021,4,25,7,9,2,1,3,301,99,1,34,5,5,7,88,7
10345,2021,4,26,1,18,4,3,21,2105,99,1,26,4,4,6,88,7
10346,2021,4,26,1,7,2,1,11,1101,99,1,51,9,9,11,87,7
10347,2021,4,28,3,1,1,1,19,1901,99,2,19,2,2,4,88,7
10348,2021,4,29,4,16,3,2,15,1503,99,1,47,8,8,10,88,7
10349,2021,4,29,4,11,2,1,17,1709,99,1,23,3,3,5,88,7
10350,2021,4,30,5,15,3,2,1,101,3,2,10,1,1,3,88,7
10351,2021,4,8,4,99,5,4,17,1708,99,1,62,11,11,13,15,5
10352,2021,4,1,4,23,4,3,3,306,99,1,49,8,8,10,74,6
10353,2021,4,2,5,13,3,2,3,308,99,1,24,3,3,5,74,6
10354,2021,4,3,6,16,3,2,3,314,99,1,52,9,9,11,74,6
10355,2021,4,4,7,16,3,2,3,315,99,2,22,3,3,5,74,6
10356,2021,4,5,1,9,2,1,13,1301,99,1,48,8,8,10,74,6
10357,2021,4,5,1,12,3,2,13,1301,99,2,59,10,10,12,74,6
10358,2021,4,5,1,16,3,2,3,308,99,1,58,10,10,12,74,6
10359,2021,4,5,1,12,3,2,3,313,99,1,43,7,7,9,74,6
10360,2021,4,5,1,13,3,2,3,314,99,2,30,5,5,7,74,6
10361,2021,4,5,1,10,2,1,20,2007,99,1,28,4,4,6,74,6
10362,2021,4,6,2,16,3,2,20,2007,99,1,25,4,4,6,74,6
10363,2021,4,6,2,16,3,2,20,2007,99,2,27,4,4,6,74,6
10364,2021,4,6,2,16,3,2,20,2007,99,2,30,5,5,7,74,6
10365,2021,4,6,2,9,2,1,20,2007,99,1,41,7,7,9,74,6
10366,2021,4,9,5,2,1,1,20,2001,99,2,53,9,9,11,74,6
10367,2021,4,12,1,14,3,2,20,2001,99,2,23,3,3,5,74,6
10368,2021,4,14,3,10,2,1,20,2007,99,1,38,6,6,8,74,6
10369,2021,4,14,3,10,2,1,20,2004,99,1,999,12,16,18,74,6
10370,2021,4,15,4,11,2,1,20,2001,99,1,31,5,5,7,74,6
10371,2021,4,6,2,10,2,1,13,1302,99,1,30,5,5,7,74,6
10372,2021,4,12,1,13,3,2,13,1301,99,2,44,7,7,9,74,6
10373,2021,4,13,2,11,2,1,13,1326,99,2,55,10,10,12,104,6
10374,2021,4,15,4,10,2,1,13,1328,99,2,23,3,3,5,74,6
10375,2021,4,17,6,16,3,2,13,1301,99,2,57,10,10,12,74,6
10376,2021,4,9,5,15,3,2,1,108,99,2,55,10,10,12,104,6
10377,2021,4,9,5,99,5,4,1,108,99,1,22,3,3,5,104,6
10378,2021,4,9,5,15,3,2,1,108,99,1,29,4,4,6,104,6
10379,2021,4,7,3,13,3,2,17,1705,99,1,27,4,4,6,74,6
10380,2021,4,6,2,15,3,2,14,1404,99,1,32,5,5,7,74,6
10381,2021,4,10,6,12,3,2,14,1412,99,1,27,4,4,6,74,6
10382,2021,4,15,4,99,5,4,14,1412,99,2,999,12,16,18,74,6
10383,2021,4,19,1,10,2,1,14,1413,99,2,25,4,4,6,74,6
10384,2021,4,6,2,14,3,2,3,301,99,1,50,9,9,11,74,6
10385,2021,4,6,2,10,2,1,3,309,99,2,51,9,9,11,74,6
10386,2021,4,6,2,17,3,2,3,309,99,2,63,11,11,13,74,6
10387,2021,4,6,2,10,2,1,3,309,99,1,23,3,3,5,74,6
10388,2021,4,7,3,15,3,2,3,308,99,2,32,5,5,7,74,6
10389,2021,4,10,6,9,2,1,3,312,99,1,26,4,4,6,74,6
10390,2021,4,14,3,14,3,2,3,301,99,1,19,2,2,4,74,6
10391,2021,4,18,7,13,3,2,3,316,99,1,42,7,7,9,74,6
10392,2021,4,18,7,13,3,2,3,316,99,1,19,2,2,4,74,6
10393,2021,4,18,7,18,4,3,3,316,99,1,53,9,9,11,74,6
10394,2021,4,7,3,9,2,1,12,1204,99,1,37,6,6,8,97,6
10395,2021,4,7,3,12,3,2,12,1204,99,1,999,12,16,18,97,6
10396,2021,4,8,4,11,2,1,12,1205,99,2,28,4,4,6,104,6
10397,2021,4,12,1,12,3,2,12,1202,99,1,27,4,4,6,104,6
10398,2021,4,13,2,7,2,1,12,1227,99,1,39,6,6,8,97,6
10399,2021,4,13,2,14,3,2,12,1227,99,1,20,3,3,5,104,6
10400,2021,4,15,4,23,4,3,12,1213,99,1,36,6,6,8,104,6
10401,2021,4,15,4,13,3,2,12,1206,99,2,30,5,5,7,104,6
10402,2021,4,16,5,15,3,2,12,1219,99,1,40,7,7,9,97,6
10403,2021,4,5,1,14,3,2,7,716,99,1,24,3,3,5,97,6
10404,2021,4,7,3,11,2,1,7,701,99,1,21,3,3,5,104,6
10405,2021,4,8,4,14,3,2,7,701,99,1,31,5,5,7,104,6
10406,2021,4,19,1,13,3,2,7,713,99,1,36,6,6,8,97,6
10407,2021,4,19,1,10,2,1,7,713,99,1,41,7,7,9,104,6
10408,2021,4,16,5,2,1,1,8,803,99,2,24,3,3,5,104,6
10409,2021,4,6,2,12,3,2,1,114,99,1,62,11,11,13,104,6
10410,2021,4,6,2,99,5,4,1,117,99,2,35,6,6,8,104,6
10411,2021,4,6,2,15,3,2,1,115,99,1,32,5,5,7,104,6
10412,2021,4,7,3,6,2,1,1,114,99,1,63,11,11,13,104,6
10413,2021,4,9,5,4,1,1,1,115,99,2,30,5,5,7,104,6
10414,2021,4,9,5,99,5,4,1,114,99,9,999,12,16,18,104,6
10415,2021,4,9,5,14,3,2,1,117,99,1,29,4,4,6,104,6
10416,2021,4,9,5,13,3,2,1,114,99,1,44,7,7,9,97,6
10417,2021,4,9,5,16,3,2,1,114,99,1,30,5,5,7,97,6
10418,2021,4,12,1,12,3,2,1,115,99,2,26,4,4,6,97,6
10419,2021,4,10,6,11,2,1,1,114,99,1,46,8,8,10,97,6
10420,2021,4,12,1,14,3,2,1,101,13,2,48,8,8,10,97,6
10421,2021,4,12,1,21,4,3,1,116,99,2,36,6,6,8,97,6
10422,2021,4,13,2,9,2,1,1,114,99,2,40,7,7,9,97,6
10423,2021,4,13,2,20,4,3,1,116,99,1,47,8,8,10,97,6
10424,2021,4,13,2,12,3,2,1,114,99,1,33,5,5,7,104,6
10425,2021,4,14,3,12,3,2,1,115,99,9,999,12,16,18,104,6
10426,2021,4,18,7,10,2,1,1,115,99,9,999,12,16,18,104,6
10427,2021,4,18,7,10,2,1,1,114,99,2,46,8,8,10,104,6
10428,2021,4,19,1,17,3,2,1,116,99,1,48,8,8,10,104,6
10429,2021,4,19,1,9,2,1,1,114,99,1,49,8,8,10,104,6
10430,2021,4,6,2,17,3,2,19,1901,99,1,40,7,7,9,74,6
10431,2021,4,13,2,15,3,2,19,1910,99,1,44,7,7,9,104,6
10432,2021,4,16,5,13,3,2,19,1904,99,2,57,10,10,12,104,6
10433,2021,4,19,1,10,2,1,19,1906,99,1,30,5,5,7,104,6
10434,2021,4,24,6,8,2,1,13,1315,99,1,30,5,5,7,74,6
10435,2021,4,25,7,15,3,2,13,1301,99,1,48,8,8,10,104,6
10436,2021,4,30,5,16,3,2,13,1301,99,2,36,6,6,8,104,6
10437,2021,4,24,6,13,3,2,14,1419,99,1,999,12,16,18,74,6
10438,2021,4,30,5,15,3,2,14,1401,99,1,40,7,7,9,74,6
10439,2021,4,21,3,12,3,2,3,312,99,1,39,6,6,8,74,6
10440,2021,4,22,4,14,3,2,3,301,99,1,69,11,12,14,74,6
10441,2021,4,22,4,11,2,1,3,305,99,1,39,6,6,8,74,6
10442,2021,4,22,4,13,3,2,3,301,99,1,34,5,5,7,74,6
10443,2021,4,23,5,14,3,2,3,314,99,1,31,5,5,7,74,6
10444,2021,4,24,6,13,3,2,3,301,99,1,30,5,5,7,74,6
10445,2021,4,24,6,13,3,2,3,301,99,2,27,4,4,6,74,6
10446,2021,4,24,6,20,4,3,3,312,99,2,48,8,8,10,74,6
10447,2021,4,25,7,10,2,1,3,312,99,1,56,10,10,12,74,6
10448,2021,4,25,7,11,2,1,3,301,99,1,50,9,9,11,74,6
10449,2021,4,26,1,8,2,1,3,305,99,1,32,5,5,7,74,6
10450,2021,4,26,1,17,3,2,3,301,99,1,32,5,5,7,74,6
10451,2021,4,26,1,18,4,3,3,301,99,2,41,7,7,9,74,6
10452,2021,4,27,2,11,2,1,3,303,99,1,30,5,5,7,74,6
10453,2021,4,27,2,12,3,2,3,312,99,1,61,11,11,13,74,6
10454,2021,4,27,2,16,3,2,3,312,99,1,40,7,7,9,74,6
10455,2021,4,30,5,12,3,2,3,312,99,2,45,8,8,10,74,6
10456,2021,4,19,1,10,2,1,7,701,99,1,37,6,6,8,97,6
10457,2021,4,20,2,9,2,1,7,704,99,1,40,7,7,9,104,6
10458,2021,4,21,3,13,3,2,7,710,99,1,42,7,7,9,104,6
10459,2021,4,25,7,9,2,1,7,701,99,1,42,7,7,9,97,6
10460,2021,4,26,1,11,2,1,7,713,99,1,46,8,8,10,104,6
10461,2021,4,29,4,15,3,2,7,701,99,1,18,2,2,4,104,6
10462,2021,4,27,2,16,3,2,7,701,99,1,42,7,7,9,104,6
10463,2021,4,27,2,15,3,2,7,704,99,1,45,8,8,10,97,6
10464,2021,4,22,4,11,2,1,20,2001,99,2,27,4,4,6,97,6
10465,2021,4,22,4,14,3,2,20,2001,99,2,36,6,6,8,97,6
10466,2021,4,23,5,12,3,2,20,2001,99,1,30,5,5,7,97,6
10467,2021,4,29,4,16,3,2,20,2007,99,1,63,11,11,13,105,6
10468,2021,4,21,3,9,2,1,12,1213,99,1,35,6,6,8,104,6
10469,2021,4,22,4,11,2,1,12,1215,99,2,36,6,6,8,97,6
10470,2021,4,27,2,16,3,2,12,1215,99,2,38,6,6,8,97,6
10471,2021,4,27,2,16,3,2,12,1215,99,2,26,4,4,6,104,6
10472,2021,4,28,3,15,3,2,12,1213,99,1,55,10,10,12,104,6
10473,2021,4,30,5,11,2,1,12,1210,99,2,50,9,9,11,104,6
10474,2021,4,30,5,15,3,2,12,1219,99,1,47,8,8,10,104,6
10475,2021,4,25,7,99,5,4,19,1901,99,1,58,10,10,12,104,6
10476,2021,4,30,5,16,3,2,19,1904,99,2,22,3,3,5,104,6
10477,2021,4,19,1,10,2,1,1,108,99,2,48,8,8,10,104,6
10478,2021,4,19,1,16,3,2,1,108,99,2,62,11,11,13,104,6
10479,2021,4,19,1,9,2,1,1,108,99,2,30,5,5,7,104,6
10480,2021,4,27,2,99,5,4,1,108,99,1,999,12,16,18,104,6
10481,2021,4,19,1,15,3,2,1,117,99,1,45,8,8,10,104,6
10482,2021,4,20,2,99,5,4,1,101,99,9,999,12,16,18,97,6
10483,2021,4,20,2,99,5,4,1,101,99,9,999,12,16,18,105,6
10484,2021,4,23,5,11,2,1,1,117,99,1,44,7,7,9,105,6
10485,2021,4,24,6,10,2,1,1,117,99,1,74,11,13,15,105,6
10486,2021,4,27,2,9,2,1,1,116,99,1,58,10,10,12,105,6
10487,2021,4,27,2,9,2,1,1,116,99,1,25,4,4,6,105,6
10488,2021,4,28,3,9,2,1,1,108,99,1,43,7,7,9,104,6
10489,2021,4,28,3,15,3,2,1,114,99,2,52,9,9,11,104,6
10490,2021,4,29,4,13,3,2,1,117,99,9,999,12,16,18,104,6
10491,2021,4,29,4,12,3,2,1,115,99,1,22,3,3,5,104,6
10492,2021,4,29,4,22,4,3,1,116,99,2,66,11,12,14,104,6
10493,2021,4,29,4,14,3,2,1,102,99,2,36,6,6,8,104,6
10494,2021,4,29,4,17,3,2,1,116,99,1,74,11,13,15,97,6
10495,2021,4,29,4,16,3,2,1,116,99,1,32,5,5,7,104,6
10496,2021,4,29,4,15,3,2,1,116,99,2,32,5,5,7,104,6
10497,2021,4,29,4,13,3,2,1,116,99,2,58,10,10,12,104,6
10498,2021,4,29,4,17,3,2,1,117,99,1,34,5,5,7,104,6
10499,2021,4,29,4,17,3,2,1,117,99,1,40,7,7,9,104,6
10500,2021,4,29,4,12,3,2,1,101,21,1,41,7,7,9,104,6
10501,2021,4,29,4,14,3,2,1,116,99,2,22,3,3,5,104,6
10502,2021,4,29,4,14,3,2,1,116,99,9,999,12,16,18,104,6
10503,2021,4,29,4,11,2,1,1,117,99,9,999,12,16,18,104,6
10504,2021,4,29,4,23,4,3,1,117,99,1,22,3,3,5,104,6
10505,2021,4,29,4,8,2,1,1,114,99,1,27,4,4,6,104,6
10506,2021,4,1,4,14,3,2,1,101,4,1,38,6,6,8,97,6
10507,2021,4,1,4,15,3,2,1,103,99,2,44,7,7,9,97,6
10508,2021,4,1,4,16,3,2,1,101,7,1,27,4,4,6,97,6
10509,2021,4,1,4,7,2,1,1,101,21,1,29,4,4,6,97,6
10510,2021,4,2,5,10,2,1,1,101,11,2,41,7,7,9,97,6
10511,2021,4,2,5,11,2,1,1,101,5,1,33,5,5,7,97,6
10512,2021,4,2,5,20,4,3,1,103,99,1,29,4,4,6,97,6
10513,2021,4,2,5,23,4,3,1,107,99,1,28,4,4,6,104,6
10514,2021,4,3,6,20,4,3,1,101,1,1,25,4,4,6,104,6
10515,2021,4,4,7,20,4,3,1,115,99,1,25,4,4,6,97,6
10516,2021,4,4,7,20,4,3,1,101,17,2,25,4,4,6,104,6
10517,2021,4,4,7,2,1,1,1,101,12,1,43,7,7,9,99,6
10518,2021,4,4,7,23,4,3,1,101,11,2,40,7,7,9,104,6
10519,2021,4,5,1,10,2,1,1,101,1,1,32,5,5,7,95,6
10520,2021,4,5,1,16,3,2,1,103,99,2,22,3,3,5,97,6
10521,2021,4,5,1,16,3,2,1,101,21,1,25,4,4,6,104,6
10522,2021,4,5,1,16,3,2,1,101,9,1,40,7,7,9,104,6
10523,2021,4,5,1,17,3,2,1,101,1,1,37,6,6,8,97,6
10524,2021,4,5,1,17,3,2,1,101,1,2,64,11,11,13,97,6
10525,2021,4,5,1,17,3,2,1,101,2,1,39,6,6,8,104,6
10526,2021,4,5,1,17,3,2,1,102,99,1,41,7,7,9,97,6
10527,2021,4,5,1,17,3,2,1,101,19,2,39,6,6,8,104,6
10528,2021,4,5,1,17,3,2,1,101,6,1,25,4,4,6,104,6
10529,2021,4,5,1,17,3,2,1,101,10,1,46,8,8,10,104,6
10530,2021,4,5,1,21,4,3,1,101,12,1,28,4,4,6,99,6
10531,2021,4,5,1,21,4,3,1,101,5,2,21,3,3,5,104,6
10532,2021,4,5,1,21,4,3,1,108,99,2,53,9,9,11,104,6
10533,2021,4,5,1,21,4,3,1,106,99,1,50,9,9,11,97,6
10534,2021,4,5,1,21,4,3,1,101,6,2,34,5,5,7,104,6
10535,2021,4,5,1,21,4,3,1,108,99,2,27,4,4,6,104,6
10536,2021,4,5,1,21,4,3,1,101,18,1,53,9,9,11,97,6
10537,2021,4,5,1,21,4,3,1,101,7,1,26,4,4,6,104,6
10538,2021,4,5,1,21,4,3,1,101,18,9,999,12,16,18,97,6
10539,2021,4,5,1,21,4,3,1,101,11,1,41,7,7,9,104,6
10540,2021,4,5,1,23,4,3,1,101,1,2,52,9,9,11,97,6
10541,2021,4,5,1,11,2,1,1,116,99,1,47,8,8,10,97,6
10542,2021,4,6,2,13,3,2,1,101,10,1,41,7,7,9,104,6
10543,2021,4,6,2,14,3,2,1,102,99,2,31,5,5,7,97,6
10544,2021,4,6,2,16,3,2,1,101,8,1,40,7,7,9,104,6
10545,2021,4,6,2,16,3,2,1,101,1,2,33,5,5,7,104,6
10546,2021,4,6,2,16,3,2,18,1802,99,1,57,10,10,12,97,6
10547,2021,4,6,2,16,3,2,1,101,7,1,50,9,9,11,104,6
10548,2021,4,6,2,16,3,2,1,101,6,1,27,4,4,6,104,6
10549,2021,4,6,2,16,3,2,1,107,99,1,49,8,8,10,97,6
10550,2021,4,6,2,16,3,2,1,108,99,2,29,4,4,6,97,6
10551,2021,4,6,2,16,3,2,1,101,24,2,29,4,4,6,104,6
10552,2021,4,6,2,17,3,2,1,101,1,1,38,6,6,8,97,6
10553,2021,4,6,2,17,3,2,1,101,1,2,38,6,6,8,104,6
10554,2021,4,6,2,19,4,3,1,101,7,2,31,5,5,7,97,6
10555,2021,4,6,2,20,4,3,1,101,7,1,28,4,4,6,104,6
10556,2021,4,6,2,20,4,3,1,107,99,1,999,12,16,18,97,6
10557,2021,4,6,2,20,4,3,1,101,19,1,43,7,7,9,97,6
10558,2021,4,6,2,20,4,3,1,101,18,2,41,7,7,9,97,6
10559,2021,4,6,2,20,4,3,1,101,8,2,41,7,7,9,104,6
10560,2021,4,6,2,20,4,3,1,108,99,1,36,6,6,8,97,6
10561,2021,4,6,2,22,4,3,1,101,18,2,50,9,9,11,104,6
10562,2021,4,7,3,11,2,1,1,101,10,1,32,5,5,7,97,6
10563,2021,4,7,3,12,3,2,1,101,7,1,35,6,6,8,97,6
10564,2021,4,7,3,15,3,2,1,101,11,1,64,11,11,13,97,6
10565,2021,4,7,3,16,3,2,1,106,99,1,40,7,7,9,104,6
10566,2021,4,7,3,16,3,2,1,101,17,1,24,3,3,5,104,6
10567,2021,4,7,3,16,3,2,1,101,18,1,59,10,10,12,97,6
10568,2021,4,7,3,16,3,2,1,101,5,1,32,5,5,7,104,6
10569,2021,4,7,3,16,3,2,1,101,1,2,25,4,4,6,104,6
10570,2021,4,7,3,17,3,2,1,106,99,1,25,4,4,6,97,6
10571,2021,4,7,3,19,4,3,1,101,18,2,34,5,5,7,97,6
10572,2021,4,7,3,22,4,3,1,102,99,2,45,8,8,10,97,6
10573,2021,4,7,3,22,4,3,1,108,99,2,40,7,7,9,97,6
10574,2021,4,7,3,22,4,3,1,101,12,1,48,8,8,10,97,6
10575,2021,4,7,3,22,4,3,1,103,99,2,45,8,8,10,104,6
10576,2021,4,7,3,22,4,3,1,110,99,2,37,6,6,8,97,6
10577,2021,4,7,3,22,4,3,1,101,7,1,52,9,9,11,99,6
10578,2021,4,7,3,22,4,3,1,107,99,2,38,6,6,8,97,6
10579,2021,4,7,3,22,4,3,1,113,99,1,46,8,8,10,104,6
10580,2021,4,7,3,22,4,3,1,101,12,9,999,12,16,18,97,6
10581,2021,4,7,3,22,4,3,1,110,99,1,44,7,7,9,97,6
10582,2021,4,7,3,22,4,3,1,101,6,1,27,4,4,6,97,6
10583,2021,4,7,3,22,4,3,1,107,99,2,35,6,6,8,97,6
10584,2021,4,7,3,22,4,3,1,101,1,1,39,6,6,8,97,6
10585,2021,4,8,4,10,2,1,1,102,99,2,999,12,16,18,104,6
10586,2021,4,8,4,13,3,2,1,101,5,2,24,3,3,5,104,6
10587,2021,4,8,4,13,3,2,1,101,7,1,39,6,6,8,104,6
10588,2021,4,8,4,15,3,2,1,101,1,1,47,8,8,10,99,6
10589,2021,4,8,4,15,3,2,1,101,6,2,35,6,6,8,97,6
10590,2021,4,8,4,16,3,2,1,101,12,1,33,5,5,7,97,6
10591,2021,4,8,4,16,3,2,1,102,99,2,57,10,10,12,104,6
10592,2021,4,8,4,16,3,2,1,101,12,1,44,7,7,9,97,6
10593,2021,4,8,4,16,3,2,1,101,12,1,52,9,9,11,104,6
10594,2021,4,8,4,16,3,2,1,101,12,1,50,9,9,11,104,6
10595,2021,4,8,4,16,3,2,1,101,5,1,23,3,3,5,104,6
10596,2021,4,8,4,16,3,2,1,101,25,2,57,10,10,12,96,6
10597,2021,4,8,4,16,3,2,1,104,99,1,23,3,3,5,97,6
10598,2021,4,8,4,16,3,2,1,101,11,2,31,5,5,7,104,6
10599,2021,4,8,4,16,3,2,1,110,99,2,27,4,4,6,104,6
10600,2021,4,8,4,17,3,2,1,101,99,2,21,3,3,5,104,6
10601,2021,4,8,4,20,4,3,1,101,1,2,35,6,6,8,104,6
10602,2021,4,9,5,12,3,2,1,101,3,1,41,7,7,9,97,6
10603,2021,4,9,5,13,3,2,1,101,18,1,38,6,6,8,104,6
10604,2021,4,9,5,14,3,2,1,117,99,2,999,12,16,18,97,6
10605,2021,4,9,5,16,3,2,1,102,99,1,29,4,4,6,99,6
10606,2021,4,9,5,19,4,3,1,101,12,1,38,6,6,8,104,6
10607,2021,4,9,5,21,4,3,1,107,99,1,32,5,5,7,99,6
10608,2021,4,9,5,21,4,3,1,101,18,1,31,5,5,7,99,6
10609,2021,4,9,5,21,4,3,1,101,3,2,22,3,3,5,97,6
10610,2021,4,9,5,21,4,3,1,101,7,1,37,6,6,8,104,6
10611,2021,4,9,5,21,4,3,1,107,99,1,33,5,5,7,104,6
10612,2021,4,9,5,21,4,3,1,101,18,2,46,8,8,10,104,6
10613,2021,4,9,5,21,4,3,1,101,7,2,39,6,6,8,104,6
10614,2021,4,9,5,21,4,3,1,101,5,1,43,7,7,9,97,6
10615,2021,4,9,5,21,4,3,1,101,18,1,36,6,6,8,101,6
10616,2021,4,10,6,10,2,1,1,101,5,1,51,9,9,11,97,6
10617,2021,4,10,6,14,3,2,1,101,2,1,39,6,6,8,104,6
10618,2021,4,10,6,17,3,2,1,101,5,1,66,11,12,14,104,6
10619,2021,4,10,6,18,4,3,1,101,18,1,34,5,5,7,104,6
10620,2021,4,10,6,21,4,3,1,103,99,2,29,4,4,6,97,6
10621,2021,4,10,6,21,4,3,22,2217,99,1,20,3,3,5,97,6
10622,2021,4,11,7,17,3,2,1,101,5,1,53,9,9,11,104,6
10623,2021,4,11,7,17,3,2,1,101,18,2,44,7,7,9,104,6
10624,2021,4,11,7,21,4,3,1,101,25,1,53,9,9,11,104,6
10625,2021,4,12,1,10,2,1,1,103,99,1,31,5,5,7,104,6
10626,2021,4,12,1,15,3,2,1,108,99,1,49,8,8,10,97,6
10627,2021,4,12,1,15,3,2,1,101,5,2,31,5,5,7,104,6
10628,2021,4,12,1,15,3,2,1,107,99,2,47,8,8,10,104,6
10629,2021,4,12,1,16,3,2,1,101,18,1,30,5,5,7,104,6
10630,2021,4,12,1,17,3,2,1,101,1,1,50,9,9,11,95,6
10631,2021,4,12,1,17,3,2,1,101,1,1,34,5,5,7,97,6
10632,2021,4,12,1,17,3,2,1,101,19,2,38,6,6,8,104,6
10633,2021,4,12,1,17,3,2,1,101,18,1,33,5,5,7,104,6
10634,2021,4,12,1,17,3,2,1,103,99,1,30,5,5,7,97,6
10635,2021,4,12,1,18,4,3,1,101,7,1,32,5,5,7,104,6
10636,2021,4,12,1,18,4,3,1,101,7,2,38,6,6,8,97,6
10637,2021,4,12,1,19,4,3,1,101,6,1,47,8,8,10,104,6
10638,2021,4,12,1,21,4,3,1,101,1,1,42,7,7,9,99,6
10639,2021,4,12,1,21,4,3,1,101,7,1,25,4,4,6,99,6
10640,2021,4,12,1,21,4,3,1,101,7,1,30,5,5,7,99,6
10641,2021,4,12,1,21,4,3,1,101,3,2,999,12,16,18,104,6
10642,2021,4,12,1,22,4,3,1,101,8,2,29,4,4,6,97,6
10643,2021,4,12,1,22,4,3,1,101,6,1,33,5,5,7,97,6
10644,2021,4,12,1,22,4,3,1,101,5,1,32,5,5,7,97,6
10645,2021,4,12,1,22,4,3,1,101,12,2,26,4,4,6,104,6
10646,2021,4,13,2,10,2,1,1,101,5,1,29,4,4,6,97,6
10647,2021,4,13,2,11,2,1,1,105,99,1,30,5,5,7,104,6
10648,2021,4,13,2,11,2,1,1,105,99,1,30,5,5,7,104,6
10649,2021,4,13,2,16,3,2,1,103,99,1,56,10,10,12,104,6
10650,2021,4,13,2,16,3,2,1,101,21,2,25,4,4,6,97,6
10651,2021,4,13,2,18,4,3,1,102,99,1,46,8,8,10,104,6
10652,2021,4,13,2,21,4,3,1,101,9,1,51,9,9,11,104,6
10653,2021,4,13,2,21,4,3,1,101,1,1,26,4,4,6,104,6
10654,2021,4,13,2,21,4,3,1,101,99,1,999,12,16,18,104,6
10655,2021,4,13,2,21,4,3,1,101,3,1,43,7,7,9,104,6
10656,2021,4,13,2,22,4,3,2,203,99,2,25,4,4,6,104,6
10657,2021,4,13,2,22,4,3,1,102,99,1,59,10,10,12,97,6
10658,2021,4,13,2,22,4,3,1,101,5,1,36,6,6,8,97,6
10659,2021,4,14,3,11,2,1,1,101,5,1,54,9,9,11,104,6
10660,2021,4,14,3,17,3,2,1,107,99,1,50,9,9,11,97,6
10661,2021,4,14,3,18,4,3,1,101,24,1,21,3,3,5,104,6
10662,2021,4,14,3,18,4,3,1,101,14,1,40,7,7,9,104,6
10663,2021,4,14,3,21,4,3,1,101,1,2,34,5,5,7,104,6
10664,2021,4,14,3,21,4,3,1,101,12,1,36,6,6,8,97,6
10665,2021,4,15,4,10,2,1,1,101,11,1,42,7,7,9,99,6
10666,2021,4,15,4,10,2,1,1,102,99,2,46,8,8,10,104,6
10667,2021,4,15,4,11,2,1,1,101,10,1,39,6,6,8,104,6
10668,2021,4,15,4,12,3,2,1,101,19,2,31,5,5,7,97,6
10669,2021,4,15,4,12,3,2,1,101,99,2,43,7,7,9,97,6
10670,2021,4,15,4,15,3,2,1,101,21,2,36,6,6,8,97,6
10671,2021,4,15,4,15,3,2,1,105,99,2,38,6,6,8,104,6
10672,2021,4,15,4,17,3,2,1,106,99,2,42,7,7,9,104,6
10673,2021,4,15,4,17,3,2,1,101,12,1,22,3,3,5,97,6
10674,2021,4,15,4,17,3,2,9,920,99,2,30,5,5,7,104,6
10675,2021,4,15,4,19,4,3,1,101,18,1,25,4,4,6,104,6
10676,2021,4,15,4,19,4,3,1,101,1,1,41,7,7,9,104,6
10677,2021,4,15,4,21,4,3,1,101,6,1,36,6,6,8,97,6
10678,2021,4,16,5,11,2,1,1,101,1,1,47,8,8,10,97,6
10679,2021,4,16,5,12,3,2,1,101,12,1,21,3,3,5,104,6
10680,2021,4,16,5,13,3,2,1,101,1,1,34,5,5,7,99,6
10681,2021,4,16,5,15,3,2,1,101,3,1,55,10,10,12,97,6
10682,2021,4,16,5,16,3,2,1,101,7,1,37,6,6,8,97,6
10683,2021,4,16,5,16,3,2,1,101,99,1,32,5,5,7,97,6
10684,2021,4,16,5,17,3,2,1,101,15,1,45,8,8,10,99,6
10685,2021,4,16,5,17,3,2,1,101,13,2,44,7,7,9,104,6
10686,2021,4,16,5,18,4,3,1,101,6,2,38,6,6,8,97,6
10687,2021,4,16,5,19,4,3,1,101,7,2,33,5,5,7,97,6
10688,2021,4,16,5,19,4,3,1,101,2,1,25,4,4,6,104,6
10689,2021,4,16,5,22,4,3,1,113,99,1,40,7,7,9,97,6
10690,2021,4,16,5,23,4,3,1,101,7,1,28,4,4,6,97,6
10691,2021,4,16,5,23,4,3,1,101,1,1,32,5,5,7,99,6
10692,2021,4,16,5,23,4,3,1,101,21,1,39,6,6,8,97,6
10693,2021,4,17,6,11,2,1,1,107,99,1,52,9,9,11,104,6
10694,2021,4,17,6,17,3,2,1,101,12,1,41,7,7,9,97,6
10695,2021,4,17,6,17,3,2,1,101,1,2,999,12,16,18,97,6
10696,2021,4,17,6,17,3,2,1,101,6,1,24,3,3,5,104,6
10697,2021,4,17,6,17,3,2,1,108,99,2,45,8,8,10,104,6
10698,2021,4,17,6,18,4,3,1,101,5,2,43,7,7,9,97,6
10699,2021,4,18,7,2,1,1,1,101,18,2,36,6,6,8,104,6
10700,2021,4,18,7,15,3,2,1,101,7,1,52,9,9,11,104,6
10701,2021,4,18,7,15,3,2,1,101,21,2,58,10,10,12,97,6
10702,2021,4,18,7,16,3,2,1,101,24,2,26,4,4,6,104,6
10703,2021,4,18,7,18,4,3,1,101,99,2,28,4,4,6,97,6
10704,2021,4,18,7,18,4,3,1,101,5,1,25,4,4,6,104,6
10705,2021,4,19,1,11,2,1,1,101,18,2,24,3,3,5,104,6
10706,2021,4,19,1,13,3,2,1,101,18,1,28,4,4,6,97,6
10707,2021,4,19,1,14,3,2,1,101,17,1,47,8,8,10,104,6
10708,2021,4,19,1,17,3,2,1,101,18,2,30,5,5,7,97,6
10709,2021,4,19,1,17,3,2,1,101,18,2,31,5,5,7,97,6
10710,2021,4,19,1,17,3,2,1,101,10,1,34,5,5,7,104,6
10711,2021,4,19,1,17,3,2,1,108,99,2,37,6,6,8,97,6
10712,2021,4,19,1,20,4,3,1,101,6,1,37,6,6,8,97,6
10713,2021,4,19,1,21,4,3,1,101,15,1,28,4,4,6,97,6
10714,2021,4,19,1,21,4,3,1,101,9,2,40,7,7,9,97,6
10715,2021,4,19,1,21,4,3,2,207,99,1,24,3,3,5,104,6
10716,2021,4,19,1,21,4,3,9,901,99,2,43,7,7,9,104,6
10717,2021,4,19,1,21,4,3,1,101,21,1,38,6,6,8,104,6
10718,2021,4,20,2,8,2,1,1,101,5,1,57,10,10,12,104,6
10719,2021,4,20,2,8,2,1,1,101,99,1,999,12,16,18,95,6
10720,2021,4,20,2,11,2,1,1,101,13,2,34,5,5,7,97,6
10721,2021,4,20,2,13,3,2,1,101,6,1,26,4,4,6,104,6
10722,2021,4,20,2,15,3,2,1,101,17,2,25,4,4,6,104,6
10723,2021,4,20,2,16,3,2,1,101,3,2,42,7,7,9,104,6
10724,2021,4,20,2,17,3,2,1,101,14,2,31,5,5,7,104,6
10725,2021,4,20,2,17,3,2,1,102,99,2,25,4,4,6,97,6
10726,2021,4,20,2,17,3,2,1,101,6,1,35,6,6,8,104,6
10727,2021,4,20,2,20,4,3,1,101,18,2,28,4,4,6,104,6
10728,2021,4,20,2,22,4,3,1,101,7,1,22,3,3,5,97,6
10729,2021,4,20,2,22,4,3,1,101,18,2,20,3,3,5,104,6
10730,2021,4,21,3,11,2,1,1,101,21,1,36,6,6,8,104,6
10731,2021,4,21,3,12,3,2,1,101,6,1,43,7,7,9,99,6
10732,2021,4,21,3,12,3,2,1,101,24,2,64,11,11,13,97,6
10733,2021,4,21,3,13,3,2,1,103,99,1,41,7,7,9,97,6
10734,2021,4,21,3,14,3,2,1,101,12,2,40,7,7,9,104,6
10735,2021,4,21,3,16,3,2,1,101,7,1,30,5,5,7,97,6
10736,2021,4,21,3,17,3,2,1,113,99,1,29,4,4,6,97,6
10737,2021,4,21,3,17,3,2,1,101,18,1,23,3,3,5,104,6
10738,2021,4,21,3,21,4,3,1,103,99,1,54,9,9,11,104,6
10739,2021,4,21,3,21,4,3,1,101,4,1,999,12,16,18,104,6
10740,2021,4,22,4,8,2,1,1,101,5,1,37,6,6,8,97,6
10741,2021,4,22,4,9,2,1,1,101,9,1,46,8,8,10,97,6
10742,2021,4,22,4,9,2,1,1,107,99,2,33,5,5,7,104,6
10743,2021,4,22,4,11,2,1,1,101,99,1,37,6,6,8,97,6
10744,2021,4,22,4,11,2,1,1,105,99,1,44,7,7,9,104,6
10745,2021,4,22,4,12,3,2,1,101,13,1,38,6,6,8,104,6
10746,2021,4,22,4,18,4,3,1,103,99,2,31,5,5,7,97,6
10747,2021,4,22,4,18,4,3,1,101,6,1,38,6,6,8,97,6
10748,2021,4,22,4,20,4,3,1,101,18,2,48,8,8,10,104,6
10749,2021,4,22,4,21,4,3,1,101,18,2,30,5,5,7,104,6
10750,2021,4,22,4,21,4,3,1,101,25,2,26,4,4,6,104,6
10751,2021,4,22,4,22,4,3,1,101,13,1,47,8,8,10,97,6
10752,2021,4,23,5,10,2,1,1,107,99,1,39,6,6,8,97,6
10753,2021,4,23,5,11,2,1,1,101,12,1,36,6,6,8,97,6
10754,2021,4,23,5,11,2,1,1,101,2,1,25,4,4,6,104,6
10755,2021,4,23,5,17,3,2,1,101,8,2,35,6,6,8,97,6
10756,2021,4,23,5,17,3,2,1,101,13,1,27,4,4,6,104,6
10757,2021,4,23,5,17,3,2,1,101,5,1,61,11,11,13,104,6
10758,2021,4,23,5,22,4,3,1,101,18,1,60,11,11,13,95,6
10759,2021,4,23,5,22,4,3,1,101,8,2,51,9,9,11,104,6
10760,2021,4,24,6,9,2,1,1,108,99,1,19,2,2,4,97,6
10761,2021,4,24,6,9,2,1,1,101,10,9,999,12,16,18,95,6
10762,2021,4,24,6,16,3,2,1,101,18,2,60,11,11,13,104,6
10763,2021,4,24,6,17,3,2,1,101,18,1,28,4,4,6,104,6
10764,2021,4,24,6,17,3,2,1,108,99,2,20,3,3,5,97,6
10765,2021,4,24,6,21,4,3,1,102,99,2,45,8,8,10,104,6
10766,2021,4,24,6,21,4,3,1,106,99,2,25,4,4,6,104,6
10767,2021,4,25,7,9,2,1,1,101,13,1,29,4,4,6,104,6
10768,2021,4,25,7,9,2,1,1,101,6,1,33,5,5,7,104,6
10769,2021,4,25,7,11,2,1,1,101,17,1,44,7,7,9,97,6
10770,2021,4,25,7,12,3,2,1,101,19,2,39,6,6,8,97,6
10771,2021,4,25,7,13,3,2,1,103,99,1,35,6,6,8,104,6
10772,2021,4,25,7,16,3,2,1,106,99,2,37,6,6,8,97,6
10773,2021,4,25,7,16,3,2,1,105,99,2,27,4,4,6,104,6
10774,2021,4,25,7,20,4,3,1,103,99,1,29,4,4,6,104,6
10775,2021,4,25,7,21,4,3,1,101,4,1,24,3,3,5,104,6
10776,2021,4,25,7,21,4,3,1,107,99,1,23,3,3,5,104,6
10777,2021,4,25,7,22,4,3,1,101,99,1,33,5,5,7,97,6
10778,2021,4,25,7,22,4,3,1,101,1,2,24,3,3,5,104,6
10779,2021,4,25,7,22,4,3,1,101,10,2,31,5,5,7,97,6
10780,2021,4,26,1,8,2,1,1,103,99,2,40,7,7,9,104,6
10781,2021,4,26,1,10,2,1,1,105,99,1,23,3,3,5,104,6
10782,2021,4,26,1,10,2,1,1,101,16,1,20,3,3,5,97,6
10783,2021,4,26,1,11,2,1,1,101,5,2,42,7,7,9,97,6
10784,2021,4,26,1,12,3,2,1,101,12,1,28,4,4,6,97,6
10785,2021,4,26,1,12,3,2,1,101,10,2,45,8,8,10,104,6
10786,2021,4,26,1,14,3,2,1,101,99,1,53,9,9,11,104,6
10787,2021,4,26,1,14,3,2,1,101,99,1,28,4,4,6,104,6
10788,2021,4,26,1,14,3,2,1,101,11,2,38,6,6,8,97,6
10789,2021,4,26,1,18,4,3,1,101,16,1,30,5,5,7,104,6
10790,2021,4,26,1,18,4,3,1,103,99,1,24,3,3,5,104,6
10791,2021,4,26,1,19,4,3,6,606,99,1,38,6,6,8,104,6
10792,2021,4,26,1,21,4,3,1,101,18,1,33,5,5,7,104,6
10793,2021,4,26,1,21,4,3,1,107,99,2,26,4,4,6,74,6
10794,2021,4,26,1,21,4,3,1,101,6,1,38,6,6,8,104,6
10795,2021,4,26,1,21,4,3,1,107,99,2,45,8,8,10,104,6
10796,2021,4,27,2,8,2,1,1,101,18,2,42,7,7,9,104,6
10797,2021,4,27,2,14,3,2,1,101,16,1,999,12,16,18,97,6
10798,2021,4,27,2,14,3,2,1,101,7,2,34,5,5,7,97,6
10799,2021,4,27,2,14,3,2,1,101,5,1,39,6,6,8,104,6
10800,2021,4,27,2,14,3,2,1,101,5,2,22,3,3,5,104,6
10801,2021,4,27,2,16,3,2,1,110,99,1,31,5,5,7,104,6
10802,2021,4,27,2,18,4,3,1,101,10,1,999,12,16,18,104,6
10803,2021,4,27,2,18,4,3,1,101,18,1,999,12,16,18,97,6
10804,2021,4,27,2,18,4,3,1,101,4,1,48,8,8,10,104,6
10805,2021,4,27,2,18,4,3,1,101,21,1,49,8,8,10,104,6
10806,2021,4,27,2,22,4,3,1,106,99,2,999,12,16,18,97,6
10807,2021,4,28,3,15,3,2,1,101,12,2,21,3,3,5,104,6
10808,2021,4,28,3,17,3,2,1,108,99,2,45,8,8,10,104,6
10809,2021,4,28,3,20,4,3,1,101,1,1,47,8,8,10,104,6
10810,2021,4,28,3,21,4,3,1,107,99,2,63,11,11,13,104,6
10811,2021,4,28,3,21,4,3,1,101,5,2,999,12,16,18,104,6
10812,2021,4,29,4,1,1,1,1,101,21,1,26,4,4,6,97,6
10813,2021,4,29,4,9,2,1,1,101,1,2,33,5,5,7,97,6
10814,2021,4,29,4,14,3,2,1,101,1,1,42,7,7,9,97,6
10815,2021,4,29,4,15,3,2,1,101,6,2,33,5,5,7,97,6
10816,2021,4,29,4,16,3,2,1,101,25,2,35,6,6,8,104,6
10817,2021,4,29,4,16,3,2,1,101,3,1,38,6,6,8,97,6
10818,2021,4,29,4,16,3,2,1,101,21,1,18,2,2,4,104,6
10819,2021,4,29,4,18,4,3,1,101,18,1,29,4,4,6,104,6
10820,2021,4,29,4,18,4,3,1,101,6,1,30,5,5,7,97,6
10821,2021,4,29,4,20,4,3,1,112,99,2,36,6,6,8,104,6
10822,2021,4,30,5,10,2,1,1,101,21,1,44,7,7,9,97,6
10823,2021,4,30,5,12,3,2,1,101,11,1,39,6,6,8,104,6
10824,2021,4,30,5,12,3,2,1,101,7,2,20,3,3,5,104,6
10825,2021,4,30,5,21,4,3,1,101,21,1,44,7,7,9,97,6
10826,2021,4,30,5,21,4,3,1,101,21,1,36,6,6,8,97,6
10827,2021,4,1,4,10,2,1,12,1222,99,2,20,3,3,5,97,6
10828,2021,4,2,5,14,3,2,9,901,99,2,51,9,9,11,97,6
10829,2021,4,5,1,15,3,2,9,923,99,1,999,12,16,18,104,6
10830,2021,4,5,1,15,3,2,9,901,99,2,38,6,6,8,104,6
10831,2021,4,6,2,9,2,1,9,923,99,2,36,6,6,8,104,6
10832,2021,4,6,2,12,3,2,9,906,99,1,39,6,6,8,104,6
10833,2021,4,6,2,13,3,2,9,901,99,1,31,5,5,7,104,6
10834,2021,4,6,2,16,3,2,9,901,99,1,71,11,13,15,104,6
10835,2021,4,7,3,8,2,1,12,1230,99,1,41,7,7,9,99,6
10836,2021,4,7,3,14,3,2,9,901,99,1,42,7,7,9,104,6
10837,2021,4,7,3,15,3,2,9,901,99,2,42,7,7,9,97,6
10838,2021,4,7,3,18,4,3,12,1230,99,2,23,3,3,5,104,6
10839,2021,4,8,4,15,3,2,9,906,99,2,28,4,4,6,104,6
10840,2021,4,9,5,10,2,1,12,1222,99,2,32,5,5,7,104,6
10841,2021,4,9,5,10,2,1,9,923,99,1,999,12,16,18,104,6
10842,2021,4,9,5,10,2,1,9,901,99,1,33,5,5,7,104,6
10843,2021,4,9,5,13,3,2,11,1108,99,2,33,5,5,7,104,6
10844,2021,4,9,5,12,3,2,11,1108,99,2,44,7,7,9,104,6
10845,2021,4,9,5,16,3,2,9,901,99,1,50,9,9,11,97,6
10846,2021,4,9,5,16,3,2,4,401,99,2,41,7,7,9,104,6
10847,2021,4,9,5,16,3,2,9,901,99,1,32,5,5,7,104,6
10848,2021,4,9,5,19,4,3,9,901,99,1,42,7,7,9,95,6
10849,2021,4,10,6,15,3,2,9,901,99,2,56,10,10,12,95,6
10850,2021,4,12,1,11,2,1,12,1215,99,2,67,11,12,14,104,6
10851,2021,4,12,1,17,3,2,9,901,99,1,21,3,3,5,97,6
10852,2021,4,12,1,18,4,3,8,801,99,1,24,3,3,5,97,6
10853,2021,4,13,2,15,3,2,9,901,99,1,24,3,3,5,97,6
10854,2021,4,13,2,15,3,2,9,923,99,2,38,6,6,8,97,6
10855,2021,4,14,3,17,3,2,9,909,99,1,63,11,11,13,104,6
10856,2021,4,14,3,17,3,2,9,905,99,1,32,5,5,7,104,6
10857,2021,4,14,3,17,3,2,9,901,99,1,23,3,3,5,104,6
10858,2021,4,14,3,17,3,2,9,901,99,2,31,5,5,7,97,6
10859,2021,4,14,3,17,3,2,9,910,99,1,33,5,5,7,104,6
10860,2021,4,14,3,20,4,3,12,1230,99,2,49,8,8,10,97,6
10861,2021,4,15,4,11,2,1,9,901,99,2,44,7,7,9,94,6
10862,2021,4,15,4,11,2,1,9,910,99,2,29,4,4,6,97,6
10863,2021,4,15,4,15,3,2,12,1219,99,1,40,7,7,9,104,6
10864,2021,4,15,4,15,3,2,9,901,99,1,29,4,4,6,104,6
10865,2021,4,15,4,15,3,2,9,901,99,2,26,4,4,6,104,6
10866,2021,4,15,4,15,3,2,9,923,99,2,41,7,7,9,97,6
10867,2021,4,15,4,16,3,2,9,901,99,2,36,6,6,8,104,6
10868,2021,4,15,4,23,4,3,9,901,99,2,43,7,7,9,104,6
10869,2021,4,16,5,17,3,2,9,901,99,1,40,7,7,9,104,6
10870,2021,4,16,5,17,3,2,9,901,99,2,999,12,16,18,104,6
10871,2021,4,16,5,20,4,3,9,901,99,2,36,6,6,8,104,6
10872,2021,4,19,1,18,4,3,12,1213,99,1,36,6,6,8,104,6
10873,2021,4,19,1,19,4,3,12,1230,99,2,26,4,4,6,104,6
10874,2021,4,20,2,11,2,1,9,904,99,2,27,4,4,6,104,6
10875,2021,4,20,2,11,2,1,9,910,99,1,40,7,7,9,104,6
10876,2021,4,20,2,15,3,2,9,901,99,1,21,3,3,5,97,6
10877,2021,4,20,2,16,3,2,9,923,99,2,43,7,7,9,104,6
10878,2021,4,21,3,15,3,2,9,901,99,1,20,3,3,5,97,6
10879,2021,4,21,3,16,3,2,12,1221,99,1,37,6,6,8,104,6
10880,2021,4,22,4,12,3,2,9,901,99,1,33,5,5,7,99,6
10881,2021,4,23,5,14,3,2,12,1230,99,1,23,3,3,5,104,6
10882,2021,4,23,5,14,3,2,1,101,99,2,52,9,9,11,104,6
10883,2021,4,26,1,12,3,2,9,923,99,2,46,8,8,10,104,6
10884,2021,4,26,1,15,3,2,9,901,99,2,38,6,6,8,104,6
10885,2021,4,27,2,10,2,1,12,1217,99,2,54,9,9,11,104,6
10886,2021,4,27,2,11,2,1,9,901,99,2,34,5,5,7,97,6
10887,2021,4,27,2,16,3,2,9,923,99,1,32,5,5,7,97,6
10888,2021,4,27,2,22,4,3,9,903,99,2,28,4,4,6,104,6
10889,2021,4,28,3,15,3,2,9,901,99,1,44,7,7,9,104,6
10890,2021,4,28,3,16,3,2,9,903,99,2,34,5,5,7,104,6
10891,2021,4,28,3,16,3,2,9,923,99,1,55,10,10,12,104,6
10892,2021,4,29,4,17,3,2,12,1222,99,2,35,6,6,8,104,6
10893,2021,4,5,1,12,3,2,21,2101,99,2,23,3,3,5,97,6
10894,2021,4,5,1,13,3,2,21,2101,99,1,38,6,6,8,97,6
10895,2021,4,6,2,12,3,2,21,2101,99,2,38,6,6,8,97,6
10896,2021,4,6,2,15,3,2,21,2101,99,1,46,8,8,10,104,6
10897,2021,4,6,2,14,3,2,21,2102,99,1,32,5,5,7,97,6
10898,2021,4,6,2,16,3,2,21,2104,99,1,26,4,4,6,97,6
10899,2021,4,6,2,16,3,2,21,2101,99,1,26,4,4,6,104,6
10900,2021,4,6,2,15,3,2,21,2106,99,1,25,4,4,6,104,6
10901,2021,4,8,4,10,2,1,21,2101,99,1,14,1,1,3,104,6
10902,2021,4,8,4,12,3,2,21,2101,99,2,23,3,3,5,104,6
10903,2021,4,9,5,16,3,2,21,2101,99,2,75,11,14,16,104,6
10904,2021,4,10,6,12,3,2,21,2101,99,2,33,5,5,7,104,6
10905,2021,4,12,1,10,2,1,21,2107,99,1,22,3,3,5,104,6
10906,2021,4,13,2,14,3,2,21,2101,99,2,22,3,3,5,104,6
10907,2021,4,14,3,17,3,2,21,2101,99,1,26,4,4,6,97,6
10908,2021,4,14,3,18,4,3,21,2107,99,1,41,7,7,9,97,6
10909,2021,4,15,4,10,2,1,2,201,99,2,18,2,2,4,104,6
10910,2021,4,17,6,14,3,2,21,2101,99,2,39,6,6,8,104,6
10911,2021,4,19,1,11,2,1,21,2101,99,2,29,4,4,6,104,6
10912,2021,4,20,2,12,3,2,21,2103,99,1,54,9,9,11,104,6
10913,2021,4,20,2,16,3,2,21,2101,99,2,31,5,5,7,104,6
10914,2021,4,22,4,16,3,2,21,2101,99,2,50,9,9,11,97,6
10915,2021,4,24,6,12,3,2,21,2101,99,2,33,5,5,7,97,6
10916,2021,4,25,7,10,2,1,21,2102,99,2,48,8,8,10,104,6
10917,2021,4,27,2,16,3,2,21,2103,99,2,40,7,7,9,104,6
10918,2021,4,27,2,16,3,2,21,2101,99,2,42,7,7,9,104,6
10919,2021,4,27,2,20,4,3,2,207,99,1,39,6,6,8,104,6
10920,2021,4,28,3,12,3,2,21,2102,99,1,56,10,10,12,97,6
10921,2021,4,28,3,13,3,2,21,2101,99,1,31,5,5,7,97,6
10922,2021,4,28,3,13,3,2,21,2101,99,1,32,5,5,7,97,6
10923,2021,4,29,4,9,2,1,21,2101,99,1,43,7,7,9,97,6
10924,2021,4,29,4,12,3,2,21,2101,99,1,35,6,6,8,97,6
10925,2021,4,30,5,10,2,1,21,2101,99,1,38,6,6,8,97,6
10926,2021,4,1,4,15,3,2,16,1603,99,1,22,3,3,5,104,6
10927,2021,4,1,4,15,3,2,16,1601,99,2,40,7,7,9,104,6
10928,2021,4,1,4,15,3,2,15,1507,99,1,22,3,3,5,104,6
10929,2021,4,2,5,8,2,1,15,1501,99,1,30,5,5,7,104,6
10930,2021,4,2,5,10,2,1,16,1604,99,2,37,6,6,8,104,6
10931,2021,4,4,7,20,4,3,16,1614,99,2,39,6,6,8,104,6
10932,2021,4,4,7,20,4,3,16,1614,99,2,24,3,3,5,104,6
10933,2021,4,5,1,15,3,2,16,1602,99,2,25,4,4,6,104,6
10934,2021,4,5,1,15,3,2,16,1601,99,2,49,8,8,10,104,6
10935,2021,4,5,1,15,3,2,15,1508,99,1,42,7,7,9,104,6
10936,2021,4,6,2,14,3,2,16,1601,99,2,23,3,3,5,104,6
10937,2021,4,6,2,12,3,2,15,1507,99,1,29,4,4,6,104,6
10938,2021,4,6,2,15,3,2,15,1507,99,1,39,6,6,8,104,6
10939,2021,4,7,3,7,2,1,15,1507,99,2,31,5,5,7,104,6
10940,2021,4,7,3,10,2,1,15,1501,99,2,31,5,5,7,97,6
10941,2021,4,7,3,14,3,2,14,1420,99,1,48,8,8,10,104,6
10942,2021,4,7,3,14,3,2,15,1502,99,2,29,4,4,6,104,6
10943,2021,4,7,3,16,3,2,14,1420,99,1,64,11,11,13,97,6
10944,2021,4,7,3,15,3,2,15,1501,99,1,36,6,6,8,104,6
10945,2021,4,8,4,11,2,1,16,1616,99,1,35,6,6,8,104,6
10946,2021,4,8,4,12,3,2,16,1601,99,1,47,8,8,10,104,6
10947,2021,4,8,4,12,3,2,16,1603,99,2,17,2,2,4,104,6
10948,2021,4,8,4,17,3,2,14,1420,99,1,51,9,9,11,104,6
10949,2021,4,9,5,13,3,2,16,1609,99,2,22,3,3,5,104,6
10950,2021,4,9,5,14,3,2,15,1501,99,1,23,3,3,5,104,6
10951,2021,4,9,5,17,3,2,16,1601,99,1,20,3,3,5,104,6
10952,2021,4,9,5,21,4,3,15,1501,99,2,40,7,7,9,104,6
10953,2021,4,9,5,23,4,3,16,1601,99,2,40,7,7,9,97,6
10954,2021,4,10,6,14,3,2,16,1603,99,2,18,2,2,4,99,6
10955,2021,4,10,6,15,3,2,15,1501,99,2,26,4,4,6,104,6
10956,2021,4,13,2,12,3,2,16,1601,99,2,36,6,6,8,96,6
10957,2021,4,14,3,14,3,2,16,1608,99,1,36,6,6,8,104,6
10958,2021,4,15,4,0,1,1,16,1610,99,1,37,6,6,8,97,6
10959,2021,4,15,4,16,3,2,15,1505,99,2,37,6,6,8,104,6
10960,2021,4,15,4,15,3,2,14,1420,99,2,999,12,16,18,104,6
10961,2021,4,16,5,10,2,1,16,1601,99,2,23,3,3,5,104,6
10962,2021,4,17,6,9,2,1,16,1601,99,1,26,4,4,6,97,6
10963,2021,4,17,6,12,3,2,16,1609,99,1,35,6,6,8,104,6
10964,2021,4,19,1,10,2,1,16,1610,99,1,23,3,3,5,97,6
10965,2021,4,20,2,11,2,1,16,1605,99,1,23,3,3,5,104,6
10966,2021,4,21,3,12,3,2,16,1601,99,2,37,6,6,8,104,6
10967,2021,4,21,3,14,3,2,15,1508,99,1,29,4,4,6,104,6
10968,2021,4,22,4,10,2,1,16,1601,99,2,24,3,3,5,97,6
10969,2021,4,22,4,12,3,2,14,1420,99,2,23,3,3,5,104,6
10970,2021,4,23,5,13,3,2,16,1601,99,1,17,2,2,4,104,6
10971,2021,4,23,5,19,4,3,16,1602,99,2,35,6,6,8,104,6
10972,2021,4,25,7,13,3,2,16,1601,99,1,37,6,6,8,95,6
10973,2021,4,26,1,11,2,1,16,1609,99,2,26,4,4,6,104,6
10974,2021,4,27,2,17,3,2,16,1608,99,2,40,7,7,9,104,6
10975,2021,4,28,3,14,3,2,16,1610,99,2,31,5,5,7,97,6
10976,2021,4,28,3,14,3,2,16,1607,99,1,20,3,3,5,104,6
10977,2021,4,28,3,19,4,3,16,1608,99,1,30,5,5,7,104,6
10978,2021,4,28,3,19,4,3,16,1601,99,2,31,5,5,7,97,6
10979,2021,4,29,4,11,2,1,16,1609,99,1,51,9,9,11,104,6
10980,2021,4,29,4,11,2,1,16,1601,99,1,47,8,8,10,104,6
10981,2021,4,29,4,14,3,2,15,1502,99,2,25,4,4,6,104,6
10982,2021,4,29,4,18,4,3,16,1601,99,1,24,3,3,5,104,6
10983,2021,4,30,5,13,3,2,15,1501,99,2,34,5,5,7,97,6
10984,2021,4,30,5,13,3,2,15,1501,99,1,26,4,4,6,104,6
10985,2021,4,1,4,14,3,2,11,1101,99,1,35,6,6,8,104,6
10986,2021,4,2,5,18,4,3,10,1001,99,1,42,7,7,9,99,6
10987,2021,4,3,6,15,3,2,10,1003,99,1,26,4,4,6,104,6
10988,2021,4,4,7,19,4,3,9,920,99,1,34,5,5,7,104,6
10989,2021,4,6,2,16,3,2,11,1101,99,1,43,7,7,9,104,6
10990,2021,4,6,2,11,2,1,10,1004,99,1,33,5,5,7,104,6
10991,2021,4,6,2,11,2,1,10,1004,99,1,23,3,3,5,104,6
10992,2021,4,6,2,12,3,2,10,1011,99,1,28,4,4,6,104,6
10993,2021,4,6,2,13,3,2,11,1106,99,1,70,11,13,15,104,6
10994,2021,4,6,2,18,4,3,11,1101,99,1,30,5,5,7,95,6
10995,2021,4,6,2,20,4,3,10,1001,99,2,18,2,2,4,104,6
10996,2021,4,7,3,12,3,2,10,1002,99,2,42,7,7,9,97,6
10997,2021,4,7,3,11,2,1,11,1101,99,1,40,7,7,9,104,6
10998,2021,4,7,3,14,3,2,10,1016,99,1,31,5,5,7,97,6
10999,2021,4,7,3,10,2,1,10,1010,99,1,37,6,6,8,104,6
11000,2021,4,8,4,19,4,3,11,1101,99,2,47,8,8,10,104,6
11001,2021,4,8,4,16,3,2,11,1101,99,2,70,11,13,15,104,6
11002,2021,4,8,4,11,2,1,10,1019,99,1,50,9,9,11,104,6
11003,2021,4,8,4,20,4,3,11,1101,99,1,43,7,7,9,97,6
11004,2021,4,8,4,15,3,2,10,1001,99,1,38,6,6,8,104,6
11005,2021,4,8,4,11,2,1,10,1008,99,1,27,4,4,6,104,6
11006,2021,4,8,4,12,3,2,11,1101,99,1,28,4,4,6,97,6
11007,2021,4,8,4,8,2,1,11,1107,99,2,25,4,4,6,97,6
11008,2021,4,8,4,13,3,2,11,1101,99,1,55,10,10,12,104,6
11009,2021,4,8,4,10,2,1,11,1101,99,1,28,4,4,6,104,6
11010,2021,4,9,5,15,3,2,11,1101,99,1,52,9,9,11,104,6
11011,2021,4,9,5,12,3,2,11,1103,99,1,23,3,3,5,104,6
11012,2021,4,9,5,17,3,2,11,1106,99,2,26,4,4,6,97,6
11013,2021,4,9,5,20,4,3,11,1109,99,2,34,5,5,7,104,6
11014,2021,4,9,5,18,4,3,11,1107,99,2,22,3,3,5,104,6
11015,2021,4,9,5,15,3,2,11,1106,99,1,18,2,2,4,104,6
11016,2021,4,10,6,9,2,1,10,1005,99,1,57,10,10,12,104,6
11017,2021,4,10,6,10,2,1,10,1015,99,1,41,7,7,9,104,6
11018,2021,4,10,6,12,3,2,10,1010,99,1,27,4,4,6,97,6
11019,2021,4,10,6,11,2,1,10,1016,99,2,26,4,4,6,97,6
11020,2021,4,11,7,8,2,1,10,1010,99,1,35,6,6,8,104,6
11021,2021,4,12,1,9,2,1,10,1003,99,2,45,8,8,10,104,6
11022,2021,4,12,1,18,4,3,10,1013,99,1,22,3,3,5,104,6
11023,2021,4,12,1,11,2,1,10,1013,99,2,22,3,3,5,97,6
11024,2021,4,12,1,19,4,3,10,1013,99,1,44,7,7,9,104,6
11025,2021,4,12,1,10,2,1,11,1101,99,1,27,4,4,6,97,6
11026,2021,4,12,1,10,2,1,11,1101,99,1,60,11,11,13,97,6
11027,2021,4,12,1,8,2,1,11,1109,99,2,32,5,5,7,97,6
11028,2021,4,12,1,18,4,3,11,1101,99,1,28,4,4,6,104,6
11029,2021,4,12,1,9,2,1,11,1107,99,1,24,3,3,5,104,6
11030,2021,4,12,1,10,2,1,11,1105,99,2,29,4,4,6,104,6
11031,2021,4,12,1,12,3,2,10,1013,99,1,36,6,6,8,104,6
11032,2021,4,12,1,12,3,2,10,1002,99,1,22,3,3,5,104,6
11033,2021,4,12,1,17,3,2,11,1101,99,2,32,5,5,7,104,6
11034,2021,4,12,1,18,4,3,11,1107,99,2,45,8,8,10,97,6
11035,2021,4,13,2,14,3,2,10,1002,99,1,30,5,5,7,104,6
11036,2021,4,14,3,17,3,2,11,1103,99,1,35,6,6,8,97,6
11037,2021,4,14,3,12,3,2,11,1109,99,2,38,6,6,8,97,6
11038,2021,4,14,3,15,3,2,11,1104,99,2,25,4,4,6,104,6
11039,2021,4,15,4,13,3,2,7,705,99,9,999,12,16,18,104,6
11040,2021,4,16,5,10,2,1,11,1108,99,2,26,4,4,6,97,6
11041,2021,4,16,5,18,4,3,11,1101,99,1,41,7,7,9,104,6
11042,2021,4,16,5,16,3,2,10,1020,99,2,31,5,5,7,104,6
11043,2021,4,16,5,11,2,1,7,706,99,1,47,8,8,10,97,6
11044,2021,4,16,5,18,4,3,11,1101,99,1,26,4,4,6,104,6
11045,2021,4,16,5,10,2,1,11,1101,99,2,34,5,5,7,104,6
11046,2021,4,16,5,15,3,2,10,1001,99,2,999,12,16,18,97,6
11047,2021,4,17,6,16,3,2,10,1010,99,1,49,8,8,10,97,6
11048,2021,4,19,1,19,4,3,10,1019,99,1,31,5,5,7,104,6
11049,2021,4,19,1,14,3,2,11,1101,99,2,26,4,4,6,97,6
11050,2021,4,19,1,15,3,2,10,1014,99,2,39,6,6,8,97,6
11051,2021,4,19,1,17,3,2,10,1001,99,1,34,5,5,7,99,6
11052,2021,4,20,2,15,3,2,10,1010,99,2,34,5,5,7,104,6
11053,2021,4,20,2,11,2,1,10,1002,99,2,33,5,5,7,97,6
11054,2021,4,20,2,14,3,2,11,1107,99,1,38,6,6,8,104,6
11055,2021,4,20,2,13,3,2,1,103,99,2,999,12,16,18,97,6
11056,2021,4,20,2,10,2,1,10,1011,99,2,24,3,3,5,104,6
11057,2021,4,20,2,21,4,3,11,1105,99,2,40,7,7,9,104,6
11058,2021,4,21,3,20,4,3,10,1003,99,1,40,7,7,9,95,6
11059,2021,4,21,3,12,3,2,11,1109,99,2,26,4,4,6,104,6
11060,2021,4,21,3,12,3,2,11,1105,99,1,33,5,5,7,104,6
11061,2021,4,21,3,12,3,2,11,1105,99,2,29,4,4,6,104,6
11062,2021,4,22,4,10,2,1,11,1108,99,1,39,6,6,8,104,6
11063,2021,4,23,5,17,3,2,10,1015,99,1,51,9,9,11,104,6
11064,2021,4,24,6,99,5,4,10,1001,99,2,31,5,5,7,104,6
11065,2021,4,25,7,13,3,2,10,1021,99,1,49,8,8,10,97,6
11066,2021,4,26,1,7,2,1,11,1108,99,1,43,7,7,9,104,6
11067,2021,4,26,1,16,3,2,11,1103,99,1,59,10,10,12,95,6
11068,2021,4,26,1,17,3,2,11,1101,99,1,34,5,5,7,104,6
11069,2021,4,26,1,17,3,2,11,1101,99,1,57,10,10,12,104,6
11070,2021,4,26,1,18,4,3,11,1106,99,2,18,2,2,4,104,6
11071,2021,4,26,1,18,4,3,11,1101,99,1,32,5,5,7,104,6
11072,2021,4,27,2,12,3,2,10,1001,99,2,42,7,7,9,97,6
11073,2021,4,27,2,14,3,2,10,1016,99,1,20,3,3,5,97,6
11074,2021,4,27,2,17,3,2,11,1103,99,2,51,9,9,11,104,6
11075,2021,4,28,3,8,2,1,10,1004,99,2,25,4,4,6,104,6
11076,2021,4,28,3,12,3,2,11,1106,99,2,29,4,4,6,104,6
11077,2021,4,28,3,15,3,2,10,1020,99,1,31,5,5,7,104,6
11078,2021,4,28,3,10,2,1,11,1101,99,2,28,4,4,6,97,6
11079,2021,4,28,3,10,2,1,11,1101,99,1,59,10,10,12,97,6
11080,2021,4,29,4,17,3,2,11,1101,99,1,37,6,6,8,104,6
11081,2021,4,29,4,11,2,1,10,1015,99,2,29,4,4,6,104,6
11082,2021,4,30,5,12,3,2,11,1101,99,1,46,8,8,10,95,6
11083,2021,4,1,4,11,2,1,4,414,99,1,23,3,3,5,97,6
11084,2021,4,5,1,13,3,2,4,415,99,1,32,5,5,7,97,6
11085,2021,4,6,2,13,3,2,4,415,99,2,27,4,4,6,97,6
11086,2021,4,6,2,18,4,3,4,406,99,1,34,5,5,7,97,6
11087,2021,4,6,2,19,4,3,4,416,99,1,30,5,5,7,97,6
11088,2021,4,7,3,12,3,2,4,401,99,1,24,3,3,5,97,6
11089,2021,4,7,3,16,3,2,4,401,99,1,37,6,6,8,104,6
11090,2021,4,8,4,17,3,2,4,401,99,1,32,5,5,7,104,6
11091,2021,4,9,5,16,3,2,4,413,99,1,35,6,6,8,104,6
11092,2021,4,9,5,16,3,2,4,401,99,1,20,3,3,5,97,6
11093,2021,4,10,6,10,2,1,3,304,99,2,32,5,5,7,97,6
11094,2021,4,11,7,9,2,1,4,401,99,1,41,7,7,9,97,6
11095,2021,4,12,1,13,3,2,4,414,99,1,29,4,4,6,97,6
11096,2021,4,12,1,15,3,2,4,403,99,1,28,4,4,6,97,6
11097,2021,4,13,2,17,3,2,4,412,99,1,31,5,5,7,104,6
11098,2021,4,14,3,12,3,2,4,416,99,1,35,6,6,8,97,6
11099,2021,4,15,4,13,3,2,4,401,99,1,25,4,4,6,97,6
11100,2021,4,16,5,15,3,2,4,401,99,2,27,4,4,6,97,6
11101,2021,4,17,6,10,2,1,4,401,99,1,26,4,4,6,104,6
11102,2021,4,19,1,13,3,2,4,413,99,2,24,3,3,5,97,6
11103,2021,4,19,1,16,3,2,4,401,99,1,51,9,9,11,104,6
11104,2021,4,19,1,14,3,2,4,414,99,1,23,3,3,5,104,6
11105,2021,4,20,2,13,3,2,4,409,99,1,25,4,4,6,104,6
11106,2021,4,21,3,13,3,2,4,403,99,1,32,5,5,7,104,6
11107,2021,4,21,3,16,3,2,4,401,99,2,43,7,7,9,104,6
11108,2021,4,21,3,17,3,2,4,407,99,1,61,11,11,13,104,6
11109,2021,4,22,4,8,2,1,4,401,99,1,21,3,3,5,97,6
11110,2021,4,22,4,13,3,2,4,407,99,2,18,2,2,4,104,6
11111,2021,4,22,4,13,3,2,4,414,99,2,42,7,7,9,97,6
11112,2021,4,22,4,13,3,2,4,401,99,2,61,11,11,13,97,6
11113,2021,4,22,4,16,3,2,4,409,99,1,43,7,7,9,95,6
11114,2021,4,22,4,8,2,1,4,412,99,2,26,4,4,6,104,6
11115,2021,4,23,5,12,3,2,4,401,99,1,53,9,9,11,97,6
11116,2021,4,23,5,16,3,2,4,414,99,1,43,7,7,9,97,6
11117,2021,4,23,5,19,4,3,4,403,99,1,35,6,6,8,97,6
11118,2021,4,24,6,11,2,1,4,416,99,2,40,7,7,9,97,6
11119,2021,4,24,6,12,3,2,4,409,99,1,32,5,5,7,97,6
11120,2021,4,24,6,12,3,2,4,414,99,1,22,3,3,5,104,6
11121,2021,4,25,7,11,2,1,4,415,99,1,42,7,7,9,104,6
11122,2021,4,26,1,15,3,2,4,406,99,1,43,7,7,9,97,6
11123,2021,4,27,2,13,3,2,4,401,99,1,40,7,7,9,97,6
11124,2021,4,5,1,14,3,2,22,2201,99,1,61,11,11,13,104,6
11125,2021,4,6,2,8,2,1,22,2201,99,1,999,12,16,18,104,6
11126,2021,4,7,3,10,2,1,22,2201,99,2,25,4,4,6,104,6
11127,2021,4,7,3,12,3,2,22,2201,99,1,55,10,10,12,104,6
11128,2021,4,8,4,8,2,1,22,2201,99,2,34,5,5,7,104,6
11129,2021,4,8,4,16,3,2,22,2204,99,2,47,8,8,10,104,6
11130,2021,4,9,5,8,2,1,22,2214,99,2,24,3,3,5,104,6
11131,2021,4,9,5,14,3,2,22,2201,99,2,38,6,6,8,104,6
11132,2021,4,10,6,10,2,1,22,2204,99,1,35,6,6,8,104,6
11133,2021,4,10,6,14,3,2,22,2203,99,1,34,5,5,7,104,6
11134,2021,4,12,1,12,3,2,6,603,99,1,26,4,4,6,104,6
11135,2021,4,14,3,10,2,1,22,2201,99,2,41,7,7,9,104,6
11136,2021,4,14,3,9,2,1,22,2201,99,1,29,4,4,6,104,6
11137,2021,4,14,3,10,2,1,22,2201,99,1,19,2,2,4,104,6
11138,2021,4,14,3,11,2,1,22,2214,99,1,32,5,5,7,104,6
11139,2021,4,14,3,13,3,2,22,2201,99,1,65,11,12,14,104,6
11140,2021,4,14,3,10,2,1,22,2201,99,1,29,4,4,6,104,6
11141,2021,4,14,3,9,2,1,22,2201,99,1,33,5,5,7,104,6
11142,2021,4,14,3,9,2,1,22,2212,99,2,28,4,4,6,104,6
11143,2021,4,14,3,11,2,1,22,2217,99,2,24,3,3,5,97,6
11144,2021,4,15,4,8,2,1,22,2214,99,2,27,4,4,6,97,6
11145,2021,4,16,5,16,3,2,22,2201,99,2,999,12,16,18,104,6
11146,2021,4,18,7,20,4,3,22,2213,99,1,29,4,4,6,104,6
11147,2021,4,19,1,12,3,2,22,2205,99,2,50,9,9,11,104,6
11148,2021,4,19,1,13,3,2,22,2207,99,2,37,6,6,8,104,6
11149,2021,4,19,1,15,3,2,22,2202,99,2,999,12,16,18,104,6
11150,2021,4,20,2,11,2,1,22,2201,99,2,42,7,7,9,104,6
11151,2021,4,21,3,17,3,2,22,2202,99,1,35,6,6,8,104,6
11152,2021,4,24,6,18,4,3,22,2206,99,1,31,5,5,7,104,6
11153,2021,4,26,1,18,4,3,22,2207,99,2,38,6,6,8,104,6
11154,2021,4,27,2,12,3,2,22,2203,99,1,25,4,4,6,104,6
11155,2021,4,28,3,8,2,1,22,2201,99,2,999,12,16,18,104,6
11156,2021,4,28,3,14,3,2,22,2209,99,2,999,12,16,18,104,6
11157,2021,4,28,3,15,3,2,22,2212,99,1,24,3,3,5,104,6
11158,2021,4,28,3,15,3,2,22,2215,99,1,31,5,5,7,104,6
11159,2021,4,4,7,14,3,2,5,511,99,1,24,3,3,5,97,6
11160,2021,4,5,1,11,2,1,5,502,99,1,33,5,5,7,104,6
11161,2021,4,5,1,11,2,1,5,501,99,1,29,4,4,6,104,6
11162,2021,4,5,1,12,3,2,5,509,99,1,51,9,9,11,104,6
11163,2021,4,5,1,13,3,2,5,502,99,1,48,8,8,10,104,6
11164,2021,4,6,2,14,3,2,5,513,99,1,29,4,4,6,104,6
11165,2021,4,6,2,13,3,2,5,505,99,1,34,5,5,7,104,6
11166,2021,4,6,2,15,3,2,5,514,99,1,62,11,11,13,104,6
11167,2021,4,7,3,11,2,1,5,506,99,1,52,9,9,11,104,6
11168,2021,4,7,3,11,2,1,5,513,99,1,36,6,6,8,104,6
11169,2021,4,7,3,14,3,2,5,509,99,1,43,7,7,9,104,6
11170,2021,4,7,3,17,3,2,5,512,99,2,23,3,3,5,104,6
11171,2021,4,7,3,21,4,3,5,511,99,2,50,9,9,11,104,6
11172,2021,4,8,4,8,2,1,5,502,99,2,63,11,11,13,104,6
11173,2021,4,8,4,10,2,1,5,503,99,1,45,8,8,10,104,6
11174,2021,4,8,4,9,2,1,5,506,99,2,33,5,5,7,97,6
11175,2021,4,8,4,12,3,2,5,501,99,2,35,6,6,8,97,6
11176,2021,4,8,4,13,3,2,5,501,99,2,64,11,11,13,97,6
11177,2021,4,8,4,16,3,2,5,501,99,1,42,7,7,9,104,6
11178,2021,4,8,4,18,4,3,5,509,99,2,24,3,3,5,97,6
11179,2021,4,9,5,5,1,1,5,501,99,1,33,5,5,7,97,6
11180,2021,4,9,5,10,2,1,5,513,99,1,33,5,5,7,104,6
11181,2021,4,9,5,14,3,2,5,512,99,1,18,2,2,4,104,6
11182,2021,4,9,5,14,3,2,5,501,99,1,30,5,5,7,104,6
11183,2021,4,9,5,16,3,2,5,512,99,1,17,2,2,4,104,6
11184,2021,4,9,5,16,3,2,5,511,99,2,26,4,4,6,104,6
11185,2021,4,9,5,17,3,2,5,513,99,2,21,3,3,5,104,6
11186,2021,4,9,5,17,3,2,5,501,99,1,37,6,6,8,104,6
11187,2021,4,10,6,12,3,2,5,511,99,1,34,5,5,7,104,6
11188,2021,4,10,6,13,3,2,5,506,99,2,57,10,10,12,97,6
11189,2021,4,10,6,14,3,2,5,502,99,2,30,5,5,7,104,6
11190,2021,4,10,6,17,3,2,5,501,99,2,23,3,3,5,97,6
11191,2021,4,11,7,11,2,1,5,502,99,1,58,10,10,12,97,6
11192,2021,4,11,7,11,2,1,5,502,99,1,33,5,5,7,97,6
11193,2021,4,11,7,16,3,2,5,505,99,2,43,7,7,9,104,6
11194,2021,4,12,1,15,3,2,5,505,99,2,999,12,16,18,104,6
11195,2021,4,12,1,17,3,2,5,507,99,1,55,10,10,12,104,6
11196,2021,4,13,2,10,2,1,5,512,99,2,22,3,3,5,104,6
11197,2021,4,13,2,10,2,1,5,512,99,1,21,3,3,5,104,6
11198,2021,4,13,2,10,2,1,5,512,99,2,31,5,5,7,104,6
11199,2021,4,13,2,11,2,1,5,502,99,2,19,2,2,4,104,6
11200,2021,4,13,2,12,3,2,5,501,99,1,40,7,7,9,104,6
11201,2021,4,13,2,13,3,2,5,513,99,1,37,6,6,8,104,6
11202,2021,4,14,3,11,2,1,5,506,99,1,44,7,7,9,104,6
11203,2021,4,14,3,12,3,2,5,509,99,1,73,11,13,15,104,6
11204,2021,4,14,3,15,3,2,5,507,99,1,22,3,3,5,97,6
11205,2021,4,14,3,15,3,2,5,511,99,1,22,3,3,5,104,6
11206,2021,4,15,4,1,1,1,5,501,99,1,44,7,7,9,97,6
11207,2021,4,15,4,19,4,3,5,505,99,1,48,8,8,10,104,6
11208,2021,4,16,5,10,2,1,5,506,99,1,46,8,8,10,97,6
11209,2021,4,16,5,12,3,2,5,513,99,1,23,3,3,5,104,6
11210,2021,4,16,5,16,3,2,5,501,99,1,30,5,5,7,104,6
11211,2021,4,16,5,17,3,2,5,502,99,1,32,5,5,7,104,6
11212,2021,4,16,5,17,3,2,5,501,99,1,50,9,9,11,97,6
11213,2021,4,18,7,16,3,2,5,506,99,2,37,6,6,8,104,6
11214,2021,4,18,7,22,4,3,5,507,99,2,37,6,6,8,104,6
11215,2021,4,19,1,14,3,2,5,509,99,1,33,5,5,7,104,6
11216,2021,4,19,1,15,3,2,5,509,99,2,59,10,10,12,97,6
11217,2021,4,19,1,15,3,2,5,504,99,2,28,4,4,6,104,6
11218,2021,4,20,2,10,2,1,5,508,99,1,41,7,7,9,104,6
11219,2021,4,20,2,15,3,2,5,513,99,2,28,4,4,6,104,6
11220,2021,4,21,3,14,3,2,5,506,99,1,43,7,7,9,104,6
11221,2021,4,21,3,16,3,2,5,502,99,2,44,7,7,9,104,6
11222,2021,4,21,3,17,3,2,5,503,99,1,39,6,6,8,104,6
11223,2021,4,22,4,11,2,1,5,507,99,1,20,3,3,5,104,6
11224,2021,4,22,4,12,3,2,5,506,99,2,30,5,5,7,104,6
11225,2021,4,22,4,16,3,2,5,502,99,1,47,8,8,10,104,6
11226,2021,4,22,4,17,3,2,5,502,99,1,36,6,6,8,104,6
11227,2021,4,22,4,18,4,3,5,507,99,1,20,3,3,5,97,6
11228,2021,4,23,5,11,2,1,5,502,99,1,41,7,7,9,104,6
11229,2021,4,23,5,14,3,2,5,501,99,1,47,8,8,10,97,6
11230,2021,4,24,6,10,2,1,5,510,99,2,26,4,4,6,104,6
11231,2021,4,24,6,13,3,2,5,501,99,1,45,8,8,10,97,6
11232,2021,4,24,6,17,3,2,5,502,99,1,31,5,5,7,104,6
11233,2021,4,25,7,21,4,3,5,501,99,1,22,3,3,5,104,6
11234,2021,4,26,1,11,2,1,5,505,99,1,39,6,6,8,104,6
11235,2021,4,26,1,13,3,2,5,506,99,2,47,8,8,10,104,6
11236,2021,4,26,1,15,3,2,5,505,99,1,28,4,4,6,104,6
11237,2021,4,27,2,12,3,2,5,514,99,2,22,3,3,5,104,6
11238,2021,4,27,2,15,3,2,5,509,99,1,30,5,5,7,104,6
11239,2021,4,27,2,16,3,2,5,511,99,2,28,4,4,6,104,6
11240,2021,4,27,2,17,3,2,5,510,99,2,36,6,6,8,104,6
11241,2021,4,27,2,18,4,3,5,501,99,1,29,4,4,6,104,6
11242,2021,4,27,2,19,4,3,5,504,99,1,38,6,6,8,104,6
11243,2021,4,28,3,12,3,2,5,505,99,1,19,2,2,4,104,6
11244,2021,4,28,3,13,3,2,5,501,99,2,20,3,3,5,104,6
11245,2021,4,28,3,13,3,2,5,501,99,1,20,3,3,5,97,6
11246,2021,4,28,3,22,4,3,5,501,99,1,32,5,5,7,104,6
11247,2021,4,28,3,22,4,3,5,501,99,1,26,4,4,6,97,6
11248,2021,4,29,4,11,2,1,5,511,99,2,37,6,6,8,97,6
11249,2021,4,29,4,11,2,1,5,513,99,1,33,5,5,7,104,6
11250,2021,4,30,5,10,2,1,5,502,99,1,25,4,4,6,104,6
11251,2021,4,30,5,12,3,2,5,501,99,2,43,7,7,9,104,6
11252,2021,4,30,5,19,4,3,5,511,99,1,38,6,6,8,97,6
11253,2021,4,30,5,10,2,1,5,511,99,2,43,7,7,9,104,6
11254,2021,4,6,2,18,4,3,18,1804,99,2,25,4,4,6,104,6
11255,2021,4,6,2,15,3,2,18,1801,99,1,36,6,6,8,97,6
11256,2021,4,8,4,7,2,1,18,1802,99,1,31,5,5,7,97,6
11257,2021,4,8,4,16,3,2,18,1803,99,1,39,6,6,8,104,6
11258,2021,4,9,5,10,2,1,18,1804,99,1,62,11,11,13,104,6
11259,2021,4,9,5,10,2,1,18,1801,99,1,36,6,6,8,97,6
11260,2021,4,9,5,15,3,2,18,1801,99,1,38,6,6,8,104,6
11261,2021,4,11,7,18,4,3,18,1801,99,2,22,3,3,5,104,6
11262,2021,4,12,1,13,3,2,18,1802,99,1,20,3,3,5,104,6
11263,2021,4,12,1,14,3,2,18,1801,99,1,45,8,8,10,104,6
11264,2021,4,12,1,14,3,2,18,1801,99,1,28,4,4,6,104,6
11265,2021,4,12,1,14,3,2,18,1801,99,2,30,5,5,7,104,6
11266,2021,4,12,1,15,3,2,18,1801,99,2,36,6,6,8,97,6
11267,2021,4,13,2,18,4,3,18,1801,99,1,44,7,7,9,97,6
11268,2021,4,13,2,18,4,3,18,1802,99,2,24,3,3,5,97,6
11269,2021,4,14,3,18,4,3,18,1801,99,2,30,5,5,7,97,6
11270,2021,4,15,4,10,2,1,18,1804,99,2,19,2,2,4,104,6
11271,2021,4,15,4,13,3,2,18,1801,99,2,999,12,16,18,104,6
11272,2021,4,16,5,9,2,1,18,1804,99,2,46,8,8,10,104,6
11273,2021,4,16,5,13,3,2,18,1801,99,1,43,7,7,9,97,6
11274,2021,4,20,2,9,2,1,18,1804,99,1,65,11,12,14,104,6
11275,2021,4,20,2,10,2,1,18,1801,99,1,999,12,16,18,97,6
11276,2021,4,20,2,16,3,2,18,1804,99,2,32,5,5,7,104,6
11277,2021,4,21,3,10,2,1,18,1801,99,1,18,2,2,4,97,6
11278,2021,4,22,4,18,4,3,18,1803,99,1,28,4,4,6,104,6
11279,2021,4,22,4,14,3,2,18,1803,99,1,28,4,4,6,104,6
11280,2021,4,24,6,12,3,2,18,1801,99,1,30,5,5,7,104,6
11281,2021,4,1,4,16,3,2,6,602,99,2,29,4,4,6,104,6
11282,2021,4,2,5,10,2,1,6,614,99,1,47,8,8,10,104,6
11283,2021,4,5,1,18,4,3,6,603,99,1,58,10,10,12,95,6
11284,2021,4,5,1,11,2,1,6,606,99,1,26,4,4,6,104,6
11285,2021,4,6,2,13,3,2,6,606,99,1,42,7,7,9,104,6
11286,2021,4,6,2,12,3,2,6,603,99,1,52,9,9,11,104,6
11287,2021,4,6,2,15,3,2,6,604,99,2,41,7,7,9,104,6
11288,2021,4,7,3,9,2,1,6,601,99,1,20,3,3,5,104,6
11289,2021,4,7,3,12,3,2,1,101,14,1,40,7,7,9,104,6
11290,2021,4,7,3,14,3,2,6,602,99,2,23,3,3,5,104,6
11291,2021,4,7,3,15,3,2,6,612,99,2,58,10,10,12,104,6
11292,2021,4,7,3,21,4,3,6,614,99,1,27,4,4,6,104,6
11293,2021,4,7,3,13,3,2,6,613,99,2,999,12,16,18,104,6
11294,2021,4,8,4,11,2,1,6,609,99,1,38,6,6,8,104,6
11295,2021,4,8,4,16,3,2,6,612,99,2,27,4,4,6,97,6
11296,2021,4,9,5,11,2,1,6,606,99,1,23,3,3,5,104,6
11297,2021,4,9,5,14,3,2,6,608,99,1,23,3,3,5,104,6
11298,2021,4,10,6,12,3,2,6,602,99,1,46,8,8,10,104,6
11299,2021,4,12,1,18,4,3,6,602,99,1,32,5,5,7,95,6
11300,2021,4,13,2,16,3,2,6,601,99,1,46,8,8,10,104,6
11301,2021,4,14,3,12,3,2,6,603,99,1,41,7,7,9,97,6
11302,2021,4,15,4,18,4,3,6,612,99,2,25,4,4,6,104,6
11303,2021,4,17,6,20,4,3,6,609,99,2,29,4,4,6,104,6
11304,2021,4,18,7,11,2,1,6,614,99,2,55,10,10,12,97,6
11305,2021,4,18,7,11,2,1,6,609,99,1,75,11,14,16,97,6
11306,2021,4,19,1,10,2,1,6,604,99,2,51,9,9,11,104,6
11307,2021,4,20,2,14,3,2,6,611,99,1,50,9,9,11,104,6
11308,2021,4,21,3,11,2,1,6,602,99,1,25,4,4,6,104,6
11309,2021,4,21,3,19,4,3,6,609,99,2,21,3,3,5,104,6
11310,2021,4,21,3,20,4,3,6,606,99,1,32,5,5,7,104,6
11311,2021,4,22,4,10,2,1,6,608,99,2,35,6,6,8,104,6
11312,2021,4,22,4,11,2,1,6,602,99,1,33,5,5,7,104,6
11313,2021,4,22,4,18,4,3,6,606,99,2,59,10,10,12,104,6
11314,2021,4,23,5,15,3,2,6,602,99,2,30,5,5,7,104,6
11315,2021,4,23,5,17,3,2,6,609,99,2,67,11,12,14,104,6
11316,2021,4,23,5,19,4,3,6,609,99,1,74,11,13,15,104,6
11317,2021,4,23,5,19,4,3,6,609,99,1,28,4,4,6,97,6
11318,2021,4,24,6,12,3,2,6,601,99,2,27,4,4,6,104,6
11319,2021,4,25,7,13,3,2,6,613,99,1,30,5,5,7,104,6
11320,2021,4,25,7,15,3,2,6,602,99,2,46,8,8,10,104,6
11321,2021,4,26,1,15,3,2,6,608,99,1,53,9,9,11,104,6
11322,2021,4,27,2,11,2,1,6,609,99,1,50,9,9,11,104,6
11323,2021,4,27,2,15,3,2,6,604,99,2,39,6,6,8,104,6
11324,2021,4,30,5,10,2,1,6,602,99,1,37,6,6,8,104,6
11325,2021,4,5,1,11,2,1,1,117,99,1,41,7,7,9,104,6
11326,2021,4,5,1,15,3,2,1,117,99,1,27,4,4,6,95,6
11327,2021,4,5,1,16,3,2,1,115,99,2,27,4,4,6,104,6
11328,2021,4,5,1,19,4,3,1,116,99,1,34,5,5,7,97,6
11329,2021,4,6,2,18,4,3,1,117,99,2,35,6,6,8,104,6
11330,2021,4,6,2,18,4,3,1,115,99,2,41,7,7,9,104,6
11331,2021,4,6,2,19,4,3,1,115,99,2,35,6,6,8,104,6
11332,2021,4,6,2,8,2,1,1,115,99,2,35,6,6,8,104,6
11333,2021,4,6,2,9,2,1,1,115,99,2,27,4,4,6,104,6
11334,2021,4,6,2,10,2,1,1,115,99,1,42,7,7,9,104,6
11335,2021,4,7,3,19,4,3,1,115,99,1,23,3,3,5,97,6
11336,2021,4,7,3,15,3,2,1,115,99,1,44,7,7,9,104,6
11337,2021,4,8,4,16,3,2,1,115,99,1,27,4,4,6,104,6
11338,2021,4,8,4,17,3,2,1,114,99,1,48,8,8,10,97,6
11339,2021,4,8,4,17,3,2,1,115,99,1,52,9,9,11,97,6
11340,2021,4,8,4,14,3,2,1,117,99,1,50,9,9,11,97,6
11341,2021,4,9,5,23,4,3,1,115,99,1,20,3,3,5,104,6
11342,2021,4,9,5,11,2,1,1,114,99,1,51,9,9,11,104,6
11343,2021,4,9,5,15,3,2,1,116,99,1,44,7,7,9,97,6
11344,2021,4,11,7,14,3,2,1,117,99,1,29,4,4,6,104,6
11345,2021,4,11,7,9,2,1,1,117,99,2,22,3,3,5,97,6
11346,2021,4,12,1,9,2,1,1,114,99,2,24,3,3,5,97,6
11347,2021,4,12,1,14,3,2,1,117,99,2,33,5,5,7,104,6
11348,2021,4,12,1,21,4,3,1,116,99,1,36,6,6,8,97,6
11349,2021,4,12,1,10,2,1,1,117,99,1,49,8,8,10,97,6
11350,2021,4,12,1,14,3,2,1,117,99,1,29,4,4,6,104,6
11351,2021,4,12,1,15,3,2,1,115,99,2,43,7,7,9,97,6
11352,2021,4,13,2,17,3,2,1,116,99,1,20,3,3,5,97,6
11353,2021,4,13,2,11,2,1,1,117,99,1,42,7,7,9,104,6
11354,2021,4,13,2,13,3,2,1,115,99,1,36,6,6,8,97,6
11355,2021,4,13,2,12,3,2,1,115,99,2,26,4,4,6,97,6
11356,2021,4,13,2,14,3,2,1,116,99,1,20,3,3,5,97,6
11357,2021,4,13,2,15,3,2,1,115,99,2,43,7,7,9,104,6
11358,2021,4,13,2,15,3,2,1,115,99,1,29,4,4,6,104,6
11359,2021,4,13,2,12,3,2,1,115,99,1,31,5,5,7,104,6
11360,2021,4,13,2,12,3,2,1,117,99,1,33,5,5,7,97,6
11361,2021,4,14,3,11,2,1,1,108,99,2,33,5,5,7,104,6
11362,2021,4,14,3,11,2,1,1,117,99,2,28,4,4,6,104,6
11363,2021,4,14,3,11,2,1,1,115,99,1,52,9,9,11,104,6
11364,2021,4,15,4,20,4,3,1,117,99,2,43,7,7,9,97,6
11365,2021,4,15,4,15,3,2,1,115,99,2,29,4,4,6,104,6
11366,2021,4,16,5,13,3,2,1,115,99,1,40,7,7,9,104,6
11367,2021,4,16,5,9,2,1,1,117,99,1,32,5,5,7,99,6
11368,2021,4,16,5,13,3,2,1,115,99,1,33,5,5,7,104,6
11369,2021,4,16,5,5,1,1,1,115,99,2,38,6,6,8,104,6
11370,2021,4,16,5,14,3,2,1,115,99,1,24,3,3,5,104,6
11371,2021,4,17,6,11,2,1,1,115,99,2,41,7,7,9,104,6
11372,2021,4,17,6,12,3,2,1,116,99,1,31,5,5,7,97,6
11373,2021,4,18,7,16,3,2,1,115,99,2,32,5,5,7,104,6
11374,2021,4,18,7,18,4,3,1,115,99,2,57,10,10,12,97,6
11375,2021,4,18,7,20,4,3,1,115,99,1,64,11,11,13,97,6
11376,2021,4,19,1,11,2,1,1,115,99,2,30,5,5,7,97,6
11377,2021,4,19,1,12,3,2,1,115,99,1,43,7,7,9,104,6
11378,2021,4,19,1,13,3,2,1,115,99,1,62,11,11,13,104,6
11379,2021,4,19,1,10,2,1,1,117,99,2,27,4,4,6,97,6
11380,2021,4,19,1,17,3,2,1,115,99,1,52,9,9,11,104,6
11381,2021,4,19,1,15,3,2,1,117,99,1,45,8,8,10,97,6
11382,2021,4,20,2,10,2,1,1,117,99,2,21,3,3,5,104,6
11383,2021,4,20,2,23,4,3,1,116,99,1,22,3,3,5,104,6
11384,2021,4,20,2,18,4,3,1,115,99,2,34,5,5,7,104,6
11385,2021,4,20,2,15,3,2,1,115,99,1,24,3,3,5,104,6
11386,2021,4,20,2,15,3,2,1,115,99,1,32,5,5,7,104,6
11387,2021,4,20,2,15,3,2,1,115,99,1,32,5,5,7,97,6
11388,2021,4,20,2,16,3,2,1,115,99,2,20,3,3,5,104,6
11389,2021,4,20,2,14,3,2,1,117,99,2,52,9,9,11,97,6
11390,2021,4,21,3,12,3,2,1,117,99,1,26,4,4,6,104,6
11391,2021,4,21,3,12,3,2,1,116,99,1,20,3,3,5,97,6
11392,2021,4,22,4,11,2,1,1,115,99,2,24,3,3,5,104,6
11393,2021,4,22,4,15,3,2,1,115,99,1,26,4,4,6,97,6
11394,2021,4,23,5,99,5,4,1,115,99,2,999,12,16,18,104,6
11395,2021,4,23,5,15,3,2,1,115,99,1,21,3,3,5,104,6
11396,2021,4,23,5,16,3,2,1,115,99,2,26,4,4,6,97,6
11397,2021,4,24,6,14,3,2,1,115,99,1,23,3,3,5,104,6
11398,2021,4,24,6,11,2,1,1,115,99,1,47,8,8,10,104,6
11399,2021,4,25,7,18,4,3,1,115,99,1,35,6,6,8,104,6
11400,2021,4,25,7,21,4,3,1,115,99,1,33,5,5,7,104,6
11401,2021,4,26,1,20,4,3,1,115,99,2,27,4,4,6,104,6
11402,2021,4,27,2,12,3,2,1,115,99,2,40,7,7,9,97,6
11403,2021,4,27,2,21,4,3,1,115,99,2,42,7,7,9,97,6
11404,2021,4,27,2,17,3,2,1,115,99,1,57,10,10,12,104,6
11405,2021,4,27,2,11,2,1,1,115,99,1,28,4,4,6,104,6
11406,2021,4,27,2,10,2,1,1,115,99,1,33,5,5,7,104,6
11407,2021,4,27,2,17,3,2,1,115,99,2,28,4,4,6,104,6
11408,2021,4,28,3,12,3,2,1,115,99,2,47,8,8,10,104,6
11409,2021,4,28,3,15,3,2,1,117,99,2,26,4,4,6,97,6
11410,2021,4,28,3,15,3,2,1,116,99,1,23,3,3,5,97,6
11411,2021,4,29,4,16,3,2,1,117,99,1,38,6,6,8,97,6
11412,2021,4,29,4,11,2,1,1,115,99,2,999,12,16,18,104,6
11413,2021,4,29,4,10,2,1,1,115,99,2,45,8,8,10,104,6
11414,2021,4,30,5,8,2,1,1,115,99,2,19,2,2,4,104,6
11415,2021,4,30,5,10,2,1,1,117,99,2,65,11,12,14,104,6
11416,2021,4,30,5,11,2,1,1,115,99,2,37,6,6,8,104,6
11417,2021,4,30,5,17,3,2,1,115,99,1,48,8,8,10,97,6
11418,2021,4,30,5,15,3,2,1,116,99,1,24,3,3,5,97,6
11419,2021,4,2,5,8,2,1,1,108,99,2,36,6,6,8,104,6
11420,2021,4,2,5,8,2,1,1,108,99,2,63,11,11,13,104,6
11421,2021,4,2,5,8,2,1,1,108,99,1,46,8,8,10,97,6
11422,2021,4,5,1,10,2,1,1,110,99,1,27,4,4,6,104,6
11423,2021,4,5,1,16,3,2,1,108,99,1,45,8,8,10,104,6
11424,2021,4,5,1,16,3,2,1,108,99,2,20,3,3,5,104,6
11425,2021,4,5,1,21,4,3,1,108,99,1,30,5,5,7,104,6
11426,2021,4,6,2,15,3,2,1,111,99,2,50,9,9,11,104,6
11427,2021,4,7,3,13,3,2,1,110,99,1,30,5,5,7,104,6
11428,2021,4,7,3,13,3,2,1,108,99,1,32,5,5,7,97,6
11429,2021,4,7,3,21,4,3,1,108,99,1,51,9,9,11,104,6
11430,2021,4,8,4,9,2,1,1,110,99,1,24,3,3,5,97,6
11431,2021,4,8,4,16,3,2,1,110,99,1,999,12,16,18,104,6
11432,2021,4,9,5,15,3,2,1,108,99,1,45,8,8,10,104,6
11433,2021,4,9,5,17,3,2,1,108,99,1,25,4,4,6,104,6
11434,2021,4,9,5,9,2,1,1,108,99,2,36,6,6,8,97,6
11435,2021,4,12,1,14,3,2,1,108,99,2,32,5,5,7,104,6
11436,2021,4,12,1,17,3,2,1,108,99,2,28,4,4,6,104,6
11437,2021,4,13,2,8,2,1,1,110,99,1,47,8,8,10,104,6
11438,2021,4,13,2,12,3,2,1,101,7,1,36,6,6,8,97,6
11439,2021,4,14,3,17,3,2,1,108,99,2,30,5,5,7,104,6
11440,2021,4,14,3,17,3,2,1,106,99,2,42,7,7,9,104,6
11441,2021,4,15,4,7,2,1,1,108,99,1,52,9,9,11,104,6
11442,2021,4,15,4,7,2,1,1,103,99,1,49,8,8,10,97,6
11443,2021,4,15,4,14,3,2,1,109,99,1,27,4,4,6,97,6
11444,2021,4,16,5,16,3,2,1,108,99,1,28,4,4,6,97,6
11445,2021,4,16,5,16,3,2,1,108,99,1,18,2,2,4,97,6
11446,2021,4,16,5,17,3,2,1,108,99,1,26,4,4,6,97,6
11447,2021,4,19,1,21,4,3,1,108,99,1,33,5,5,7,104,6
11448,2021,4,20,2,12,3,2,1,108,99,1,37,6,6,8,104,6
11449,2021,4,20,2,16,3,2,1,110,99,2,26,4,4,6,104,6
11450,2021,4,20,2,19,4,3,1,108,99,1,41,7,7,9,95,6
11451,2021,4,21,3,15,3,2,1,108,99,2,24,3,3,5,104,6
11452,2021,4,21,3,10,2,1,1,108,99,2,45,8,8,10,97,6
11453,2021,4,23,5,13,3,2,1,108,99,2,40,7,7,9,97,6
11454,2021,4,23,5,10,2,1,1,108,99,1,39,6,6,8,97,6
11455,2021,4,23,5,13,3,2,1,110,99,2,24,3,3,5,104,6
11456,2021,4,23,5,22,4,3,1,108,99,1,37,6,6,8,104,6
11457,2021,4,23,5,19,4,3,1,108,99,2,56,10,10,12,97,6
11458,2021,4,23,5,15,3,2,1,108,99,2,51,9,9,11,104,6
11459,2021,4,24,6,18,4,3,1,108,99,2,51,9,9,11,104,6
11460,2021,4,26,1,11,2,1,1,108,99,2,47,8,8,10,97,6
11461,2021,4,26,1,11,2,1,1,108,99,1,46,8,8,10,95,6
11462,2021,4,26,1,15,3,2,3,301,99,1,24,3,3,5,95,6
11463,2021,4,27,2,1,1,1,1,110,99,2,45,8,8,10,104,6
11464,2021,4,27,2,10,2,1,1,110,99,2,23,3,3,5,104,6
11465,2021,4,28,3,10,2,1,1,110,99,2,46,8,8,10,104,6
11466,2021,4,28,3,11,2,1,1,108,99,1,33,5,5,7,97,6
11467,2021,4,28,3,13,3,2,1,109,99,1,35,6,6,8,104,6
11468,2021,4,28,3,14,3,2,1,109,99,2,19,2,2,4,104,6
11469,2021,4,28,3,16,3,2,1,110,99,2,40,7,7,9,104,6
11470,2021,4,28,3,16,3,2,1,108,99,2,59,10,10,12,104,6
11471,2021,4,28,3,19,4,3,1,108,99,1,56,10,10,12,95,6
11472,2021,4,30,5,8,2,1,1,109,99,1,37,6,6,8,104,6
11473,2021,4,30,5,16,3,2,1,108,99,2,49,8,8,10,97,6
11474,2021,4,2,5,11,2,1,9,920,99,1,20,3,3,5,104,6
11475,2021,4,4,7,11,2,1,9,920,99,1,40,7,7,9,97,6
11476,2021,4,5,1,12,3,2,9,920,99,1,39,6,6,8,104,6
11477,2021,4,5,1,12,3,2,9,920,99,1,30,5,5,7,104,6
11478,2021,4,5,1,15,3,2,9,917,99,1,45,8,8,10,104,6
11479,2021,4,6,2,10,2,1,9,920,99,1,21,3,3,5,104,6
11480,2021,4,6,2,11,2,1,9,920,99,1,40,7,7,9,104,6
11481,2021,4,6,2,12,3,2,9,920,99,1,29,4,4,6,104,6
11482,2021,4,6,2,13,3,2,9,920,99,1,39,6,6,8,104,6
11483,2021,4,6,2,15,3,2,9,920,99,1,27,4,4,6,97,6
11484,2021,4,7,3,12,3,2,9,920,99,2,22,3,3,5,104,6
11485,2021,4,7,3,14,3,2,9,920,99,1,26,4,4,6,104,6
11486,2021,4,7,3,13,3,2,9,920,99,2,19,2,2,4,104,6
11487,2021,4,8,4,19,4,3,9,921,99,1,43,7,7,9,104,6
11488,2021,4,8,4,9,2,1,9,920,99,1,36,6,6,8,104,6
11489,2021,4,9,5,9,2,1,12,1221,99,1,40,7,7,9,104,6
11490,2021,4,9,5,8,2,1,9,920,99,1,65,11,12,14,95,6
11491,2021,4,9,5,10,2,1,12,1222,99,1,32,5,5,7,97,6
11492,2021,4,9,5,12,3,2,12,1220,99,1,30,5,5,7,99,6
11493,2021,4,9,5,13,3,2,12,1222,99,1,32,5,5,7,97,6
11494,2021,4,9,5,17,3,2,9,920,99,2,42,7,7,9,104,6
11495,2021,4,11,7,19,4,3,9,920,99,2,29,4,4,6,97,6
11496,2021,4,13,2,18,4,3,9,920,99,2,32,5,5,7,104,6
11497,2021,4,13,2,11,2,1,9,920,99,9,999,12,16,18,104,6
11498,2021,4,14,3,10,2,1,9,920,99,2,22,3,3,5,104,6
11499,2021,4,15,4,9,2,1,9,921,99,2,34,5,5,7,104,6
11500,2021,4,15,4,10,2,1,9,917,99,1,34,5,5,7,104,6
11501,2021,4,15,4,10,2,1,9,917,99,1,21,3,3,5,97,6
11502,2021,4,15,4,11,2,1,9,920,99,1,24,3,3,5,104,6
11503,2021,4,15,4,13,3,2,9,920,99,2,20,3,3,5,104,6
11504,2021,4,15,4,14,3,2,9,921,99,2,30,5,5,7,104,6
11505,2021,4,20,2,13,3,2,9,920,99,1,19,2,2,4,97,6
11506,2021,4,20,2,9,2,1,12,1213,99,2,29,4,4,6,97,6
11507,2021,4,20,2,15,3,2,9,920,99,2,23,3,3,5,104,6
11508,2021,4,21,3,11,2,1,12,1221,99,1,37,6,6,8,104,6
11509,2021,4,21,3,11,2,1,12,1222,99,1,56,10,10,12,104,6
11510,2021,4,22,4,17,3,2,9,920,99,2,29,4,4,6,104,6
11511,2021,4,24,6,17,3,2,9,920,99,1,23,3,3,5,104,6
11512,2021,4,28,3,10,2,1,9,920,99,1,69,11,12,14,104,6
11513,2021,4,29,4,6,2,1,9,922,99,1,19,2,2,4,95,6
11514,2021,4,29,4,20,4,3,9,922,99,1,32,5,5,7,104,6
11515,2021,4,29,4,12,3,2,9,917,99,1,28,4,4,6,104,6
11516,2021,4,30,5,15,3,2,9,920,99,1,28,4,4,6,104,6
11517,2021,4,30,5,20,4,3,9,917,99,1,33,5,5,7,97,6
11518,2021,4,1,4,10,2,1,1,101,3,1,25,4,4,6,24,3
11519,2021,4,1,4,19,4,3,1,101,18,1,20,3,3,5,79,3
11520,2021,4,1,4,19,4,3,1,101,18,1,28,4,4,6,79,3
11521,2021,4,1,4,9,2,1,1,101,5,1,43,7,7,9,79,3
11522,2021,4,1,4,8,2,1,1,101,5,1,27,4,4,6,79,3
11523,2021,4,1,4,19,4,3,1,116,99,1,21,3,3,5,79,3
11524,2021,4,1,4,17,3,2,1,114,99,1,39,6,6,8,79,3
11525,2021,4,1,4,0,1,1,1,108,99,1,30,5,5,7,24,3
11526,2021,4,1,6,17,3,2,1,108,99,1,32,5,5,7,79,3
11527,2021,4,1,4,20,4,3,9,920,99,1,33,5,5,7,79,3
11528,2021,4,1,4,0,1,1,12,1217,99,1,23,3,3,5,79,3
11529,2021,4,1,4,0,1,1,12,1217,99,1,20,3,3,5,79,3
11530,2021,4,1,4,0,1,1,3,302,99,1,24,3,3,5,79,3
11531,2021,4,2,5,16,3,2,1,101,1,1,20,3,3,5,24,3
11532,2021,4,2,5,20,4,3,1,101,12,1,26,4,4,6,24,3
11533,2021,4,2,5,20,4,3,1,116,99,1,52,9,9,11,79,3
11534,2021,4,2,5,20,4,3,1,108,99,2,34,5,5,7,79,3
11535,2021,4,2,5,10,2,1,1,108,99,1,32,5,5,7,79,3
11536,2021,4,2,5,5,1,1,5,509,99,1,23,3,3,5,24,3
11537,2021,4,2,5,19,4,3,5,501,99,1,54,9,9,11,24,3
11538,2021,4,2,5,19,4,3,5,509,99,1,31,5,5,7,79,3
11539,2021,4,2,5,6,2,1,18,1804,99,1,36,6,6,8,79,3
11540,2021,4,3,6,9,2,1,1,101,18,2,36,6,6,8,79,3
11541,2021,4,3,6,18,4,3,1,117,99,1,23,3,3,5,79,3
11542,2021,4,3,6,16,3,2,5,505,99,2,31,5,5,7,24,3
11543,2021,4,3,6,20,4,3,9,904,99,1,999,12,16,18,79,3
11544,2021,4,3,6,22,4,3,17,1710,99,1,23,3,3,5,24,3
11545,2021,4,4,7,3,1,1,1,101,25,1,22,3,3,5,79,3
11546,2021,4,4,7,15,3,2,1,101,18,1,22,3,3,5,79,3
11547,2021,4,4,7,16,3,2,22,2201,99,1,40,7,7,9,79,3
11548,2021,4,4,7,11,2,1,5,501,99,1,32,5,5,7,79,3
11549,2021,4,4,7,20,4,3,18,1804,99,1,28,4,4,6,79,3
11550,2021,4,4,7,8,2,1,17,1703,99,1,27,4,4,6,79,3
11551,2021,4,5,1,19,4,3,1,101,7,1,24,3,3,5,79,3
11552,2021,4,5,1,5,1,1,1,101,12,1,26,4,4,6,24,3
11553,2021,4,5,1,10,2,1,1,101,12,2,37,6,6,8,79,3
11554,2021,4,5,1,20,4,3,1,115,99,1,29,4,4,6,79,3
11555,2021,4,5,1,22,4,3,1,108,99,1,32,5,5,7,79,3
11556,2021,4,5,1,11,2,1,18,1801,99,2,24,3,3,5,79,3
11557,2021,4,5,1,8,2,1,18,1801,99,1,36,6,6,8,79,3
11558,2021,4,5,1,6,2,1,18,1805,99,1,27,4,4,6,79,3
11559,2021,4,5,1,6,2,1,17,1705,99,2,28,4,4,6,79,3
11560,2021,4,5,1,9,2,1,3,302,99,1,38,6,6,8,79,3
11561,2021,4,6,2,10,2,1,1,101,9,1,39,6,6,8,79,3
11562,2021,4,6,2,17,3,2,1,101,2,1,41,7,7,9,79,3
11563,2021,4,6,2,17,3,2,1,101,18,1,33,5,5,7,79,3
11564,2021,4,6,2,6,2,1,1,101,12,1,32,5,5,7,24,3
11565,2021,4,6,2,5,1,1,1,101,11,1,19,2,2,4,24,3
11566,2021,4,6,2,11,2,1,1,101,12,1,44,7,7,9,24,3
11567,2021,4,6,2,7,2,1,1,101,12,1,25,4,4,6,79,3
11568,2021,4,6,2,16,3,2,5,503,99,1,41,7,7,9,24,3
11569,2021,4,7,3,11,2,1,1,101,1,1,26,4,4,6,79,3
11570,2021,4,7,3,9,2,1,1,101,9,1,32,5,5,7,79,3
11571,2021,4,7,3,11,2,1,1,101,9,1,53,9,9,11,79,3
11572,2021,4,7,3,13,3,2,1,101,6,1,35,6,6,8,79,3
11573,2021,4,7,3,16,3,2,1,108,99,1,999,12,16,18,79,3
11574,2021,4,7,3,12,3,2,5,507,99,1,55,10,10,12,79,3
11575,2021,4,7,3,12,3,2,10,1002,99,1,29,4,4,6,24,3
11576,2021,4,7,3,11,2,1,13,1301,99,2,39,6,6,8,79,3
11577,2021,4,8,4,17,3,2,1,101,9,1,41,7,7,9,79,3
11578,2021,4,8,4,7,2,1,1,101,1,1,999,12,16,18,79,3
11579,2021,4,8,4,5,1,1,1,101,11,1,47,8,8,10,24,3
11580,2021,4,8,4,12,3,2,20,2001,99,2,31,5,5,7,79,3
11581,2021,4,8,4,16,3,2,19,1901,99,2,34,5,5,7,79,3
11582,2021,4,8,4,5,1,1,5,505,99,1,23,3,3,5,24,3
11583,2021,4,8,4,5,1,1,5,501,99,1,60,11,11,13,24,3
11584,2021,4,8,4,12,3,2,18,1804,99,1,23,3,3,5,79,3
11585,2021,4,8,4,6,2,1,17,1703,99,1,26,4,4,6,79,3
11586,2021,4,9,5,10,2,1,1,101,9,1,44,7,7,9,79,3
11587,2021,4,9,5,5,1,1,1,101,12,1,31,5,5,7,24,3
11588,2021,4,9,5,11,2,1,5,507,99,1,31,5,5,7,24,3
11589,2021,4,9,5,11,2,1,10,1001,99,1,58,10,10,12,79,3
11590,2021,4,10,6,4,1,1,1,101,2,1,19,2,2,4,79,3
11591,2021,4,10,6,20,4,3,1,101,6,1,35,6,6,8,79,3
11592,2021,4,10,6,21,4,3,1,101,18,1,30,5,5,7,79,3
11593,2021,4,10,6,10,2,1,1,114,99,2,32,5,5,7,79,3
11594,2021,4,10,6,14,3,2,1,114,99,1,27,4,4,6,79,3
11595,2021,4,10,6,15,3,2,1,114,99,1,51,9,9,11,79,3
11596,2021,4,10,6,17,3,2,5,501,99,1,36,6,6,8,79,3
11597,2021,4,10,6,16,3,2,5,514,99,1,31,5,5,7,24,3
11598,2021,4,10,6,18,4,3,5,504,99,1,31,5,5,7,79,3
11599,2021,4,10,6,6,2,1,11,1107,99,1,33,5,5,7,79,3
11600,2021,4,10,6,19,4,3,9,901,99,2,32,5,5,7,79,3
11601,2021,4,10,6,20,4,3,18,1804,99,1,28,4,4,6,79,3
11602,2021,4,10,6,10,2,1,3,301,99,1,26,4,4,6,79,3
11603,2021,4,11,7,16,3,2,1,101,8,1,20,3,3,5,79,3
11604,2021,4,11,7,0,1,1,1,101,17,1,25,4,4,6,79,3
11605,2021,4,11,7,12,3,2,1,114,99,1,26,4,4,6,79,3
11606,2021,4,11,7,21,4,3,1,115,99,1,25,4,4,6,79,3
11607,2021,4,11,7,6,2,1,5,502,99,2,25,4,4,6,79,3
11608,2021,4,11,7,21,4,3,18,1805,99,1,47,8,8,10,79,3
11609,2021,4,11,7,1,1,1,17,1703,99,2,28,4,4,6,79,3
11610,2021,4,11,7,20,4,3,4,414,99,1,24,3,3,5,79,3
11611,2021,4,12,1,17,3,2,1,101,1,1,26,4,4,6,79,3
11612,2021,4,12,1,9,2,1,1,101,9,1,25,4,4,6,79,3
11613,2021,4,12,1,5,1,1,1,101,11,1,22,3,3,5,24,3
11614,2021,4,12,1,4,1,1,1,116,99,1,38,6,6,8,24,3
11615,2021,4,12,1,19,4,3,1,114,99,2,32,5,5,7,79,3
11616,2021,4,12,1,13,3,2,1,101,19,1,31,5,5,7,79,3
11617,2021,4,12,1,23,4,3,20,2007,99,1,25,4,4,6,79,3
11618,2021,4,12,1,19,4,3,5,509,99,1,22,3,3,5,79,3
11619,2021,4,12,1,20,4,3,10,1020,99,2,35,6,6,8,24,3
11620,2021,4,12,1,14,3,2,17,1703,99,1,20,3,3,5,79,3
11621,2021,4,13,2,15,3,2,1,115,99,1,22,3,3,5,79,3
11622,2021,4,13,2,18,4,3,1,114,99,1,21,3,3,5,79,3
11623,2021,4,13,2,23,4,3,20,2007,99,2,36,6,6,8,79,3
11624,2021,4,13,2,3,1,1,18,1804,99,1,20,3,3,5,79,3
11625,2021,4,14,3,10,2,1,1,101,9,1,38,6,6,8,79,3
11626,2021,4,14,3,4,1,1,1,101,9,1,22,3,3,5,79,3
11627,2021,4,14,3,17,3,2,1,107,99,1,27,4,4,6,24,3
11628,2021,4,14,3,11,2,1,1,117,99,1,18,2,2,4,79,3
11629,2021,4,14,3,17,3,2,1,116,99,1,22,3,3,5,79,3
11630,2021,4,14,3,5,1,1,5,501,99,1,65,11,12,14,24,3
11631,2021,4,14,3,9,2,1,10,1001,99,1,17,2,2,4,24,3
11632,2021,4,14,3,23,4,3,12,1215,99,1,23,3,3,5,79,3
11633,2021,4,14,3,6,2,1,18,1804,99,1,39,6,6,8,79,3
11634,2021,4,14,3,13,3,2,18,1804,99,1,38,6,6,8,79,3
11635,2021,4,15,4,18,4,3,1,101,1,1,22,3,3,5,79,3
11636,2021,4,15,4,8,2,1,1,101,7,1,30,5,5,7,79,3
11637,2021,4,15,4,5,1,1,1,101,11,1,21,3,3,5,24,3
11638,2021,4,15,4,4,1,1,1,116,99,1,21,3,3,5,24,3
11639,2021,4,15,4,10,2,1,1,115,99,1,26,4,4,6,79,3
11640,2021,4,16,5,5,1,1,1,101,2,1,24,3,3,5,24,3
11641,2021,4,16,5,0,1,1,1,101,1,2,36,6,6,8,24,3
11642,2021,4,16,5,10,2,1,1,101,9,1,26,4,4,6,24,3
11643,2021,4,16,5,21,4,3,1,101,9,1,25,4,4,6,24,3
11644,2021,4,16,5,0,1,1,1,101,14,1,30,5,5,7,79,3
11645,2021,4,16,5,17,3,2,1,102,99,1,21,3,3,5,79,3
11646,2021,4,16,5,10,2,1,1,101,21,1,17,2,2,4,24,3
11647,2021,4,16,5,23,4,3,1,114,99,1,26,4,4,6,79,3
11648,2021,4,16,5,19,4,3,1,110,99,1,33,5,5,7,24,3
11649,2021,4,16,5,19,4,3,1,111,99,1,23,3,3,5,24,3
11650,2021,4,16,5,10,2,1,20,2001,99,2,999,12,16,18,79,3
11651,2021,4,16,5,16,3,2,5,501,99,2,21,3,3,5,24,3
11652,2021,4,16,5,12,3,2,5,501,99,1,21,3,3,5,24,3
11653,2021,4,16,5,11,2,1,5,507,99,1,41,7,7,9,24,3
11654,2021,4,17,6,20,4,3,1,102,99,1,31,5,5,7,79,3
11655,2021,4,17,6,22,4,3,1,108,99,1,42,7,7,9,24,3
11656,2021,4,17,6,13,3,2,2,201,99,2,36,6,6,8,24,3
11657,2021,4,17,6,21,4,3,4,414,99,1,22,3,3,5,24,3
11658,2021,4,18,7,18,4,3,1,101,1,1,32,5,5,7,79,3
11659,2021,4,18,7,20,4,3,1,101,1,1,24,3,3,5,79,3
11660,2021,4,18,7,10,2,1,1,101,18,2,53,9,9,11,79,3
11661,2021,4,18,7,7,2,1,1,107,99,2,35,6,6,8,79,3
11662,2021,4,18,7,4,1,1,1,101,18,1,28,4,4,6,79,3
11663,2021,4,18,7,11,2,1,1,106,99,1,31,5,5,7,79,3
11664,2021,4,18,7,9,2,1,1,101,17,1,34,5,5,7,79,3
11665,2021,4,18,7,16,3,2,1,101,11,2,45,8,8,10,79,3
11666,2021,4,18,7,10,2,1,1,114,99,2,42,7,7,9,79,3
11667,2021,4,18,7,19,4,3,1,117,99,1,36,6,6,8,79,3
11668,2021,4,18,7,0,1,1,19,1901,99,1,27,4,4,6,79,3
11669,2021,4,18,7,7,2,1,16,1601,99,1,54,9,9,11,79,3
11670,2021,4,18,7,21,4,3,2,208,99,1,20,3,3,5,79,3
11671,2021,4,18,7,14,3,2,4,413,99,1,18,2,2,4,79,3
11672,2021,4,19,1,9,2,1,1,101,9,1,60,11,11,13,79,3
11673,2021,4,19,1,18,4,3,1,101,2,1,26,4,4,6,24,3
11674,2021,4,19,1,12,3,2,1,101,10,1,49,8,8,10,79,3
11675,2021,4,19,1,21,4,3,1,101,7,1,19,2,2,4,79,3
11676,2021,4,19,1,19,4,3,1,115,99,1,25,4,4,6,24,3
11677,2021,4,19,1,16,3,2,1,108,99,1,32,5,5,7,79,3
11678,2021,4,19,1,4,1,1,5,501,99,1,28,4,4,6,24,3
11679,2021,4,19,1,17,3,2,5,502,99,1,31,5,5,7,24,3
11680,2021,4,19,1,7,2,1,6,602,99,1,21,3,3,5,79,3
11681,2021,4,20,2,18,4,3,1,107,99,1,21,3,3,5,79,3
11682,2021,4,20,2,20,4,3,1,101,17,1,24,3,3,5,79,3
11683,2021,4,20,2,5,1,1,1,101,12,1,28,4,4,6,24,3
11684,2021,4,20,2,13,3,2,1,115,99,2,29,4,4,6,79,3
11685,2021,4,20,2,16,3,2,1,115,99,1,26,4,4,6,79,3
11686,2021,4,20,2,13,3,2,22,2201,99,2,49,8,8,10,79,3
11687,2021,4,20,2,17,3,2,19,1904,99,1,20,3,3,5,24,3
11688,2021,4,20,2,5,1,1,5,506,99,1,37,6,6,8,24,3
11689,2021,4,20,2,5,1,1,5,511,99,1,29,4,4,6,79,3
11690,2021,4,20,2,15,3,2,5,506,99,1,30,5,5,7,24,3
11691,2021,4,20,2,0,1,1,5,506,99,1,23,3,3,5,24,3
11692,2021,4,20,2,12,3,2,5,506,99,1,42,7,7,9,79,3
11693,2021,4,20,3,14,3,2,18,1804,99,1,38,6,6,8,79,3
11694,2021,4,21,3,6,2,1,1,101,1,1,22,3,3,5,24,3
11695,2021,4,21,3,17,3,2,1,101,17,1,26,4,4,6,79,3
11696,2021,4,21,3,4,1,1,1,101,12,1,21,3,3,5,24,3
11697,2021,4,21,3,13,3,2,1,101,7,1,31,5,5,7,24,3
11698,2021,4,21,3,14,3,2,1,101,11,1,24,3,3,5,79,3
11699,2021,4,21,3,19,4,3,1,101,11,1,27,4,4,6,79,3
11700,2021,4,21,3,13,3,2,1,117,99,1,25,4,4,6,79,3
11701,2021,4,21,3,19,4,3,1,108,99,1,29,4,4,6,79,3
11702,2021,4,21,3,9,2,1,5,502,99,2,49,8,8,10,79,3
11703,2021,4,21,3,15,3,2,5,512,99,1,19,2,2,4,24,3
11704,2021,4,22,4,11,2,1,1,101,14,1,21,3,3,5,79,3
11705,2021,4,22,4,6,2,1,1,101,21,1,24,3,3,5,79,3
11706,2021,4,22,4,5,1,1,1,108,99,1,26,4,4,6,24,3
11707,2021,4,22,4,10,2,1,5,501,99,1,41,7,7,9,79,3
11708,2021,4,22,4,0,1,1,5,509,99,1,36,6,6,8,79,3
11709,2021,4,22,4,12,3,2,18,1802,99,1,40,7,7,9,79,3
11710,2021,4,22,4,10,2,1,4,401,99,1,35,6,6,8,79,3
11711,2021,4,22,4,11,2,1,3,301,99,1,24,3,3,5,79,3
11712,2021,4,23,5,10,2,1,1,101,9,1,27,4,4,6,79,3
11713,2021,4,23,5,22,4,3,1,101,18,1,26,4,4,6,79,3
11714,2021,4,23,5,4,1,1,1,101,12,1,32,5,5,7,24,3
11715,2021,4,23,5,20,4,3,1,110,99,2,24,3,3,5,24,3
11716,2021,4,23,5,19,4,3,5,505,99,1,26,4,4,6,24,3
11717,2021,4,23,5,10,2,1,13,1301,99,1,39,6,6,8,24,3
11718,2021,4,23,5,19,4,3,18,1804,99,1,21,3,3,5,24,3
11719,2021,4,23,5,22,4,3,18,1801,99,1,33,5,5,7,79,3
11720,2021,4,24,6,11,2,1,1,106,99,2,26,4,4,6,79,3
11721,2021,4,24,6,13,3,2,1,101,6,1,38,6,6,8,24,3
11722,2021,4,24,6,21,4,3,1,101,18,1,51,9,9,11,79,3
11723,2021,4,24,6,21,4,3,1,101,5,1,35,6,6,8,79,3
11724,2021,4,24,6,19,4,3,1,117,99,1,21,3,3,5,79,3
11725,2021,4,24,6,12,3,2,1,108,99,1,23,3,3,5,24,3
11726,2021,4,24,6,23,4,3,5,501,99,1,42,7,7,9,79,3
11727,2021,4,24,6,5,1,1,5,503,99,1,38,6,6,8,24,3
11728,2021,4,24,7,17,3,2,16,1601,99,1,39,6,6,8,79,3
11729,2021,4,25,1,18,4,3,1,101,1,1,18,2,2,4,79,3
11730,2021,4,25,1,20,4,3,1,101,1,1,30,5,5,7,79,3
11731,2021,4,25,7,16,3,2,1,107,99,1,38,6,6,8,24,3
11732,2021,4,25,7,14,3,2,1,117,99,1,28,4,4,6,79,3
11733,2021,4,25,7,15,3,2,1,108,99,1,30,5,5,7,79,3
11734,2021,4,25,7,18,4,3,22,2201,99,1,63,11,11,13,79,3
11735,2021,4,25,7,15,3,2,5,503,99,1,44,7,7,9,24,3
11736,2021,4,25,7,6,2,1,5,501,99,1,26,4,4,6,24,3
11737,2021,4,25,7,21,4,3,18,1804,99,1,19,2,2,4,24,3
11738,2021,4,25,7,19,4,3,4,414,99,1,19,2,2,4,79,3
11739,2021,4,26,1,13,3,2,1,101,21,1,25,4,4,6,79,3
11740,2021,4,26,1,0,1,1,1,101,12,1,27,4,4,6,79,3
11741,2021,4,26,1,10,2,1,1,115,99,1,21,3,3,5,24,3
11742,2021,4,26,1,19,4,3,1,116,99,1,19,2,2,4,79,3
11743,2021,4,26,1,17,3,2,22,2217,99,1,34,5,5,7,79,3
11744,2021,4,26,1,16,3,2,5,501,99,2,23,3,3,5,79,3
11745,2021,4,26,1,18,4,3,5,509,99,1,22,3,3,5,79,3
11746,2021,4,26,1,9,2,1,11,1101,99,1,31,5,5,7,79,3
11747,2021,4,26,1,15,3,2,9,901,99,1,38,6,6,8,79,3
11748,2021,4,26,1,18,4,3,17,1701,99,1,23,3,3,5,24,3
11749,2021,4,27,6,6,2,1,1,105,99,1,68,11,12,14,79,3
11750,2021,4,27,6,6,2,1,1,105,99,1,68,11,12,14,79,3
11751,2021,4,27,2,10,2,1,1,101,14,1,32,5,5,7,79,3
11752,2021,4,27,2,11,2,1,1,101,12,1,20,3,3,5,79,3
11753,2021,4,27,2,1,1,1,1,115,99,1,20,3,3,5,79,3
11754,2021,4,27,4,13,3,2,21,2101,99,1,41,7,7,9,79,3
11755,2021,4,27,2,18,4,3,11,1106,99,2,22,3,3,5,24,3
11756,2021,4,28,3,18,4,3,1,101,6,1,37,6,6,8,79,3
11757,2021,4,28,3,1,1,1,1,101,5,1,26,4,4,6,79,3
11758,2021,4,28,3,5,1,1,1,101,7,1,43,7,7,9,24,3
11759,2021,4,28,3,5,1,1,1,101,11,1,29,4,4,6,24,3
11760,2021,4,28,3,0,1,1,17,1702,99,1,28,4,4,6,24,3
11761,2021,4,28,3,20,4,3,3,310,99,1,33,5,5,7,79,3
11762,2021,4,29,4,21,4,3,1,101,3,1,25,4,4,6,79,3
11763,2021,4,29,4,19,4,3,1,101,18,1,25,4,4,6,79,3
11764,2021,4,29,4,21,4,3,1,101,6,1,22,3,3,5,79,3
11765,2021,4,29,4,10,2,1,1,101,10,1,27,4,4,6,79,3
11766,2021,4,29,4,21,4,3,22,2201,99,2,43,7,7,9,79,3
11767,2021,4,29,4,20,4,3,3,310,99,1,24,3,3,5,79,3
11768,2021,4,30,5,9,2,1,1,101,9,1,27,4,4,6,79,3
11769,2021,4,30,5,17,3,2,1,101,1,1,26,4,4,6,79,3
11770,2021,4,30,5,6,2,1,1,101,9,1,26,4,4,6,79,3
11771,2021,4,30,5,6,2,1,1,101,3,1,23,3,3,5,24,3
11772,2021,4,30,5,0,1,1,1,114,99,1,61,11,11,13,24,3
11773,2021,4,30,5,14,3,2,1,115,99,1,39,6,6,8,79,3
11774,2021,4,30,5,5,1,1,1,108,99,1,44,7,7,9,24,3
11775,2021,4,30,5,20,4,3,5,509,99,1,19,2,2,4,79,3
11776,2021,5,1,6,8,2,1,22,2207,99,1,35,6,6,8,75,3
11777,2021,5,2,7,10,2,1,2,207,99,1,43,7,7,9,75,3
11778,2021,5,2,7,22,4,3,2,206,99,1,29,4,4,6,75,3
11779,2021,5,3,1,10,2,1,5,504,99,1,40,7,7,9,75,3
11780,2021,5,4,2,23,4,3,1,101,7,1,46,8,8,10,75,3
11781,2021,5,4,2,18,4,3,20,2001,99,1,999,12,16,18,75,3
11782,2021,5,5,3,1,1,1,17,1711,99,1,25,4,4,6,75,3
11783,2021,5,5,3,1,1,1,17,1711,99,1,25,4,4,6,75,3
11784,2021,5,7,5,5,1,1,1,101,11,1,19,2,2,4,75,3
11785,2021,5,7,5,17,3,2,20,2007,99,1,46,8,8,10,75,3
11786,2021,5,8,6,17,3,2,1,115,99,1,55,10,10,12,75,3
11787,2021,5,9,7,21,4,3,5,509,99,1,33,5,5,7,75,3
11788,2021,5,10,1,17,3,2,1,113,99,1,54,9,9,11,75,3
11789,2021,5,11,2,8,2,1,5,505,99,2,52,9,9,11,75,3
11790,2021,5,13,4,11,2,1,18,1801,99,1,48,8,8,10,69,3
11791,2021,5,15,6,19,4,3,18,1805,99,1,75,11,14,16,75,3
11792,2021,5,15,6,11,2,1,5,501,99,1,42,7,7,9,75,3
11793,2021,5,17,1,13,3,2,1,108,99,1,49,8,8,10,69,3
11794,2021,5,18,2,10,2,1,1,110,99,1,999,12,16,18,75,3
11795,2021,5,19,3,10,2,1,4,401,99,1,37,6,6,8,75,3
11796,2021,5,20,4,14,3,2,1,114,99,1,66,11,12,14,75,3
11797,2021,5,20,4,14,3,2,1,114,99,1,66,11,12,14,75,3
11798,2021,5,20,4,15,3,2,1,114,99,1,28,4,4,6,75,3
11799,2021,5,21,5,17,3,2,1,101,10,1,38,6,6,8,75,3
11800,2021,5,21,5,9,2,1,5,501,99,1,66,11,12,14,69,3
11801,2021,5,21,5,17,3,2,2,203,99,1,41,7,7,9,75,3
11802,2021,5,22,6,16,3,2,5,506,99,1,52,9,9,11,75,3
11803,2021,5,23,7,17,3,2,1,116,99,1,46,8,8,10,75,3
11804,2021,5,24,1,14,3,2,1,110,99,1,34,5,5,7,75,3
11805,2021,5,24,1,14,3,2,1,110,99,1,34,5,5,7,75,3
11806,2021,5,24,1,19,4,3,1,116,99,1,29,4,4,6,75,3
11807,2021,5,25,2,23,4,3,1,115,99,1,32,5,5,7,75,3
11808,2021,5,27,4,9,2,1,10,1018,99,1,36,6,6,8,75,3
11809,2021,5,28,5,20,4,3,1,101,11,1,32,5,5,7,75,3
11810,2021,5,29,6,11,2,1,1,101,10,1,31,5,5,7,69,3
11811,2021,5,29,6,5,1,1,1,103,99,1,40,7,7,9,69,3
11812,2021,5,29,6,15,3,2,1,101,15,1,45,8,8,10,75,3
11813,2021,5,29,6,20,4,3,10,1010,99,1,32,5,5,7,69,3
11814,2021,5,30,7,10,2,1,1,101,11,1,60,11,11,13,69,3
11815,2021,5,31,1,7,2,1,1,101,9,1,26,4,4,6,69,3
11816,2021,5,1,6,15,3,2,15,1503,99,2,18,2,2,4,20,3
11817,2021,5,1,6,17,3,2,22,2207,99,1,35,6,6,8,19,3
11818,2021,5,2,7,5,1,1,1,101,2,1,29,4,4,6,20,3
11819,2021,5,2,7,22,4,3,1,101,1,1,44,7,7,9,19,3
11820,2021,5,2,7,6,2,1,1,101,6,1,35,6,6,8,20,3
11821,2021,5,2,7,15,3,2,1,101,10,1,999,12,16,18,20,3
11822,2021,5,2,7,22,4,3,2,206,99,1,29,4,4,6,81,3
11823,2021,5,2,7,22,4,3,7,702,99,2,77,11,14,16,19,3
11824,2021,5,3,1,21,4,3,1,101,7,1,35,6,6,8,20,3
11825,2021,5,3,1,19,4,3,13,1312,99,2,36,6,6,8,19,3
11826,2021,5,4,2,12,3,2,1,101,4,2,999,12,16,18,20,3
11827,2021,5,4,2,4,1,1,1,108,99,1,57,10,10,12,20,3
11828,2021,5,4,2,5,1,1,5,501,99,2,999,12,16,18,19,3
11829,2021,5,4,2,12,3,2,12,1212,99,1,30,5,5,7,20,3
11830,2021,5,5,3,15,3,2,1,101,17,1,32,5,5,7,20,3
11831,2021,5,5,3,12,3,2,1,108,99,1,47,8,8,10,20,3
11832,2021,5,5,3,8,2,1,5,501,99,2,63,11,11,13,19,3
11833,2021,5,5,3,10,2,1,6,604,99,2,29,4,4,6,20,3
11834,2021,5,5,3,17,3,2,15,1503,99,1,21,3,3,5,20,3
11835,2021,5,6,4,11,2,1,1,114,99,1,41,7,7,9,32,3
11836,2021,5,7,5,17,3,2,20,2007,99,1,46,8,8,10,81,3
11837,2021,5,7,5,0,1,1,9,901,99,1,999,12,16,18,21,3
11838,2021,5,7,5,9,2,1,3,301,99,1,42,7,7,9,21,3
11839,2021,5,8,6,7,2,1,22,2202,99,1,29,4,4,6,21,3
11840,2021,5,8,6,14,3,2,16,1601,99,1,999,12,16,18,21,3
11841,2021,5,8,6,3,1,1,7,710,99,2,999,12,16,18,81,3
11842,2021,5,8,6,18,4,3,3,301,99,1,999,12,16,18,21,3
11843,2021,5,9,7,4,1,1,1,101,5,1,999,12,16,18,21,3
11844,2021,5,9,7,21,4,3,5,509,99,1,33,5,5,7,81,3
11845,2021,5,10,1,15,3,2,1,108,99,1,999,12,16,18,20,3
11846,2021,5,11,2,6,2,1,1,101,1,2,24,3,3,5,20,3
11847,2021,5,11,2,21,4,3,1,101,7,1,999,12,16,18,21,3
11848,2021,5,11,2,18,4,3,1,108,99,2,68,11,12,14,21,3
11849,2021,5,11,2,8,2,1,19,1902,99,1,71,11,13,15,35,3
11850,2021,5,11,2,7,2,1,8,802,99,1,33,5,5,7,21,3
11851,2021,5,11,2,16,3,2,16,1612,99,1,29,4,4,6,20,3
11852,2021,5,12,3,16,3,2,1,101,6,2,36,6,6,8,19,3
11853,2021,5,12,3,4,1,1,1,101,10,1,33,5,5,7,20,3
11854,2021,5,12,3,16,3,2,5,504,99,1,56,10,10,12,81,3
11855,2021,5,12,3,5,1,1,12,1201,99,1,25,4,4,6,20,3
11856,2021,5,12,3,12,3,2,13,1306,99,2,999,12,16,18,21,3
11857,2021,5,12,3,11,2,1,16,1616,99,1,65,11,12,14,20,3
11858,2021,5,13,4,9,2,1,1,101,4,1,26,4,4,6,20,3
11859,2021,5,14,5,14,3,2,1,113,99,2,39,6,6,8,19,3
11860,2021,5,14,5,12,3,2,1,115,99,1,999,12,16,18,32,3
11861,2021,5,14,5,15,3,2,1,115,99,2,47,8,8,10,20,3
11862,2021,5,14,5,23,4,3,1,115,99,1,38,6,6,8,81,3
11863,2021,5,14,5,21,4,3,16,1609,99,1,999,12,16,18,19,3
11864,2021,5,15,6,5,1,1,13,1323,99,2,25,4,4,6,19,3
11865,2021,5,15,6,19,4,3,18,1803,99,1,42,7,7,9,19,3
11866,2021,5,15,6,19,4,3,18,1805,99,1,75,11,14,16,81,3
11867,2021,5,15,6,13,3,2,19,1901,99,2,46,8,8,10,19,3
11868,2021,5,15,6,18,4,3,9,901,99,2,51,9,9,11,19,3
11869,2021,5,16,7,19,4,3,1,117,99,1,29,4,4,6,81,3
11870,2021,5,16,7,6,2,1,1,111,99,1,26,4,4,6,20,3
11871,2021,5,16,7,10,2,1,1,108,99,1,26,4,4,6,20,3
11872,2021,5,16,7,20,4,3,21,2101,99,1,24,3,3,5,20,3
11873,2021,5,16,7,19,4,3,12,1201,99,1,33,5,5,7,20,3
11874,2021,5,16,7,0,1,1,18,1803,99,1,999,12,16,18,20,3
11875,2021,5,17,1,10,2,1,1,101,1,2,27,4,4,6,20,3
11876,2021,5,17,1,14,3,2,1,105,99,2,49,8,8,10,19,3
11877,2021,5,17,1,12,3,2,1,101,21,2,47,8,8,10,35,3
11878,2021,5,17,1,20,4,3,1,115,99,1,31,5,5,7,19,3
11879,2021,5,17,1,13,3,2,21,2101,99,1,999,12,16,18,20,3
11880,2021,5,17,1,19,4,3,10,1010,99,1,56,10,10,12,19,3
11881,2021,5,17,1,0,1,1,11,1106,99,1,37,6,6,8,19,3
11882,2021,5,19,3,7,2,1,1,115,99,1,19,2,2,4,32,3
11883,2021,5,19,3,17,3,2,21,2101,99,1,22,3,3,5,20,3
11884,2021,5,19,3,7,2,1,4,406,99,1,40,7,7,9,20,3
11885,2021,5,20,4,4,1,1,16,1610,99,2,48,8,8,10,81,3
11886,2021,5,20,4,17,3,2,3,313,99,1,999,12,16,18,20,3
11887,2021,5,21,5,2,1,1,16,1613,99,1,999,12,16,18,20,3
11888,2021,5,22,6,17,3,2,12,1222,99,1,58,10,10,12,20,3
11889,2021,5,22,6,16,3,2,16,1601,99,1,999,12,16,18,20,3
11890,2021,5,22,6,16,3,2,16,1601,99,2,999,12,16,18,21,3
11891,2021,5,23,7,15,3,2,1,101,4,2,999,12,16,18,20,3
11892,2021,5,23,7,17,3,2,1,116,99,1,46,8,8,10,81,3
11893,2021,5,23,7,13,3,2,17,1712,99,1,999,12,16,18,21,3
11894,2021,5,23,7,20,4,3,4,414,99,1,26,4,4,6,20,3
11895,2021,5,24,1,11,2,1,1,108,99,1,30,5,5,7,20,3
11896,2021,5,24,1,14,3,2,1,110,99,1,34,5,5,7,19,3
11897,2021,5,24,1,15,3,2,9,901,99,1,29,4,4,6,21,3
11898,2021,5,24,1,18,4,3,16,1609,99,2,23,3,3,5,81,3
11899,2021,5,24,1,22,4,3,17,1709,99,1,31,5,5,7,19,3
11900,2021,5,24,1,21,4,3,14,1401,99,1,999,12,16,18,21,3
11901,2021,5,25,2,10,2,1,1,101,13,1,45,8,8,10,81,3
11902,2021,5,25,2,15,3,2,12,1224,99,1,999,12,16,18,78,3
11903,2021,5,26,3,2,1,1,1,108,99,1,999,12,16,18,19,3
11904,2021,5,27,4,8,2,1,1,114,99,2,36,6,6,8,81,3
11905,2021,5,27,4,9,2,1,10,1018,99,1,36,6,6,8,21,3
11906,2021,5,27,4,5,1,1,16,1609,99,2,999,12,16,18,19,3
11907,2021,5,27,4,12,3,2,17,1709,99,2,999,12,16,18,20,3
11908,2021,5,28,5,19,4,3,1,101,1,1,50,9,9,11,81,3
11909,2021,5,28,5,13,3,2,16,1601,99,1,999,12,16,18,81,3
11910,2021,5,29,6,17,3,2,1,115,99,1,28,4,4,6,21,3
11911,2021,5,29,6,7,2,1,1,110,99,1,40,7,7,9,81,3
11912,2021,5,30,7,14,3,2,15,1508,99,1,34,5,5,7,19,3
11913,2021,5,31,1,19,4,3,1,101,7,1,26,4,4,6,21,3
11914,2021,5,31,1,4,1,1,1,116,99,1,19,2,2,4,81,3
11915,2021,5,31,1,18,4,3,1,115,99,2,33,5,5,7,20,3
11916,2021,5,31,1,17,3,2,16,1611,99,1,37,6,6,8,81,3
11917,2021,5,31,1,5,1,1,14,1401,99,1,36,6,6,8,21,3
11918,2021,5,1,6,15,3,2,7,713,99,2,21,3,3,5,30,3
11919,2021,5,1,6,17,3,2,11,1101,99,2,33,5,5,7,30,3
11920,2021,5,2,7,10,2,1,9,917,99,1,55,10,10,12,30,3
11921,2021,5,2,7,20,4,3,1,101,19,1,21,3,3,5,30,3
11922,2021,5,2,7,10,2,1,5,511,99,1,25,4,4,6,30,3
11923,2021,5,3,1,16,3,2,1,101,18,1,23,3,3,5,30,3
11924,2021,5,4,2,2,1,1,1,101,7,1,999,12,16,18,30,3
11925,2021,5,4,2,21,4,3,1,108,99,2,31,5,5,7,30,3
11926,2021,5,4,2,20,4,3,5,501,99,2,21,3,3,5,30,3
11927,2021,5,5,3,15,3,2,1,101,11,1,30,5,5,7,30,3
11928,2021,5,6,4,12,3,2,1,101,10,1,35,6,6,8,30,3
11929,2021,5,7,5,17,3,2,1,101,1,2,45,8,8,10,30,3
11930,2021,5,7,5,16,3,2,1,101,7,1,21,3,3,5,30,3
11931,2021,5,8,6,11,2,1,1,101,1,2,26,4,4,6,30,3
11932,2021,5,9,7,5,1,1,1,114,99,2,39,6,6,8,30,3
11933,2021,5,9,7,17,3,2,21,2101,99,2,32,5,5,7,30,3
11934,2021,5,9,7,12,3,2,20,2007,99,2,22,3,3,5,30,3
11935,2021,5,10,1,11,2,1,1,101,10,2,36,6,6,8,30,3
11936,2021,5,10,1,13,3,2,1,116,99,2,24,3,3,5,30,3
11937,2021,5,10,1,1,1,1,5,502,99,1,23,3,3,5,30,3
11938,2021,5,11,2,19,4,3,1,101,1,1,22,3,3,5,30,3
11939,2021,5,11,2,19,4,3,1,101,11,1,999,12,16,18,30,3
11940,2021,5,11,2,11,2,1,9,903,99,2,999,12,16,18,30,3
11941,2021,5,13,4,21,4,3,1,101,18,1,28,4,4,6,30,3
11942,2021,5,13,4,7,2,1,1,108,99,1,68,11,12,14,30,3
11943,2021,5,13,4,12,3,2,5,511,99,2,13,1,1,3,30,3
11944,2021,5,13,4,21,4,3,5,503,99,1,30,5,5,7,30,3
11945,2021,5,14,5,6,2,1,1,101,18,1,21,3,3,5,30,3
11946,2021,5,14,5,11,2,1,16,1609,99,2,35,6,6,8,30,3
11947,2021,5,14,5,23,4,3,11,1102,99,1,999,12,16,18,30,3
11948,2021,5,15,6,14,3,2,1,101,3,1,24,3,3,5,30,3
11949,2021,5,15,6,19,4,3,1,102,99,1,15,2,2,4,30,3
11950,2021,5,15,6,17,3,2,19,1905,99,1,20,3,3,5,30,3
11951,2021,5,15,6,10,2,1,5,507,99,1,43,7,7,9,30,3
11952,2021,5,15,6,11,2,1,12,1215,99,2,22,3,3,5,30,3
11953,2021,5,15,6,20,4,3,17,1701,99,2,24,3,3,5,30,3
11954,2021,5,16,7,8,2,1,1,101,12,1,999,12,16,18,30,3
11955,2021,5,16,7,12,3,2,5,501,99,2,27,4,4,6,30,3
11956,2021,5,16,7,18,4,3,6,613,99,2,40,7,7,9,30,3
11957,2021,5,17,1,13,3,2,1,101,12,2,23,3,3,5,30,3
11958,2021,5,17,1,13,3,2,1,108,99,1,49,8,8,10,30,3
11959,2021,5,17,1,14,3,2,16,1610,99,1,999,12,16,18,30,3
11960,2021,5,17,1,21,4,3,18,1801,99,2,19,2,2,4,30,3
11961,2021,5,17,1,14,3,2,16,1610,99,1,36,6,6,8,30,3
11962,2021,5,18,2,22,4,3,10,1004,99,1,15,2,2,4,30,3
11963,2021,5,18,2,14,3,2,7,716,99,1,49,8,8,10,30,3
11964,2021,5,19,3,7,2,1,1,106,99,2,24,3,3,5,30,3
11965,2021,5,19,3,7,2,1,22,2201,99,2,22,3,3,5,30,3
11966,2021,5,19,3,15,3,2,12,1215,99,2,999,12,16,18,30,3
11967,2021,5,20,4,10,2,1,5,501,99,1,999,12,16,18,30,3
11968,2021,5,20,4,12,3,2,13,1301,99,1,18,2,2,4,30,3
11969,2021,5,21,5,15,3,2,22,2201,99,1,17,2,2,4,30,3
11970,2021,5,22,6,10,2,1,17,1701,99,1,55,10,10,12,30,3
11971,2021,5,22,6,9,2,1,3,301,99,2,15,2,2,4,80,3
11972,2021,5,23,7,16,3,2,1,106,99,2,29,4,4,6,80,3
11973,2021,5,24,1,10,2,1,1,101,1,2,25,4,4,6,80,3
11974,2021,5,24,1,17,3,2,13,1301,99,1,22,3,3,5,30,3
11975,2021,5,25,2,16,3,2,9,901,99,1,999,12,16,18,30,3
11976,2021,5,26,3,9,2,1,1,115,99,1,26,4,4,6,30,3
11977,2021,5,26,3,15,3,2,22,2201,99,2,999,12,16,18,30,3
11978,2021,5,26,3,16,3,2,5,508,99,2,30,5,5,7,30,3
11979,2021,5,26,3,22,4,3,11,1102,99,2,55,10,10,12,30,3
11980,2021,5,28,5,18,4,3,1,115,99,2,18,2,2,4,30,3
11981,2021,5,28,5,20,4,3,18,1804,99,1,42,7,7,9,30,3
11982,2021,5,29,6,14,3,2,22,2201,99,2,52,9,9,11,30,3
11983,2021,5,29,6,10,2,1,6,601,99,2,21,3,3,5,80,3
11984,2021,5,30,7,15,3,2,22,2201,99,1,19,2,2,4,30,3
11985,2021,5,31,1,14,3,2,1,101,9,2,27,4,4,6,30,3
11986,2021,5,31,1,10,2,1,1,108,99,2,999,12,16,18,30,3
11987,2021,5,31,1,21,4,3,1,101,14,2,27,4,4,6,30,3
11988,2021,5,31,1,7,2,1,5,509,99,2,999,12,16,18,30,3
11989,2021,5,1,6,16,3,2,1,116,99,2,16,2,2,4,71,5
11990,2021,5,1,6,15,3,2,1,117,99,2,15,2,2,4,71,5
11991,2021,5,1,6,16,3,2,1,116,99,2,17,2,2,4,71,5
11992,2021,5,1,6,18,4,3,1,108,99,1,48,8,8,10,71,5
11993,2021,5,1,6,6,2,1,20,2001,99,2,14,1,1,3,71,5
11994,2021,5,1,6,13,3,2,5,511,99,1,40,7,7,9,71,5
11995,2021,5,1,6,19,4,3,10,1017,99,1,52,9,9,11,71,5
11996,2021,5,1,6,22,4,3,2,207,99,2,22,3,3,5,71,5
11997,2021,5,1,6,14,3,2,17,1705,99,2,14,1,1,3,71,5
11998,2021,5,1,6,7,2,1,17,1709,99,2,12,1,1,3,71,5
11999,2021,5,1,6,21,4,3,14,1417,99,1,47,8,8,10,71,5
12000,2021,5,2,7,10,2,1,1,101,15,1,39,6,6,8,71,5
12001,2021,5,2,7,18,4,3,1,101,21,2,19,2,2,4,71,5
12002,2021,5,2,7,18,4,3,1,101,21,2,3,1,1,1,71,5
12003,2021,5,2,7,18,4,3,1,101,21,2,2,1,1,1,71,5
12004,2021,5,2,7,18,4,3,1,101,21,2,0,1,1,1,71,5
12005,2021,5,2,7,22,4,3,1,116,99,2,999,12,16,18,71,5
12006,2021,5,2,7,22,4,3,1,116,99,1,999,12,16,18,71,5
12007,2021,5,2,7,10,2,1,1,108,99,1,23,3,3,5,71,5
12008,2021,5,2,7,10,2,1,2,205,99,2,35,6,6,8,71,5
12009,2021,5,2,7,10,2,1,2,205,99,2,3,1,1,1,71,5
12010,2021,5,2,7,11,2,1,4,401,99,1,17,2,2,4,71,5
12011,2021,5,3,1,9,2,1,20,2002,99,1,999,12,16,18,71,5
12012,2021,5,3,1,9,2,1,20,2002,99,1,999,12,16,18,71,5
12013,2021,5,3,1,20,4,3,20,2001,99,2,33,5,5,7,71,5
12014,2021,5,3,1,16,3,2,5,505,99,2,15,2,2,4,71,5
12015,2021,5,3,1,17,3,2,11,1106,99,1,13,1,1,3,71,5
12016,2021,5,3,1,16,3,2,12,1215,99,2,15,2,2,4,71,5
12017,2021,5,3,1,17,3,2,12,1210,99,2,13,1,1,3,71,5
12018,2021,5,3,1,11,2,1,15,1501,99,1,16,2,2,4,71,5
12019,2021,5,3,1,19,4,3,2,201,99,2,15,2,2,4,71,5
12020,2021,5,3,1,13,3,2,17,1708,99,1,11,1,1,3,71,5
12021,2021,5,3,1,6,2,1,3,301,99,2,17,2,2,4,71,5
12022,2021,5,4,2,10,2,1,1,115,99,2,17,2,2,4,71,5
12023,2021,5,4,2,9,2,1,1,108,99,2,29,4,4,6,71,5
12024,2021,5,4,2,15,3,2,1,110,99,1,19,2,2,4,71,5
12025,2021,5,4,2,7,2,1,5,502,99,2,16,2,2,4,71,5
12026,2021,5,4,2,5,1,1,5,502,99,1,17,2,2,4,71,5
12027,2021,5,4,2,20,4,3,2,207,99,2,14,1,1,3,71,5
12028,2021,5,5,3,13,3,2,1,101,18,2,13,1,1,3,71,5
12029,2021,5,5,3,8,2,1,1,101,12,1,43,7,7,9,71,5
12030,2021,5,5,3,16,3,2,1,108,99,1,41,7,7,9,71,5
12031,2021,5,5,3,16,3,2,1,110,99,2,17,2,2,4,71,5
12032,2021,5,5,3,12,3,2,5,501,99,2,20,3,3,5,71,5
12033,2021,5,5,3,19,4,3,6,608,99,2,12,1,1,3,71,5
12034,2021,5,5,3,11,2,1,2,205,99,1,12,1,1,3,71,5
12035,2021,5,5,3,20,4,3,14,1413,99,1,12,1,1,3,71,5
12036,2021,5,6,4,7,2,1,1,117,99,2,58,10,10,12,71,5
12037,2021,5,6,4,21,4,3,1,110,99,2,13,1,1,3,71,5
12038,2021,5,6,4,19,4,3,1,109,99,2,24,3,3,5,71,5
12039,2021,5,6,4,9,2,1,4,401,99,1,82,11,15,17,71,5
12040,2021,5,7,5,10,2,1,5,507,99,2,18,2,2,4,71,5
12041,2021,5,7,5,13,3,2,11,1101,99,2,27,4,4,6,71,5
12042,2021,5,7,5,8,2,1,14,1420,99,1,3,1,1,1,71,5
12043,2021,5,8,6,0,1,1,1,106,99,2,13,1,1,3,71,5
12044,2021,5,8,6,19,4,3,6,602,99,2,19,2,2,4,71,5
12045,2021,5,8,6,6,2,1,22,2213,99,2,14,1,1,3,71,5
12046,2021,5,8,6,13,3,2,1,108,99,1,26,4,4,6,71,5
12047,2021,5,9,7,12,3,2,1,101,7,1,15,2,2,4,71,5
12048,2021,5,9,7,5,1,1,1,114,99,1,48,8,8,10,71,5
12049,2021,5,9,7,21,4,3,1,115,99,1,17,2,2,4,71,5
12050,2021,5,9,7,22,4,3,1,115,99,2,17,2,2,4,71,5
12051,2021,5,9,7,13,3,2,1,108,99,2,14,1,1,3,71,5
12052,2021,5,9,7,12,3,2,1,108,99,2,13,1,1,3,71,5
12053,2021,5,9,7,3,1,1,22,2212,99,2,15,2,2,4,71,5
12054,2021,5,9,7,17,3,2,6,609,99,2,23,3,3,5,71,5
12055,2021,5,9,7,16,3,2,12,1202,99,2,17,2,2,4,71,5
12056,2021,5,9,7,7,2,1,18,1805,99,2,14,1,1,3,71,5
12057,2021,5,9,7,14,3,2,18,1805,99,2,14,1,1,3,71,5
12058,2021,5,9,7,20,4,3,18,1803,99,1,19,2,2,4,71,5
12059,2021,5,10,1,8,2,1,1,113,99,2,18,2,2,4,71,5
12060,2021,5,10,1,8,2,1,1,113,99,2,18,2,2,4,71,5
12061,2021,5,10,1,17,3,2,1,114,99,2,15,2,2,4,71,5
12062,2021,5,10,1,13,3,2,1,108,99,2,35,6,6,8,71,5
12063,2021,5,10,1,16,3,2,16,1601,99,2,8,1,1,2,71,5
12064,2021,5,10,1,5,1,1,22,2201,99,2,16,2,2,4,71,5
12065,2021,5,10,1,5,1,1,22,2201,99,1,0,1,1,1,71,5
12066,2021,5,11,2,18,4,3,1,101,18,2,15,2,2,4,71,5
12067,2021,5,11,2,16,3,2,1,108,99,1,16,2,2,4,71,5
12068,2021,5,11,2,20,4,3,11,1108,99,2,16,2,2,4,71,5
12069,2021,5,11,2,5,1,1,2,208,99,2,20,3,3,5,71,5
12070,2021,5,12,3,5,1,1,1,110,99,1,22,3,3,5,71,5
12071,2021,5,12,3,14,3,2,2,201,99,1,49,8,8,10,71,5
12072,2021,5,12,3,22,4,3,18,1801,99,2,16,2,2,4,71,5
12073,2021,5,12,3,9,2,1,17,1701,99,1,17,2,2,4,71,5
12074,2021,5,12,3,8,2,1,14,1412,99,2,16,2,2,4,71,5
12075,2021,5,12,3,17,3,2,14,1409,99,2,22,3,3,5,71,5
12076,2021,5,12,3,17,3,2,14,1409,99,2,5,1,1,2,71,5
12077,2021,5,12,3,17,3,2,14,1409,99,1,5,1,1,2,71,5
12078,2021,5,12,3,11,2,1,4,413,99,2,14,1,1,3,71,5
12079,2021,5,13,4,12,3,2,1,102,99,2,15,2,2,4,71,5
12080,2021,5,13,4,16,3,2,1,116,99,2,15,2,2,4,71,5
12081,2021,5,13,4,8,2,1,1,110,99,1,35,6,6,8,71,5
12082,2021,5,14,5,8,2,1,1,101,7,2,21,3,3,5,71,5
12083,2021,5,14,5,15,3,2,1,115,99,2,15,2,2,4,71,5
12084,2021,5,14,5,10,2,1,1,114,99,1,14,1,1,3,71,5
12085,2021,5,14,5,20,4,3,1,117,99,2,39,6,6,8,71,5
12086,2021,5,14,5,20,4,3,1,117,99,1,5,1,1,2,71,5
12087,2021,5,14,5,14,3,2,1,115,99,2,14,1,1,3,71,5
12088,2021,5,14,5,0,1,1,5,511,99,2,18,2,2,4,71,5
12089,2021,5,14,5,10,2,1,10,1015,99,1,76,11,14,16,71,5
12090,2021,5,14,5,11,2,1,4,406,99,2,33,5,5,7,71,5
12091,2021,5,14,5,11,2,1,4,406,99,1,4,1,1,1,71,5
12092,2021,5,15,6,12,3,2,1,113,99,1,74,11,13,15,71,5
12093,2021,5,15,6,10,2,1,1,101,7,2,16,2,2,4,71,5
12094,2021,5,15,6,22,4,3,1,110,99,1,21,3,3,5,71,5
12095,2021,5,15,6,11,2,1,10,1001,99,2,15,2,2,4,71,5
12096,2021,5,15,6,8,2,1,13,1301,99,1,13,1,1,3,71,5
12097,2021,5,15,6,10,2,1,17,1701,99,1,29,4,4,6,71,5
12098,2021,5,16,7,21,4,3,1,101,7,2,7,1,1,2,71,5
12099,2021,5,16,7,16,3,2,1,115,99,2,14,1,1,3,71,5
12100,2021,5,16,7,13,3,2,1,110,99,2,15,2,2,4,71,5
12101,2021,5,16,7,13,3,2,1,108,99,2,26,4,4,6,71,5
12102,2021,5,16,7,10,2,1,20,2007,99,1,17,2,2,4,71,5
12103,2021,5,16,7,6,2,1,20,2004,99,2,26,4,4,6,71,5
12104,2021,5,16,7,15,3,2,20,2011,99,2,25,4,4,6,71,5
12105,2021,5,16,7,15,3,2,20,2011,99,2,6,1,1,2,71,5
12106,2021,5,16,7,21,4,3,19,1904,99,2,32,5,5,7,71,5
12107,2021,5,16,7,21,4,3,19,1904,99,2,12,1,1,3,71,5
12108,2021,5,16,7,21,4,3,19,1904,99,1,4,1,1,1,71,5
12109,2021,5,16,7,22,4,3,16,1601,99,2,16,2,2,4,71,5
12110,2021,5,16,7,5,1,1,15,1501,99,2,999,12,16,18,71,5
12111,2021,5,17,1,17,3,2,1,101,1,1,999,12,16,18,71,5
12112,2021,5,17,1,9,2,1,1,115,99,2,16,2,2,4,71,5
12113,2021,5,17,1,15,3,2,22,2201,99,2,16,2,2,4,71,5
12114,2021,5,17,1,6,2,1,22,2201,99,2,52,9,9,11,71,5
12115,2021,5,17,1,7,2,1,5,502,99,2,71,11,13,15,71,5
12116,2021,5,17,1,11,2,1,7,710,99,2,19,2,2,4,71,5
12117,2021,5,17,1,18,4,3,4,401,99,1,39,6,6,8,71,5
12118,2021,5,18,2,17,3,2,1,101,12,2,13,1,1,3,71,5
12119,2021,5,18,2,17,3,2,1,101,21,2,13,1,1,3,71,5
12120,2021,5,18,2,16,3,2,1,115,99,2,20,3,3,5,71,5
12121,2021,5,18,2,19,4,3,1,117,99,1,33,5,5,7,71,5
12122,2021,5,18,2,22,4,3,1,110,99,1,2,1,1,1,71,5
12123,2021,5,18,2,13,3,2,11,1101,99,2,14,1,1,3,71,5
12124,2021,5,18,2,0,1,1,16,1610,99,1,17,2,2,4,71,5
12125,2021,5,18,2,18,4,3,16,1601,99,2,16,2,2,4,71,5
12126,2021,5,18,2,11,2,1,15,1501,99,1,11,1,1,3,71,5
12127,2021,5,18,2,11,2,1,7,710,99,2,19,2,2,4,71,5
12128,2021,5,18,2,9,2,1,3,304,99,1,14,1,1,3,71,5
12129,2021,5,19,3,13,3,2,1,114,99,2,8,1,1,2,71,5
12130,2021,5,19,3,9,2,1,1,108,99,1,72,11,13,15,71,5
12131,2021,5,19,3,20,4,3,1,108,99,2,14,1,1,3,71,5
12132,2021,5,19,3,7,2,1,20,2009,99,2,14,1,1,3,71,5
12133,2021,5,19,3,21,4,3,5,511,99,1,14,1,1,3,71,5
12134,2021,5,19,3,19,4,3,5,511,99,2,18,2,2,4,71,5
12135,2021,5,20,4,8,2,1,14,1420,99,2,16,2,2,4,71,5
12136,2021,5,20,4,18,4,3,18,1801,99,2,35,6,6,8,71,5
12137,2021,5,20,4,18,4,3,18,1801,99,2,6,1,1,2,71,5
12138,2021,5,20,4,18,4,3,18,1801,99,2,1,1,1,1,71,5
12139,2021,5,20,4,0,1,1,1,101,21,1,12,1,1,3,71,5
12140,2021,5,20,4,9,2,1,1,108,99,1,22,3,3,5,71,5
12141,2021,5,21,5,19,4,3,1,106,99,2,27,4,4,6,71,5
12142,2021,5,21,5,19,4,3,1,106,99,2,15,2,2,4,71,5
12143,2021,5,21,5,19,4,3,1,106,99,1,8,1,1,2,71,5
12144,2021,5,21,5,19,4,3,1,106,99,2,7,1,1,2,71,5
12145,2021,5,21,5,19,4,3,1,106,99,2,1,1,1,1,71,5
12146,2021,5,21,5,18,4,3,1,101,13,2,15,2,2,4,71,5
12147,2021,5,21,5,20,4,3,1,109,99,2,8,1,1,2,71,5
12148,2021,5,21,5,20,4,3,1,109,99,2,4,1,1,1,71,5
12149,2021,5,21,5,17,3,2,5,505,99,2,17,2,2,4,71,5
12150,2021,5,21,5,16,3,2,11,1101,99,1,17,2,2,4,71,5
12151,2021,5,21,5,11,2,1,16,1601,99,2,17,2,2,4,71,5
12152,2021,5,21,5,19,4,3,4,401,99,1,41,7,7,9,71,5
12153,2021,5,22,6,10,2,1,1,106,99,2,25,4,4,6,71,5
12154,2021,5,22,6,10,2,1,1,106,99,1,10,1,1,3,71,5
12155,2021,5,22,6,10,2,1,1,106,99,2,3,1,1,1,71,5
12156,2021,5,22,6,13,3,2,1,101,18,2,14,1,1,3,71,5
12157,2021,5,22,6,12,3,2,1,110,99,1,13,1,1,3,71,5
12158,2021,5,22,6,10,2,1,1,109,99,2,40,7,7,9,71,5
12159,2021,5,22,6,10,2,1,1,109,99,2,16,2,2,4,71,5
12160,2021,5,22,6,15,3,2,1,108,99,1,57,10,10,12,71,5
12161,2021,5,22,6,17,3,2,22,2214,99,1,15,2,2,4,71,5
12162,2021,5,22,6,9,2,1,5,502,99,1,16,2,2,4,71,5
12163,2021,5,22,6,10,2,1,5,501,99,1,63,11,11,13,71,5
12164,2021,5,23,7,17,3,2,12,1213,99,1,13,1,1,3,71,5
12165,2021,5,23,7,20,4,3,1,110,99,2,26,4,4,6,71,5
12166,2021,5,23,7,20,4,3,1,110,99,2,4,1,1,1,71,5
12167,2021,5,23,7,20,4,3,1,110,99,2,2,1,1,1,71,5
12168,2021,5,24,1,11,2,1,1,115,99,1,60,11,11,13,71,5
12169,2021,5,24,1,16,3,2,1,114,99,2,15,2,2,4,71,5
12170,2021,5,24,1,9,2,1,1,108,99,1,17,2,2,4,71,5
12171,2021,5,24,1,20,4,3,1,108,99,1,38,6,6,8,71,5
12172,2021,5,24,1,17,3,2,19,1909,99,2,6,1,1,2,71,5
12173,2021,5,24,1,20,4,3,5,501,99,2,17,2,2,4,71,5
12174,2021,5,24,1,8,2,1,11,1105,99,2,28,4,4,6,71,5
12175,2021,5,24,1,15,3,2,15,1501,99,1,41,7,7,9,71,5
12176,2021,5,24,1,20,4,3,17,1709,99,2,17,2,2,4,71,5
12177,2021,5,24,1,20,4,3,17,1709,99,2,1,1,1,1,71,5
12178,2021,5,24,1,22,4,3,17,1707,99,2,17,2,2,4,71,5
12179,2021,5,24,1,18,4,3,4,401,99,1,36,6,6,8,71,5
12180,2021,5,24,1,21,4,3,4,401,99,2,16,2,2,4,71,5
12181,2021,5,25,2,14,3,2,17,1709,99,2,14,1,1,3,71,5
12182,2021,5,25,2,23,4,3,1,101,24,2,56,10,10,12,71,5
12183,2021,5,25,2,18,4,3,13,1301,99,2,17,2,2,4,71,5
12184,2021,5,25,2,8,2,1,7,711,99,1,23,3,3,5,71,5
12185,2021,5,25,2,21,4,3,4,416,99,2,15,2,2,4,71,5
12186,2021,5,26,3,7,2,1,1,113,99,1,0,1,1,1,71,5
12187,2021,5,26,3,11,2,1,1,115,99,2,14,1,1,3,71,5
12188,2021,5,26,3,17,3,2,1,114,99,1,34,5,5,7,71,5
12189,2021,5,26,3,17,3,2,1,108,99,2,13,1,1,3,71,5
12190,2021,5,26,3,21,4,3,19,1902,99,1,33,5,5,7,71,5
12191,2021,5,26,3,16,3,2,16,1601,99,2,40,7,7,9,71,5
12192,2021,5,26,3,16,3,2,16,1601,99,2,3,1,1,1,71,5
12193,2021,5,26,3,10,2,1,4,401,99,1,47,8,8,10,71,5
12194,2021,5,26,3,14,3,2,4,401,99,1,44,7,7,9,71,5
12195,2021,5,27,4,19,4,3,1,101,2,2,15,2,2,4,71,5
12196,2021,5,27,4,21,4,3,1,101,24,2,14,1,1,3,71,5
12197,2021,5,27,4,18,4,3,1,116,99,1,25,4,4,6,71,5
12198,2021,5,27,4,12,3,2,1,111,99,2,17,2,2,4,71,5
12199,2021,5,27,4,12,3,2,1,111,99,2,14,1,1,3,71,5
12200,2021,5,27,4,5,1,1,6,602,99,1,17,2,2,4,71,5
12201,2021,5,27,4,2,1,1,11,1102,99,2,14,1,1,3,71,5
12202,2021,5,27,4,12,3,2,12,1201,99,2,33,5,5,7,71,5
12203,2021,5,27,4,12,3,2,12,1201,99,1,5,1,1,2,71,5
12204,2021,5,27,4,1,1,1,17,1713,99,2,12,1,1,3,71,5
12205,2021,5,28,5,11,2,1,1,115,99,2,41,7,7,9,71,5
12206,2021,5,28,5,7,2,1,1,101,7,2,14,1,1,3,71,5
12207,2021,5,28,5,8,2,1,1,115,99,2,6,1,1,2,71,5
12208,2021,5,28,5,19,4,3,1,108,99,1,15,2,2,4,71,5
12209,2021,5,28,5,20,4,3,13,1301,99,2,16,2,2,4,71,5
12210,2021,5,28,5,20,4,3,13,1301,99,1,16,2,2,4,71,5
12211,2021,5,28,5,21,4,3,2,201,99,2,16,2,2,4,71,5
12212,2021,5,28,5,18,4,3,4,401,99,1,19,2,2,4,71,5
12213,2021,5,29,6,5,1,1,1,108,99,2,13,1,1,3,71,5
12214,2021,5,29,6,9,2,1,2,207,99,1,11,1,1,3,71,5
12215,2021,5,29,6,9,2,1,2,207,99,2,14,1,1,3,71,5
12216,2021,5,30,7,14,3,2,1,101,21,2,14,1,1,3,71,5
12217,2021,5,30,7,15,3,2,1,108,99,2,16,2,2,4,71,5
12218,2021,5,30,7,8,2,1,9,914,99,1,13,1,1,3,71,5
12219,2021,5,30,7,16,3,2,12,1217,99,2,14,1,1,3,71,5
12220,2021,5,30,7,12,3,2,14,1412,99,2,19,2,2,4,71,5
12221,2021,5,30,7,14,3,2,4,414,99,1,14,1,1,3,71,5
12222,2021,5,30,7,6,2,1,3,301,99,2,24,3,3,5,71,5
12223,2021,5,31,1,11,2,1,1,115,99,2,15,2,2,4,71,5
12224,2021,5,31,1,23,4,3,1,108,99,2,14,1,1,3,71,5
12225,2021,5,31,1,10,2,1,11,1102,99,1,40,7,7,9,71,5
12226,2021,5,31,1,13,3,2,12,1215,99,2,13,1,1,3,71,5
12227,2021,5,31,1,14,3,2,12,1215,99,2,15,2,2,4,71,5
12228,2021,5,31,1,8,2,1,16,1602,99,2,39,6,6,8,71,5
12229,2021,5,31,1,8,2,1,16,1602,99,2,6,1,1,2,71,5
12230,2021,5,31,1,15,3,2,4,401,99,2,19,2,2,4,71,5
12231,2021,5,1,6,19,4,3,1,101,13,1,34,5,5,7,79,3
12232,2021,5,1,6,19,4,3,1,101,12,2,28,4,4,6,79,3
12233,2021,5,1,6,21,4,3,1,116,99,1,24,3,3,5,79,3
12234,2021,5,1,6,10,2,1,1,110,99,1,26,4,4,6,79,3
12235,2021,5,1,6,10,2,1,1,110,99,1,26,4,4,6,79,3
12236,2021,5,1,6,18,4,3,1,108,99,1,29,4,4,6,79,3
12237,2021,5,1,6,16,3,2,5,504,99,1,44,7,7,9,24,3
12238,2021,5,1,6,10,2,1,5,501,99,2,58,10,10,12,79,3
12239,2021,5,1,6,10,2,1,18,1801,99,1,21,3,3,5,79,3
12240,2021,5,1,6,19,4,3,18,1801,99,1,41,7,7,9,24,3
12241,2021,5,1,6,22,4,3,18,1801,99,2,38,6,6,8,79,3
12242,2021,5,1,6,15,3,2,4,401,99,1,23,3,3,5,24,3
12243,2021,5,2,7,16,3,2,1,101,12,2,23,3,3,5,79,3
12244,2021,5,2,7,3,1,1,1,114,99,2,40,7,7,9,79,3
12245,2021,5,2,7,22,4,3,1,117,99,1,35,6,6,8,79,3
12246,2021,5,2,7,14,3,2,1,111,99,1,19,2,2,4,24,3
12247,2021,5,2,7,20,4,3,19,1905,99,1,21,3,3,5,24,3
12248,2021,5,2,7,19,4,3,5,509,99,1,24,3,3,5,79,3
12249,2021,5,2,7,22,4,3,18,1804,99,2,35,6,6,8,79,3
12250,2021,5,2,7,19,4,3,17,1701,99,1,28,4,4,6,24,3
12251,2021,5,2,7,22,4,3,3,305,99,1,29,4,4,6,79,3
12252,2021,5,3,1,9,2,1,1,101,9,1,20,3,3,5,79,3
12253,2021,5,3,1,18,4,3,1,101,18,1,23,3,3,5,24,3
12254,2021,5,3,1,5,1,1,1,101,18,1,51,9,9,11,79,3
12255,2021,5,3,1,12,3,2,1,101,18,1,20,3,3,5,24,3
12256,2021,5,3,1,5,1,1,1,115,99,1,32,5,5,7,24,3
12257,2021,5,3,1,4,1,1,1,101,7,1,30,5,5,7,24,3
12258,2021,5,3,1,3,1,1,1,101,7,1,27,4,4,6,24,3
12259,2021,5,3,1,6,2,1,1,101,12,1,22,3,3,5,24,3
12260,2021,5,3,1,18,4,3,1,101,7,1,26,4,4,6,79,3
12261,2021,5,3,1,23,4,3,1,108,99,1,22,3,3,5,79,3
12262,2021,5,3,1,5,1,1,5,511,99,1,23,3,3,5,24,3
12263,2021,5,3,1,14,3,2,18,1805,99,1,16,2,2,4,79,3
12264,2021,5,3,1,11,2,1,18,1801,99,2,28,4,4,6,79,3
12265,2021,5,4,2,9,2,1,1,101,4,1,26,4,4,6,79,3
12266,2021,5,4,2,4,1,1,1,101,18,1,35,6,6,8,24,3
12267,2021,5,4,2,21,4,3,1,101,18,1,25,4,4,6,24,3
12268,2021,5,4,2,3,1,1,1,101,7,1,37,6,6,8,24,3
12269,2021,5,4,2,6,2,1,1,101,7,1,22,3,3,5,24,3
12270,2021,5,4,2,20,4,3,1,101,19,1,34,5,5,7,79,3
12271,2021,5,4,2,6,2,1,20,2001,99,2,33,5,5,7,79,3
12272,2021,5,4,2,18,4,3,4,401,99,1,24,3,3,5,79,3
12273,2021,5,5,3,18,4,3,1,101,1,1,22,3,3,5,79,3
12274,2021,5,5,3,18,4,3,1,101,18,1,29,4,4,6,79,3
12275,2021,5,5,3,13,3,2,1,101,12,1,26,4,4,6,24,3
12276,2021,5,5,3,23,4,3,1,101,7,1,25,4,4,6,79,3
12277,2021,5,5,3,5,1,1,5,501,99,1,35,6,6,8,24,3
12278,2021,5,5,3,4,1,1,5,511,99,1,32,5,5,7,24,3
12279,2021,5,5,3,20,4,3,5,502,99,1,22,3,3,5,79,3
12280,2021,5,5,3,17,3,2,5,507,99,1,59,10,10,12,79,3
12281,2021,5,5,3,12,3,2,5,513,99,1,19,2,2,4,79,3
12282,2021,5,5,3,15,3,2,5,513,99,1,64,11,11,13,79,3
12283,2021,5,5,3,11,2,1,10,1001,99,1,39,6,6,8,79,3
12284,2021,5,5,3,18,4,3,9,901,99,2,61,11,11,13,79,3
12285,2021,5,5,3,17,3,2,18,1803,99,1,40,7,7,9,24,3
12286,2021,5,5,3,15,3,2,4,409,99,1,23,3,3,5,79,3
12287,2021,5,5,3,0,1,1,4,414,99,1,24,3,3,5,79,3
12288,2021,5,6,4,3,1,1,1,101,7,1,32,5,5,7,24,3
12289,2021,5,6,4,5,1,1,1,101,12,1,22,3,3,5,24,3
12290,2021,5,6,4,20,4,3,1,108,99,1,24,3,3,5,79,3
12291,2021,5,6,4,5,1,1,1,108,99,1,28,4,4,6,24,3
12292,2021,5,6,4,4,1,1,5,513,99,1,31,5,5,7,24,3
12293,2021,5,6,4,15,3,2,5,501,99,1,65,11,12,14,79,3
12294,2021,5,6,4,8,2,1,5,513,99,1,49,8,8,10,79,3
12295,2021,5,6,4,8,2,1,5,506,99,1,28,4,4,6,24,3
12296,2021,5,6,4,20,4,3,5,501,99,2,19,2,2,4,24,3
12297,2021,5,6,4,8,2,1,18,1804,99,1,29,4,4,6,79,3
12298,2021,5,7,5,16,3,2,1,101,1,1,24,3,3,5,79,3
12299,2021,5,7,5,9,2,1,1,101,10,1,36,6,6,8,79,3
12300,2021,5,7,5,6,2,1,1,101,13,1,34,5,5,7,79,3
12301,2021,5,7,5,12,3,2,1,101,12,2,23,3,3,5,79,3
12302,2021,5,7,5,9,2,1,1,114,99,1,22,3,3,5,79,3
12303,2021,5,7,5,5,1,1,5,501,99,1,59,10,10,12,24,3
12304,2021,5,7,5,19,4,3,5,501,99,1,16,2,2,4,24,3
12305,2021,5,7,5,3,1,1,5,513,99,2,53,9,9,11,24,3
12306,2021,5,7,5,15,3,2,16,1611,99,1,20,3,3,5,79,3
12307,2021,5,7,5,21,4,3,18,1801,99,1,24,3,3,5,79,3
12308,2021,5,7,5,6,2,1,17,1709,99,2,25,4,4,6,24,3
12309,2021,5,8,6,5,1,1,1,101,4,1,21,3,3,5,24,3
12310,2021,5,8,6,23,4,3,1,106,99,1,28,4,4,6,79,3
12311,2021,5,8,6,21,4,3,1,101,25,1,24,3,3,5,79,3
12312,2021,5,8,6,6,2,1,1,101,18,1,22,3,3,5,79,3
12313,2021,5,8,6,23,4,3,1,101,6,1,23,3,3,5,24,3
12314,2021,5,8,6,5,1,1,1,101,12,1,33,5,5,7,79,3
12315,2021,5,8,6,4,1,1,1,101,12,1,22,3,3,5,24,3
12316,2021,5,8,6,8,2,1,1,115,99,1,27,4,4,6,79,3
12317,2021,5,8,6,5,1,1,1,108,99,1,20,3,3,5,79,3
12318,2021,5,8,6,6,2,1,1,108,99,1,38,6,6,8,79,3
12319,2021,5,8,6,14,3,2,20,2001,99,1,39,6,6,8,79,3
12320,2021,5,8,6,18,4,3,19,1907,99,1,33,5,5,7,79,3
12321,2021,5,8,6,4,1,1,5,505,99,1,50,9,9,11,24,3
12322,2021,5,8,6,16,3,2,5,506,99,1,31,5,5,7,24,3
12323,2021,5,8,6,19,4,3,5,513,99,1,30,5,5,7,24,3
12324,2021,5,8,6,11,2,1,5,513,99,1,51,9,9,11,24,3
12325,2021,5,8,6,4,1,1,10,1012,99,2,44,7,7,9,24,3
12326,2021,5,8,6,7,2,1,10,1001,99,1,43,7,7,9,79,3
12327,2021,5,8,6,23,4,3,18,1801,99,1,26,4,4,6,79,3
12328,2021,5,8,6,13,3,2,18,1801,99,2,52,9,9,11,79,3
12329,2021,5,8,6,4,1,1,18,1801,99,1,41,7,7,9,79,3
12330,2021,5,8,6,23,4,3,17,1703,99,1,21,3,3,5,24,3
12331,2021,5,9,7,8,2,1,1,101,17,1,23,3,3,5,79,3
12332,2021,5,9,7,9,2,1,1,101,18,2,30,5,5,7,79,3
12333,2021,5,9,7,19,4,3,19,1905,99,2,21,3,3,5,79,3
12334,2021,5,9,7,23,4,3,19,1901,99,1,20,3,3,5,79,3
12335,2021,5,9,7,10,2,1,5,506,99,1,24,3,3,5,24,3
12336,2021,5,9,7,12,3,2,5,506,99,1,39,6,6,8,24,3
12337,2021,5,9,7,15,3,2,5,507,99,1,35,6,6,8,24,3
12338,2021,5,9,7,5,1,1,5,502,99,2,33,5,5,7,79,3
12339,2021,5,9,7,10,2,1,5,501,99,1,37,6,6,8,79,3
12340,2021,5,9,7,21,4,3,18,1804,99,1,24,3,3,5,24,3
12341,2021,5,9,7,17,3,2,17,1703,99,1,24,3,3,5,24,3
12342,2021,5,10,1,5,1,1,1,101,1,1,26,4,4,6,24,3
12343,2021,5,10,1,23,4,3,1,101,3,1,26,4,4,6,24,3
12344,2021,5,10,1,10,2,1,1,101,14,1,21,3,3,5,79,3
12345,2021,5,10,1,14,3,2,1,101,7,1,30,5,5,7,79,3
12346,2021,5,10,1,7,2,1,1,101,7,1,21,3,3,5,79,3
12347,2021,5,10,1,21,4,3,1,114,99,1,30,5,5,7,79,3
12348,2021,5,10,1,6,2,1,1,108,99,1,25,4,4,6,24,3
12349,2021,5,10,1,13,3,2,5,507,99,1,25,4,4,6,24,3
12350,2021,5,10,1,15,3,2,5,509,99,1,40,7,7,9,24,3
12351,2021,5,10,1,14,3,2,17,1703,99,1,26,4,4,6,79,3
12352,2021,5,11,2,7,2,1,1,101,18,1,20,3,3,5,24,3
12353,2021,5,11,2,0,1,1,1,101,7,1,37,6,6,8,24,3
12354,2021,5,11,2,21,4,3,1,101,11,1,22,3,3,5,24,3
12355,2021,5,11,2,23,4,3,1,115,99,1,45,8,8,10,79,3
12356,2021,5,11,2,11,2,1,5,503,99,1,43,7,7,9,24,3
12357,2021,5,11,2,17,3,2,13,1301,99,1,40,7,7,9,79,3
12358,2021,5,11,2,6,2,1,15,1501,99,1,30,5,5,7,79,3
12359,2021,5,11,2,0,1,1,3,301,99,1,28,4,4,6,79,3
12360,2021,5,12,3,12,3,2,1,101,9,1,20,3,3,5,79,3
12361,2021,5,12,3,10,2,1,1,101,9,1,24,3,3,5,79,3
12362,2021,5,12,3,18,4,3,1,101,18,2,31,5,5,7,79,3
12363,2021,5,12,3,23,4,3,1,101,12,2,33,5,5,7,79,3
12364,2021,5,12,3,17,3,2,1,101,12,1,26,4,4,6,79,3
12365,2021,5,12,3,15,3,2,1,116,99,1,17,2,2,4,24,3
12366,2021,5,12,3,6,2,1,1,117,99,1,38,6,6,8,79,3
12367,2021,5,12,3,18,4,3,1,108,99,2,44,7,7,9,79,3
12368,2021,5,12,3,19,4,3,1,108,99,1,41,7,7,9,79,3
12369,2021,5,12,3,4,1,1,1,108,99,1,22,3,3,5,24,3
12370,2021,5,12,3,7,2,1,5,507,99,1,49,8,8,10,24,3
12371,2021,5,12,3,4,1,1,11,1101,99,1,30,5,5,7,79,3
12372,2021,5,12,3,0,1,1,8,801,99,1,18,2,2,4,79,3
12373,2021,5,13,4,10,2,1,1,101,9,1,49,8,8,10,79,3
12374,2021,5,13,4,5,1,1,1,101,12,1,23,3,3,5,24,3
12375,2021,5,13,4,1,1,1,1,115,99,1,34,5,5,7,79,3
12376,2021,5,13,4,18,4,3,1,101,19,1,38,6,6,8,79,3
12377,2021,5,13,4,17,3,2,20,2004,99,2,27,4,4,6,24,3
12378,2021,5,13,4,8,2,1,5,514,99,1,21,3,3,5,24,3
12379,2021,5,13,4,13,3,2,5,507,99,1,32,5,5,7,24,3
12380,2021,5,13,4,19,4,3,3,301,99,2,999,12,16,18,79,3
12381,2021,5,14,5,3,1,1,1,101,3,1,28,4,4,6,24,3
12382,2021,5,14,5,10,2,1,1,101,17,1,24,3,3,5,24,3
12383,2021,5,14,5,17,3,2,1,114,99,1,26,4,4,6,79,3
12384,2021,5,14,5,15,3,2,19,1901,99,2,42,7,7,9,79,3
12385,2021,5,14,5,7,2,1,5,506,99,1,29,4,4,6,24,3
12386,2021,5,14,5,19,4,3,10,1009,99,1,34,5,5,7,24,3
12387,2021,5,15,6,22,4,3,1,102,99,1,27,4,4,6,24,3
12388,2021,5,15,6,1,1,1,1,101,7,1,21,3,3,5,24,3
12389,2021,5,15,6,22,4,3,1,101,12,2,34,5,5,7,24,3
12390,2021,5,15,6,17,3,2,1,101,11,1,25,4,4,6,24,3
12391,2021,5,15,6,22,4,3,1,108,99,1,23,3,3,5,79,3
12392,2021,5,15,6,6,2,1,5,509,99,1,50,9,9,11,24,3
12393,2021,5,15,6,9,2,1,5,506,99,1,79,11,14,16,24,3
12394,2021,5,16,7,11,2,1,1,101,17,1,28,4,4,6,79,3
12395,2021,5,16,7,20,4,3,1,101,11,1,20,3,3,5,79,3
12396,2021,5,16,7,4,1,1,1,116,99,1,999,12,16,18,79,3
12397,2021,5,16,7,11,2,1,5,501,99,1,29,4,4,6,79,3
12398,2021,5,16,7,23,4,3,5,501,99,1,35,6,6,8,79,3
12399,2021,5,17,1,23,4,3,1,101,2,1,19,2,2,4,79,3
12400,2021,5,17,1,19,4,3,1,101,18,1,50,9,9,11,79,3
12401,2021,5,17,1,10,2,1,1,101,21,1,25,4,4,6,79,3
12402,2021,5,17,1,16,3,2,1,101,19,1,35,6,6,8,79,3
12403,2021,5,17,1,22,4,3,1,108,99,2,36,6,6,8,79,3
12404,2021,5,17,1,5,1,1,5,501,99,1,19,2,2,4,24,3
12405,2021,5,17,1,10,2,1,16,1601,99,1,42,7,7,9,79,3
12406,2021,5,17,1,19,4,3,18,1801,99,2,19,2,2,4,24,3
12407,2021,5,18,2,8,2,1,1,101,18,1,30,5,5,7,79,3
12408,2021,5,18,2,3,1,1,1,101,17,2,24,3,3,5,79,3
12409,2021,5,18,2,7,2,1,1,113,99,1,26,4,4,6,79,3
12410,2021,5,18,2,5,1,1,1,101,11,1,31,5,5,7,24,3
12411,2021,5,18,2,2,1,1,1,115,99,1,22,3,3,5,79,3
12412,2021,5,18,2,8,2,1,1,115,99,1,22,3,3,5,79,3
12413,2021,5,18,2,18,4,3,1,115,99,1,33,5,5,7,79,3
12414,2021,5,18,2,8,2,1,1,115,99,2,39,6,6,8,24,3
12415,2021,5,18,2,19,4,3,1,101,19,1,27,4,4,6,79,3
12416,2021,5,18,2,20,4,3,5,505,99,1,40,7,7,9,24,3
12417,2021,5,18,2,20,4,3,5,501,99,2,46,8,8,10,79,3
12418,2021,5,18,2,21,4,3,5,503,99,2,32,5,5,7,24,3
12419,2021,5,18,2,21,4,3,16,1609,99,1,41,7,7,9,79,3
12420,2021,5,18,2,19,4,3,4,409,99,1,17,2,2,4,79,3
12421,2021,5,19,3,21,4,3,1,101,18,1,26,4,4,6,79,3
12422,2021,5,19,3,21,4,3,1,101,18,1,30,5,5,7,79,3
12423,2021,5,19,3,1,1,1,1,101,6,2,31,5,5,7,79,3
12424,2021,5,19,3,4,1,1,1,101,11,1,20,3,3,5,24,3
12425,2021,5,19,3,19,4,3,1,115,99,1,39,6,6,8,79,3
12426,2021,5,19,3,9,2,1,1,116,99,1,24,3,3,5,79,3
12427,2021,5,19,3,20,4,3,1,108,99,1,20,3,3,5,79,3
12428,2021,5,19,3,12,3,2,19,1901,99,1,20,3,3,5,79,3
12429,2021,5,19,3,2,1,1,5,501,99,1,32,5,5,7,24,3
12430,2021,5,19,3,18,4,3,18,1804,99,1,56,10,10,12,79,3
12431,2021,5,19,3,18,4,3,4,414,99,1,29,4,4,6,79,3
12432,2021,5,19,3,9,2,1,3,301,99,2,32,5,5,7,79,3
12433,2021,5,20,4,19,4,3,1,101,11,1,33,5,5,7,24,3
12434,2021,5,20,4,11,2,1,1,108,99,1,34,5,5,7,79,3
12435,2021,5,20,4,6,2,1,1,101,19,1,27,4,4,6,79,3
12436,2021,5,20,4,20,4,3,1,110,99,1,31,5,5,7,79,3
12437,2021,5,20,4,0,1,1,19,1901,99,1,32,5,5,7,79,3
12438,2021,5,20,4,13,3,2,5,508,99,2,27,4,4,6,24,3
12439,2021,5,20,4,15,3,2,5,506,99,1,36,6,6,8,24,3
12440,2021,5,20,4,11,2,1,11,1105,99,1,30,5,5,7,79,3
12441,2021,5,20,4,11,2,1,18,1804,99,1,23,3,3,5,24,3
12442,2021,5,21,5,21,4,3,1,101,25,2,36,6,6,8,79,3
12443,2021,5,21,5,8,2,1,1,101,18,1,41,7,7,9,79,3
12444,2021,5,21,5,17,3,2,20,2001,99,1,41,7,7,9,79,3
12445,2021,5,21,5,10,2,1,5,506,99,1,58,10,10,12,79,3
12446,2021,5,21,5,20,4,3,5,507,99,1,25,4,4,6,24,3
12447,2021,5,21,5,8,2,1,11,1101,99,1,26,4,4,6,79,3
12448,2021,5,21,5,0,1,1,18,1805,99,1,35,6,6,8,79,3
12449,2021,5,22,6,12,3,2,1,101,6,1,27,4,4,6,79,3
12450,2021,5,22,6,10,2,1,1,113,99,1,21,3,3,5,79,3
12451,2021,5,22,6,19,4,3,1,101,5,1,37,6,6,8,79,3
12452,2021,5,22,6,19,4,3,1,101,13,1,32,5,5,7,79,3
12453,2021,5,22,6,20,4,3,5,501,99,1,32,5,5,7,24,3
12454,2021,5,22,6,20,4,3,18,1801,99,1,45,8,8,10,79,3
12455,2021,5,22,6,16,3,2,3,302,99,1,23,3,3,5,79,3
12456,2021,5,23,7,16,3,2,1,101,7,1,18,2,2,4,24,3
12457,2021,5,23,7,18,4,3,1,108,99,2,28,4,4,6,79,3
12458,2021,5,23,7,0,1,1,1,110,99,1,38,6,6,8,79,3
12459,2021,5,23,7,6,2,1,5,506,99,1,31,5,5,7,24,3
12460,2021,5,23,7,20,4,3,17,1709,99,1,31,5,5,7,24,3
12461,2021,5,23,7,0,1,1,3,301,99,1,29,4,4,6,79,3
12462,2021,5,24,1,11,2,1,1,101,4,1,43,7,7,9,79,3
12463,2021,5,24,1,13,3,2,1,101,10,1,24,3,3,5,79,3
12464,2021,5,24,1,0,1,1,1,101,10,1,32,5,5,7,79,3
12465,2021,5,24,1,16,3,2,1,101,10,1,27,4,4,6,79,3
12466,2021,5,24,1,4,1,1,5,501,99,1,37,6,6,8,24,3
12467,2021,5,24,1,15,3,2,5,506,99,2,33,5,5,7,24,3
12468,2021,5,24,1,13,3,2,5,506,99,2,21,3,3,5,24,3
12469,2021,5,24,1,17,3,2,5,501,99,1,34,5,5,7,24,3
12470,2021,5,24,1,15,3,2,5,513,99,2,61,11,11,13,24,3
12471,2021,5,24,1,21,4,3,5,501,99,2,20,3,3,5,24,3
12472,2021,5,24,1,21,4,3,5,501,99,1,51,9,9,11,79,3
12473,2021,5,24,1,22,4,3,5,502,99,1,48,8,8,10,79,3
12474,2021,5,24,1,19,4,3,10,1020,99,1,27,4,4,6,24,3
12475,2021,5,24,1,1,1,1,16,1602,99,1,20,3,3,5,79,3
12476,2021,5,24,1,8,2,1,2,207,99,1,30,5,5,7,79,3
12477,2021,5,25,2,23,4,3,1,101,4,1,35,6,6,8,24,3
12478,2021,5,25,2,6,2,1,1,101,18,1,27,4,4,6,24,3
12479,2021,5,25,2,1,1,1,1,101,18,1,21,3,3,5,79,3
12480,2021,5,25,2,22,4,3,1,105,99,1,24,3,3,5,79,3
12481,2021,5,25,2,21,4,3,1,108,99,1,32,5,5,7,79,3
12482,2021,5,25,2,18,4,3,11,1102,99,1,26,4,4,6,24,3
12483,2021,5,25,2,14,3,2,18,1801,99,1,33,5,5,7,79,3
12484,2021,5,26,3,18,4,3,1,101,25,1,26,4,4,6,79,3
12485,2021,5,26,3,18,4,3,1,101,11,1,30,5,5,7,79,3
12486,2021,5,26,3,6,2,1,1,114,99,1,31,5,5,7,79,3
12487,2021,5,26,3,16,3,2,5,501,99,2,32,5,5,7,24,3
12488,2021,5,26,3,8,2,1,16,1604,99,1,27,4,4,6,79,3
12489,2021,5,26,3,20,4,3,18,1801,99,1,56,10,10,12,79,3
12490,2021,5,26,3,17,3,2,17,1705,99,1,30,5,5,7,24,3
12491,2021,5,27,4,4,1,1,1,101,12,1,29,4,4,6,24,3
12492,2021,5,27,4,19,4,3,1,108,99,1,33,5,5,7,79,3
12493,2021,5,27,4,22,4,3,1,108,99,1,48,8,8,10,79,3
12494,2021,5,27,4,19,4,3,5,506,99,1,22,3,3,5,24,3
12495,2021,5,27,4,20,4,3,11,1101,99,1,21,3,3,5,24,3
12496,2021,5,27,4,21,4,3,4,414,99,1,30,5,5,7,79,3
12497,2021,5,28,5,10,2,1,1,101,9,1,25,4,4,6,79,3
12498,2021,5,28,5,11,2,1,1,117,99,1,21,3,3,5,79,3
12499,2021,5,28,5,21,4,3,1,114,99,2,35,6,6,8,79,3
12500,2021,5,28,5,8,2,1,20,2001,99,1,38,6,6,8,79,3
12501,2021,5,28,5,21,4,3,20,2007,99,2,68,11,12,14,79,3
12502,2021,5,28,5,21,4,3,17,1703,99,2,20,3,3,5,79,3
12503,2021,5,28,5,9,2,1,3,301,99,1,32,5,5,7,79,3
12504,2021,5,29,6,13,3,2,1,101,1,1,25,4,4,6,79,3
12505,2021,5,29,6,18,4,3,1,101,9,1,42,7,7,9,79,3
12506,2021,5,29,6,22,4,3,1,105,99,2,23,3,3,5,79,3
12507,2021,5,29,6,18,4,3,1,108,99,1,33,5,5,7,79,3
12508,2021,5,29,1,13,3,2,1,101,19,1,34,5,5,7,79,3
12509,2021,5,29,6,5,1,1,5,501,99,1,42,7,7,9,79,3
12510,2021,5,29,6,9,2,1,10,1003,99,1,33,5,5,7,79,3
12511,2021,5,29,6,18,4,3,3,308,99,1,20,3,3,5,79,3
12512,2021,5,30,7,1,1,1,1,101,18,1,21,3,3,5,79,3
12513,2021,5,30,7,21,4,3,1,101,7,1,27,4,4,6,79,3
12514,2021,5,30,7,6,2,1,1,114,99,1,61,11,11,13,79,3
12515,2021,5,30,7,19,4,3,1,115,99,1,29,4,4,6,79,3
12516,2021,5,30,7,14,3,2,10,1020,99,1,29,4,4,6,24,3
12517,2021,5,30,7,13,3,2,3,302,99,1,26,4,4,6,79,3
12518,2021,5,31,1,13,3,2,1,103,99,1,22,3,3,5,24,3
12519,2021,5,31,1,4,1,1,5,506,99,1,42,7,7,9,24,3
12520,2021,5,31,1,6,2,1,5,501,99,1,37,6,6,8,79,3
12521,2021,5,31,1,10,2,1,5,506,99,1,26,4,4,6,24,3
12522,2021,5,31,1,15,3,2,5,504,99,1,31,5,5,7,79,3
12523,2021,5,31,1,17,3,2,5,509,99,1,37,6,6,8,24,3
12524,2021,5,31,1,19,4,3,5,501,99,1,29,4,4,6,79,3
12525,2021,5,31,1,21,4,3,5,502,99,2,18,2,2,4,24,3
12526,2021,5,31,1,20,4,3,5,506,99,2,21,3,3,5,24,3
12527,2021,5,1,6,9,2,1,1,113,99,2,67,11,12,14,83,3
12528,2021,5,1,6,12,3,2,1,101,10,1,26,4,4,6,22,3
12529,2021,5,1,6,12,3,2,1,115,99,2,46,8,8,10,83,3
12530,2021,5,1,6,21,4,3,1,101,12,1,24,3,3,5,83,3
12531,2021,5,1,6,8,2,1,1,116,99,1,45,8,8,10,83,3
12532,2021,5,1,6,14,3,2,1,101,19,1,24,3,3,5,22,3
12533,2021,5,1,6,12,3,2,1,108,99,1,42,7,7,9,22,3
12534,2021,5,1,6,15,3,2,1,108,99,2,50,9,9,11,22,3
12535,2021,5,1,6,20,4,3,1,108,99,1,32,5,5,7,22,3
12536,2021,5,1,6,13,3,2,4,409,99,2,31,5,5,7,22,3
12537,2021,5,1,6,10,2,1,4,401,99,1,52,9,9,11,22,3
12538,2021,5,2,7,8,2,1,1,105,99,1,27,4,4,6,22,3
12539,2021,5,2,7,18,4,3,1,101,13,1,35,6,6,8,83,3
12540,2021,5,3,1,5,1,1,1,108,99,1,43,7,7,9,22,3
12541,2021,5,4,2,20,4,3,1,101,18,2,38,6,6,8,83,3
12542,2021,5,4,2,8,2,1,1,101,7,1,34,5,5,7,83,3
12543,2021,5,4,2,0,1,1,1,101,7,1,34,5,5,7,83,3
12544,2021,5,4,2,7,2,1,1,116,99,1,46,8,8,10,83,3
12545,2021,5,4,2,18,4,3,1,115,99,1,26,4,4,6,22,3
12546,2021,5,4,2,19,4,3,1,116,99,1,65,11,12,14,83,3
12547,2021,5,4,2,15,3,2,1,108,99,1,46,8,8,10,83,3
12548,2021,5,4,2,7,2,1,4,401,99,1,62,11,11,13,83,3
12549,2021,5,5,3,15,3,2,1,101,1,1,45,8,8,10,83,3
12550,2021,5,5,3,21,4,3,1,101,5,1,31,5,5,7,83,3
12551,2021,5,5,3,12,3,2,1,101,12,1,26,4,4,6,83,3
12552,2021,5,5,3,10,2,1,5,501,99,1,47,8,8,10,22,3
12553,2021,5,5,3,9,2,1,4,411,99,1,20,3,3,5,83,3
12554,2021,5,6,4,7,2,1,1,101,13,2,37,6,6,8,83,3
12555,2021,5,6,4,11,2,1,1,101,7,2,34,5,5,7,83,3
12556,2021,5,6,4,17,3,2,1,101,7,2,36,6,6,8,83,3
12557,2021,5,6,4,20,4,3,5,501,99,1,46,8,8,10,83,3
12558,2021,5,7,5,19,4,3,1,101,5,1,27,4,4,6,83,3
12559,2021,5,7,5,17,3,2,1,101,7,1,52,9,9,11,83,3
12560,2021,5,7,5,19,4,3,1,101,19,1,39,6,6,8,22,3
12561,2021,5,8,6,0,1,1,1,101,9,1,56,10,10,12,22,3
12562,2021,5,8,6,9,2,1,1,101,19,1,33,5,5,7,83,3
12563,2021,5,8,6,0,1,1,10,1001,99,1,35,6,6,8,22,3
12564,2021,5,8,6,7,2,1,3,301,99,1,38,6,6,8,83,3
12565,2021,5,9,7,18,4,3,1,101,13,1,47,8,8,10,83,3
12566,2021,5,9,7,9,2,1,1,101,12,1,62,11,11,13,83,3
12567,2021,5,9,7,5,1,1,1,101,7,1,37,6,6,8,22,3
12568,2021,5,9,7,7,2,1,21,2107,99,1,40,7,7,9,83,3
12569,2021,5,9,7,18,4,3,16,1601,99,1,38,6,6,8,22,3
12570,2021,5,10,1,14,3,2,1,101,9,1,71,11,13,15,83,3
12571,2021,5,10,1,23,4,3,1,117,99,1,40,7,7,9,83,3
12572,2021,5,11,2,20,4,3,1,101,12,1,34,5,5,7,83,3
12573,2021,5,11,2,23,4,3,1,101,7,1,37,6,6,8,22,3
12574,2021,5,11,2,6,2,1,1,108,99,1,30,5,5,7,22,3
12575,2021,5,11,2,4,1,1,1,108,99,1,33,5,5,7,22,3
12576,2021,5,11,2,8,2,1,19,1901,99,1,71,11,13,15,22,3
12577,2021,5,12,3,6,2,1,1,101,9,1,22,3,3,5,83,3
12578,2021,5,12,3,18,4,3,1,101,15,2,55,10,10,12,83,3
12579,2021,5,12,3,18,4,3,1,101,7,1,36,6,6,8,83,3
12580,2021,5,12,3,12,3,2,1,114,99,1,42,7,7,9,22,3
12581,2021,5,12,3,14,3,2,1,108,99,2,36,6,6,8,22,3
12582,2021,5,12,3,22,4,3,1,108,99,1,41,7,7,9,22,3
12583,2021,5,12,3,8,2,1,5,505,99,1,46,8,8,10,22,3
12584,2021,5,12,3,10,2,1,3,312,99,2,83,11,15,17,83,3
12585,2021,5,13,4,22,4,3,1,101,9,1,34,5,5,7,22,3
12586,2021,5,13,4,9,2,1,1,101,18,2,33,5,5,7,83,3
12587,2021,5,13,4,21,4,3,1,103,99,1,45,8,8,10,83,3
12588,2021,5,13,4,7,2,1,1,101,11,1,65,11,12,14,83,3
12589,2021,5,13,4,19,4,3,1,101,11,1,40,7,7,9,83,3
12590,2021,5,13,4,20,4,3,1,116,99,1,62,11,11,13,83,3
12591,2021,5,13,4,7,2,1,1,115,99,1,43,7,7,9,22,3
12592,2021,5,13,4,10,2,1,1,110,99,1,39,6,6,8,22,3
12593,2021,5,13,4,11,2,1,6,608,99,1,40,7,7,9,22,3
12594,2021,5,13,4,7,2,1,4,401,99,1,50,9,9,11,83,3
12595,2021,5,14,5,8,2,1,1,101,1,1,30,5,5,7,83,3
12596,2021,5,14,5,8,2,1,1,113,99,2,25,4,4,6,83,3
12597,2021,5,14,5,0,1,1,1,101,21,1,31,5,5,7,22,3
12598,2021,5,14,5,11,2,1,1,110,99,1,58,10,10,12,83,3
12599,2021,5,14,5,13,3,2,1,115,99,1,50,9,9,11,83,3
12600,2021,5,14,5,10,2,1,1,110,99,2,41,7,7,9,83,3
12601,2021,5,14,5,20,4,3,4,416,99,1,59,10,10,12,22,3
12602,2021,5,15,6,4,1,1,1,101,4,1,999,12,16,18,83,3
12603,2021,5,15,6,13,3,2,1,103,99,1,38,6,6,8,22,3
12604,2021,5,15,6,14,3,2,1,101,15,1,39,6,6,8,83,3
12605,2021,5,15,6,21,4,3,1,101,12,1,24,3,3,5,83,3
12606,2021,5,15,6,22,4,3,1,108,99,1,36,6,6,8,22,3
12607,2021,5,16,7,23,4,3,1,101,1,1,35,6,6,8,22,3
12608,2021,5,16,7,14,3,2,1,115,99,1,48,8,8,10,83,3
12609,2021,5,16,7,8,2,1,1,108,99,1,53,9,9,11,83,3
12610,2021,5,16,7,22,4,3,1,108,99,1,41,7,7,9,83,3
12611,2021,5,17,1,2,1,1,1,117,99,1,47,8,8,10,83,3
12612,2021,5,17,1,8,2,1,1,116,99,1,33,5,5,7,83,3
12613,2021,5,17,1,18,4,3,5,514,99,1,31,5,5,7,83,3
12614,2021,5,18,2,4,1,1,1,101,4,1,46,8,8,10,83,3
12615,2021,5,18,2,23,4,3,1,101,8,2,32,5,5,7,22,3
12616,2021,5,18,2,7,2,1,1,101,13,1,28,4,4,6,83,3
12617,2021,5,18,2,13,3,2,1,101,11,2,20,3,3,5,83,3
12618,2021,5,18,2,1,1,1,1,116,99,1,47,8,8,10,83,3
12619,2021,5,18,2,3,1,1,1,115,99,1,49,8,8,10,83,3
12620,2021,5,19,3,4,1,1,1,101,3,1,33,5,5,7,83,3
12621,2021,5,19,3,12,3,2,1,101,6,1,24,3,3,5,83,3
12622,2021,5,19,3,12,3,2,1,101,15,1,58,10,10,12,22,3
12623,2021,5,19,3,16,3,2,1,101,5,1,40,7,7,9,83,3
12624,2021,5,19,3,21,4,3,1,101,10,1,27,4,4,6,83,3
12625,2021,5,19,3,9,2,1,1,101,7,1,35,6,6,8,83,3
12626,2021,5,19,3,19,4,3,1,101,12,2,34,5,5,7,83,3
12627,2021,5,19,3,22,4,3,1,115,99,1,30,5,5,7,22,3
12628,2021,5,20,4,1,1,1,1,102,99,2,47,8,8,10,83,3
12629,2021,5,20,4,6,2,1,1,101,11,1,31,5,5,7,22,3
12630,2021,5,20,4,22,4,3,1,108,99,1,41,7,7,9,83,3
12631,2021,5,20,4,19,4,3,1,108,99,1,32,5,5,7,83,3
12632,2021,5,20,4,21,4,3,1,108,99,1,46,8,8,10,83,3
12633,2021,5,20,4,2,1,1,6,601,99,1,42,7,7,9,83,3
12634,2021,5,20,4,21,4,3,11,1101,99,1,43,7,7,9,22,3
12635,2021,5,20,4,11,2,1,16,1601,99,1,23,3,3,5,83,3
12636,2021,5,20,4,20,4,3,2,201,99,1,37,6,6,8,83,3
12637,2021,5,21,5,16,3,2,1,101,1,1,32,5,5,7,83,3
12638,2021,5,21,5,11,2,1,1,101,10,2,29,4,4,6,22,3
12639,2021,5,21,5,4,1,1,1,108,99,1,36,6,6,8,22,3
12640,2021,5,21,5,8,2,1,1,108,99,1,45,8,8,10,83,3
12641,2021,5,21,5,8,2,1,19,1901,99,2,46,8,8,10,83,3
12642,2021,5,21,5,7,2,1,4,401,99,1,47,8,8,10,83,3
12643,2021,5,22,6,6,2,1,1,101,7,1,28,4,4,6,22,3
12644,2021,5,22,6,4,1,1,1,101,11,1,52,9,9,11,83,3
12645,2021,5,22,6,5,1,1,1,101,11,1,25,4,4,6,22,3
12646,2021,5,22,6,12,3,2,1,101,12,1,50,9,9,11,83,3
12647,2021,5,22,6,11,2,1,3,308,99,1,38,6,6,8,22,3
12648,2021,5,23,7,22,4,3,1,103,99,2,48,8,8,10,83,3
12649,2021,5,23,7,23,4,3,1,101,11,1,46,8,8,10,22,3
12650,2021,5,23,7,22,4,3,1,115,99,1,47,8,8,10,83,3
12651,2021,5,23,7,19,4,3,1,108,99,2,25,4,4,6,83,3
12652,2021,5,23,7,17,3,2,1,108,99,1,35,6,6,8,83,3
12653,2021,5,23,7,23,4,3,1,108,99,1,44,7,7,9,83,3
12654,2021,5,24,1,17,3,2,1,101,1,1,49,8,8,10,22,3
12655,2021,5,24,1,6,2,1,1,102,99,1,35,6,6,8,83,3
12656,2021,5,24,1,21,4,3,1,103,99,1,35,6,6,8,22,3
12657,2021,5,24,1,10,2,1,1,115,99,1,24,3,3,5,22,3
12658,2021,5,24,1,12,3,2,1,108,99,2,39,6,6,8,22,3
12659,2021,5,24,1,19,4,3,1,108,99,2,60,11,11,13,83,3
12660,2021,5,24,1,13,3,2,5,512,99,1,48,8,8,10,22,3
12661,2021,5,24,1,8,2,1,4,415,99,1,50,9,9,11,83,3
12662,2021,5,25,2,10,2,1,1,101,1,1,56,10,10,12,83,3
12663,2021,5,25,2,10,2,1,1,101,6,2,30,5,5,7,83,3
12664,2021,5,26,3,6,2,1,1,101,1,1,35,6,6,8,83,3
12665,2021,5,26,3,7,2,1,1,101,14,1,46,8,8,10,83,3
12666,2021,5,26,3,7,2,1,1,101,13,1,40,7,7,9,83,3
12667,2021,5,26,3,5,1,1,1,101,12,1,27,4,4,6,22,3
12668,2021,5,26,3,11,2,1,1,115,99,1,35,6,6,8,83,3
12669,2021,5,26,3,14,3,2,1,116,99,1,36,6,6,8,22,3
12670,2021,5,26,3,14,3,2,1,108,99,1,22,3,3,5,83,3
12671,2021,5,26,3,13,3,2,1,101,19,1,42,7,7,9,83,3
12672,2021,5,27,4,10,2,1,1,101,1,1,38,6,6,8,83,3
12673,2021,5,27,4,7,2,1,1,101,1,1,68,11,12,14,83,3
12674,2021,5,27,4,14,3,2,1,101,11,1,30,5,5,7,83,3
12675,2021,5,27,4,20,4,3,1,101,11,1,58,10,10,12,83,3
12676,2021,5,27,4,5,1,1,1,114,99,1,36,6,6,8,22,3
12677,2021,5,27,5,19,4,3,8,801,99,1,28,4,4,6,22,3
12678,2021,5,28,5,4,1,1,1,101,9,1,33,5,5,7,22,3
12679,2021,5,28,5,7,2,1,1,101,25,1,26,4,4,6,83,3
12680,2021,5,28,5,13,3,2,1,101,6,1,27,4,4,6,83,3
12681,2021,5,28,5,9,2,1,1,105,99,1,30,5,5,7,22,3
12682,2021,5,28,5,1,1,1,1,101,11,1,46,8,8,10,22,3
12683,2021,5,28,5,19,4,3,1,115,99,1,29,4,4,6,83,3
12684,2021,5,28,5,18,4,3,1,116,99,1,36,6,6,8,83,3
12685,2021,5,28,5,22,4,3,1,108,99,2,48,8,8,10,83,3
12686,2021,5,28,5,12,3,2,5,501,99,1,59,10,10,12,83,3
12687,2021,5,28,5,6,2,1,6,608,99,1,41,7,7,9,83,3
12688,2021,5,28,5,2,1,1,4,409,99,1,43,7,7,9,83,3
12689,2021,5,28,5,9,2,1,3,301,99,1,49,8,8,10,83,3
12690,2021,5,28,5,7,2,1,3,312,99,1,22,3,3,5,83,3
12691,2021,5,29,6,6,2,1,1,101,1,1,51,9,9,11,83,3
12692,2021,5,29,6,17,3,2,1,101,18,2,33,5,5,7,83,3
12693,2021,5,29,6,7,2,1,1,101,7,1,34,5,5,7,22,3
12694,2021,5,29,6,22,4,3,1,101,12,1,22,3,3,5,83,3
12695,2021,5,29,6,19,4,3,7,706,99,2,23,3,3,5,22,3
12696,2021,5,30,7,13,3,2,1,101,11,1,25,4,4,6,22,3
12697,2021,5,30,7,21,4,3,1,101,11,1,27,4,4,6,83,3
12698,2021,5,31,1,10,2,1,1,101,14,2,42,7,7,9,22,3
12699,2021,5,31,1,20,4,3,1,108,99,1,24,3,3,5,22,3
12700,2021,5,31,1,15,3,2,5,501,99,1,26,4,4,6,83,3
12701,2021,5,1,6,2,1,1,1,101,18,1,24,3,3,5,1,1
12702,2021,5,1,6,2,1,1,1,115,99,1,25,4,4,6,1,1
12703,2021,5,1,6,11,2,1,5,501,99,1,30,5,5,7,1,1
12704,2021,5,1,6,19,4,3,5,506,99,1,34,5,5,7,1,1
12705,2021,5,1,6,16,3,2,18,1801,99,1,22,3,3,5,1,1
12706,2021,5,1,6,22,4,3,18,1805,99,1,44,7,7,9,2,1
12707,2021,5,1,6,11,2,1,17,1710,99,1,36,6,6,8,1,1
12708,2021,5,1,6,21,4,3,1,101,9,1,999,12,16,18,9,2
12709,2021,5,1,6,22,4,3,1,101,8,2,36,6,6,8,9,2
12710,2021,5,1,6,2,1,1,1,101,18,2,18,2,2,4,7,2
12711,2021,5,1,6,4,1,1,1,101,17,1,31,5,5,7,7,2
12712,2021,5,1,6,4,1,1,1,101,17,1,16,2,2,4,126,2
12713,2021,5,1,6,4,1,1,1,101,17,1,33,5,5,7,7,2
12714,2021,5,1,6,17,3,2,1,101,17,1,37,6,6,8,8,2
12715,2021,5,1,6,20,4,3,1,101,18,1,32,5,5,7,8,2
12716,2021,5,1,6,17,3,2,1,101,7,2,39,6,6,8,9,2
12717,2021,5,1,6,22,4,3,1,101,21,1,50,9,9,11,8,2
12718,2021,5,1,6,23,4,3,1,101,12,1,17,2,2,4,9,2
12719,2021,5,1,6,20,4,3,1,108,99,1,25,4,4,6,9,2
12720,2021,5,1,6,16,3,2,22,2206,99,1,35,6,6,8,7,2
12721,2021,5,1,6,20,4,3,22,2211,99,1,19,2,2,4,7,2
12722,2021,5,1,6,21,4,3,17,1704,99,1,25,4,4,6,7,2
12723,2021,5,1,6,21,4,3,17,1704,99,2,27,4,4,6,7,2
12724,2021,5,1,6,23,4,3,4,416,99,1,999,12,16,18,9,2
12725,2021,5,1,6,23,4,3,4,416,99,1,999,12,16,18,9,2
12726,2021,5,2,7,7,2,1,1,101,18,1,25,4,4,6,1,1
12727,2021,5,2,7,4,1,1,1,101,7,1,35,6,6,8,2,1
12728,2021,5,2,7,6,2,1,1,114,99,1,23,3,3,5,1,1
12729,2021,5,2,7,6,2,1,1,116,99,1,63,11,11,13,2,1
12730,2021,5,2,7,2,1,1,19,1907,99,1,32,5,5,7,1,1
12731,2021,5,2,7,11,2,1,19,1910,99,1,23,3,3,5,1,1
12732,2021,5,2,7,8,2,1,5,504,99,1,48,8,8,10,1,1
12733,2021,5,2,7,15,3,2,5,505,99,1,27,4,4,6,1,1
12734,2021,5,2,7,6,2,1,11,1102,99,1,43,7,7,9,1,1
12735,2021,5,2,7,8,2,1,18,1801,99,1,34,5,5,7,1,1
12736,2021,5,2,7,9,2,1,4,401,99,1,19,2,2,4,1,1
12737,2021,5,2,7,9,2,1,4,401,99,1,15,2,2,4,1,1
12738,2021,5,2,7,9,2,1,4,401,99,1,24,3,3,5,1,1
12739,2021,5,2,7,9,2,1,6,604,99,1,19,2,2,4,1,1
12740,2021,5,2,7,23,4,3,1,101,1,1,17,2,2,4,8,2
12741,2021,5,2,7,2,1,1,1,101,18,2,15,2,2,4,9,2
12742,2021,5,2,7,21,4,3,1,101,18,1,17,2,2,4,8,2
12743,2021,5,2,7,21,4,3,1,101,18,1,38,6,6,8,8,2
12744,2021,5,2,7,21,4,3,1,101,18,2,40,7,7,9,8,2
12745,2021,5,2,7,0,1,1,1,101,7,1,17,2,2,4,8,2
12746,2021,5,2,7,19,4,3,1,117,99,1,28,4,4,6,9,2
12747,2021,5,2,7,17,3,2,1,108,99,1,24,3,3,5,8,2
12748,2021,5,2,7,23,4,3,10,1014,99,1,32,5,5,7,7,2
12749,2021,5,2,7,6,2,1,11,1102,99,1,31,5,5,7,7,2
12750,2021,5,2,7,2,1,1,18,1804,99,1,50,9,9,11,7,2
12751,2021,5,2,7,8,2,1,18,1801,99,1,28,4,4,6,7,2
12752,2021,5,2,7,8,2,1,18,1801,99,1,23,3,3,5,9,2
12753,2021,5,3,1,6,2,1,1,101,9,1,25,4,4,6,1,1
12754,2021,5,3,1,16,3,2,1,115,99,1,24,3,3,5,1,1
12755,2021,5,3,1,9,2,1,1,115,99,2,31,5,5,7,1,1
12756,2021,5,3,1,12,3,2,5,507,99,1,20,3,3,5,1,1
12757,2021,5,3,1,17,3,2,11,1107,99,2,21,3,3,5,1,1
12758,2021,5,3,1,9,2,1,2,207,99,1,25,4,4,6,1,1
12759,2021,5,3,1,18,4,3,2,206,99,1,77,11,14,16,1,1
12760,2021,5,3,1,9,2,1,14,1402,99,1,35,6,6,8,1,1
12761,2021,5,3,1,9,2,1,14,1402,99,1,48,8,8,10,1,1
12762,2021,5,3,1,2,1,1,1,101,4,1,50,9,9,11,9,2
12763,2021,5,3,1,17,3,2,19,1904,99,1,32,5,5,7,8,2
12764,2021,5,3,1,1,1,1,17,1703,99,1,47,8,8,10,8,2
12765,2021,5,3,1,21,4,3,16,1609,99,1,27,4,4,6,8,2
12766,2021,5,4,2,21,4,3,1,101,18,2,47,8,8,10,3,1
12767,2021,5,4,2,20,4,3,1,101,19,1,23,3,3,5,1,1
12768,2021,5,4,2,8,2,1,20,2005,99,1,28,4,4,6,1,1
12769,2021,5,4,2,19,4,3,6,602,99,1,41,7,7,9,1,1
12770,2021,5,4,2,20,4,3,3,302,99,1,29,4,4,6,1,1
12771,2021,5,4,2,20,4,3,3,302,99,1,30,5,5,7,1,1
12772,2021,5,4,2,23,4,3,1,105,99,1,40,7,7,9,8,2
12773,2021,5,4,2,13,3,2,1,117,99,1,26,4,4,6,1,1
12774,2021,5,4,2,5,1,1,16,1610,99,1,7,1,1,2,9,2
12775,2021,5,4,2,17,3,2,1,108,99,1,33,5,5,7,8,2
12776,2021,5,4,2,19,4,3,17,1701,99,1,23,3,3,5,9,2
12777,2021,5,4,2,20,4,3,18,1802,99,2,999,12,16,18,9,2
12778,2021,5,4,2,20,4,3,18,1802,99,1,999,12,16,18,9,2
12779,2021,5,5,3,23,4,3,20,2006,99,1,22,3,3,5,1,1
12780,2021,5,5,3,13,3,2,5,501,99,1,25,4,4,6,1,1
12781,2021,5,5,3,11,2,1,15,1507,99,2,18,2,2,4,9,2
12782,2021,5,6,4,8,2,1,1,103,99,1,21,3,3,5,1,1
12783,2021,5,6,4,14,3,2,1,115,99,1,16,2,2,4,1,1
12784,2021,5,6,4,13,3,2,1,115,99,1,22,3,3,5,1,1
12785,2021,5,6,4,13,3,2,1,115,99,1,19,2,2,4,1,1
12786,2021,5,6,4,17,3,2,19,1901,99,2,35,6,6,8,1,1
12787,2021,5,6,4,21,4,3,5,502,99,1,21,3,3,5,1,1
12788,2021,5,6,4,14,3,2,18,1802,99,1,32,5,5,7,1,1
12789,2021,5,6,4,21,4,3,17,1710,99,1,999,12,16,18,1,1
12790,2021,5,6,4,11,2,1,1,101,9,2,35,6,6,8,8,2
12791,2021,5,6,4,7,2,1,1,101,1,1,31,5,5,7,9,2
12792,2021,5,6,4,19,4,3,1,101,6,1,28,4,4,6,7,2
12793,2021,5,6,4,14,3,2,1,115,99,1,23,3,3,5,7,2
12794,2021,5,6,4,14,3,2,1,115,99,1,18,2,2,4,7,2
12795,2021,5,6,4,14,3,2,1,115,99,1,17,2,2,4,7,2
12796,2021,5,6,4,6,2,1,1,108,99,1,17,2,2,4,7,2
12797,2021,5,6,4,13,3,2,1,115,99,1,18,2,2,4,7,2
12798,2021,5,6,4,21,4,3,5,502,99,1,22,3,3,5,1,1
12799,2021,5,7,5,15,3,2,1,101,18,1,20,3,3,5,1,1
12800,2021,5,7,5,18,4,3,1,101,6,1,18,2,2,4,1,1
12801,2021,5,7,5,8,2,1,1,101,5,1,33,5,5,7,1,1
12802,2021,5,7,5,20,4,3,22,2214,99,2,24,3,3,5,1,1
12803,2021,5,7,5,23,4,3,19,1904,99,1,68,11,12,14,3,1
12804,2021,5,7,5,20,4,3,5,509,99,1,28,4,4,6,1,1
12805,2021,5,7,5,20,4,3,5,509,99,1,31,5,5,7,1,1
12806,2021,5,7,5,22,4,3,18,1801,99,1,44,7,7,9,1,1
12807,2021,5,7,5,20,4,3,1,101,18,1,18,2,2,4,8,2
12808,2021,5,7,5,19,4,3,1,101,7,1,21,3,3,5,9,2
12809,2021,5,7,5,21,4,3,1,101,7,1,37,6,6,8,8,2
12810,2021,5,7,5,9,2,1,1,117,99,1,18,2,2,4,7,2
12811,2021,5,7,5,20,4,3,1,110,99,1,30,5,5,7,8,2
12812,2021,5,7,5,22,4,3,2,208,99,1,28,4,4,6,8,2
12813,2021,5,7,5,18,4,3,18,1801,99,2,26,4,4,6,7,2
12814,2021,5,8,6,16,3,2,1,101,1,1,58,10,10,12,1,1
12815,2021,5,8,6,16,3,2,1,101,1,1,48,8,8,10,1,1
12816,2021,5,8,6,13,3,2,1,104,99,1,40,7,7,9,1,1
12817,2021,5,8,6,21,4,3,1,116,99,1,19,2,2,4,1,1
12818,2021,5,8,6,7,2,1,5,511,99,1,30,5,5,7,1,1
12819,2021,5,8,6,22,4,3,18,1801,99,1,31,5,5,7,1,1
12820,2021,5,8,6,22,4,3,18,1801,99,1,40,7,7,9,1,1
12821,2021,5,8,6,13,3,2,17,1704,99,1,22,3,3,5,1,1
12822,2021,5,8,6,8,2,1,1,101,18,1,25,4,4,6,7,2
12823,2021,5,8,6,16,3,2,1,104,99,1,31,5,5,7,126,2
12824,2021,5,8,6,19,4,3,1,114,99,1,999,12,16,18,7,2
12825,2021,5,8,6,19,4,3,1,114,99,1,24,3,3,5,7,2
12826,2021,5,8,6,19,4,3,22,2204,99,1,47,8,8,10,7,2
12827,2021,5,8,6,20,4,3,5,506,99,1,25,4,4,6,1,1
12828,2021,5,8,6,21,4,3,19,1904,99,1,26,4,4,6,7,2
12829,2021,5,9,7,18,4,3,1,115,99,1,23,3,3,5,1,1
12830,2021,5,9,7,0,1,1,20,2001,99,1,22,3,3,5,1,1
12831,2021,5,9,7,20,4,3,20,2005,99,1,56,10,10,12,2,1
12832,2021,5,9,7,20,4,3,20,2005,99,1,24,3,3,5,1,1
12833,2021,5,9,7,0,1,1,20,2001,99,1,33,5,5,7,1,1
12834,2021,5,9,7,0,1,1,20,2001,99,1,43,7,7,9,1,1
12835,2021,5,9,7,22,4,3,2,208,99,1,50,9,9,11,2,1
12836,2021,5,9,7,4,1,1,1,105,99,1,25,4,4,6,8,2
12837,2021,5,9,7,0,1,1,1,101,18,1,39,6,6,8,8,2
12838,2021,5,9,7,22,4,3,1,105,99,1,28,4,4,6,8,2
12839,2021,5,9,7,21,4,3,1,101,11,1,17,2,2,4,9,2
12840,2021,5,9,7,5,1,1,1,114,99,2,39,6,6,8,7,2
12841,2021,5,9,7,5,1,1,1,114,99,1,41,7,7,9,7,2
12842,2021,5,9,7,12,3,2,1,116,99,1,21,3,3,5,7,2
12843,2021,5,9,7,7,2,1,1,101,19,1,26,4,4,6,9,2
12844,2021,5,9,7,22,4,3,1,108,99,1,28,4,4,6,7,2
12845,2021,5,9,7,14,3,2,21,2101,99,2,37,6,6,8,8,2
12846,2021,5,9,7,14,3,2,21,2101,99,2,13,1,1,3,8,2
12847,2021,5,9,7,2,1,1,13,1332,99,1,27,4,4,6,7,2
12848,2021,5,9,7,12,3,2,16,1601,99,1,32,5,5,7,7,2
12849,2021,5,9,7,12,3,2,16,1601,99,1,14,1,1,3,9,2
12850,2021,5,9,7,12,3,2,16,1601,99,1,23,3,3,5,9,2
12851,2021,5,9,7,22,4,3,2,208,99,1,58,10,10,12,8,2
12852,2021,5,9,7,22,4,3,2,208,99,1,27,4,4,6,8,2
12853,2021,5,9,7,0,1,1,18,1801,99,1,23,3,3,5,7,2
12854,2021,5,9,7,0,1,1,18,1805,99,2,40,7,7,9,8,2
12855,2021,5,9,7,20,4,3,17,1704,99,1,33,5,5,7,7,2
12856,2021,5,9,7,19,4,3,17,1702,99,2,19,2,2,4,8,2
12857,2021,5,9,7,16,3,2,17,1705,99,2,12,1,1,3,8,2
12858,2021,5,9,7,18,4,3,3,301,99,1,29,4,4,6,8,2
12859,2021,5,10,1,23,4,3,1,101,18,1,25,4,4,6,1,1
12860,2021,5,10,1,11,2,1,1,101,16,2,23,3,3,5,1,1
12861,2021,5,10,1,21,4,3,1,114,99,1,999,12,16,18,2,1
12862,2021,5,10,1,17,3,2,1,108,99,1,22,3,3,5,1,1
12863,2021,5,10,1,18,4,3,1,108,99,1,25,4,4,6,1,1
12864,2021,5,10,1,6,2,1,20,2010,99,1,39,6,6,8,1,1
12865,2021,5,10,1,10,2,1,9,920,99,1,999,12,16,18,1,1
12866,2021,5,10,1,22,4,3,18,1805,99,1,40,7,7,9,1,1
12867,2021,5,10,1,22,4,3,18,1805,99,1,19,2,2,4,1,1
12868,2021,5,10,1,22,4,3,18,1805,99,1,53,9,9,11,1,1
12869,2021,5,10,1,11,2,1,17,1712,99,1,44,7,7,9,1,1
12870,2021,5,10,1,21,4,3,1,103,99,2,8,1,1,2,1,1
12871,2021,5,10,1,7,2,1,11,1108,99,1,32,5,5,7,8,2
12872,2021,5,10,1,22,4,3,18,1805,99,1,19,2,2,4,7,2
12873,2021,5,10,1,0,1,1,3,304,99,1,25,4,4,6,8,2
12874,2021,5,10,1,11,2,1,1,101,4,1,38,6,6,8,7,2
12875,2021,5,10,1,5,1,1,1,101,12,1,21,3,3,5,7,2
12876,2021,5,10,1,13,3,2,1,101,7,2,77,11,14,16,9,2
12877,2021,5,10,1,7,2,1,1,101,13,1,20,3,3,5,5,1
12878,2021,5,10,1,22,4,3,1,114,99,1,20,3,3,5,9,2
12879,2021,5,11,2,16,3,2,1,101,6,1,18,2,2,4,1,1
12880,2021,5,11,2,15,3,2,1,106,99,1,30,5,5,7,1,1
12881,2021,5,11,2,22,4,3,1,101,18,1,23,3,3,5,1,1
12882,2021,5,11,2,3,1,1,5,501,99,1,25,4,4,6,1,1
12883,2021,5,11,2,13,3,2,5,509,99,1,23,3,3,5,1,1
12884,2021,5,11,2,19,4,3,5,505,99,1,55,10,10,12,1,1
12885,2021,5,11,2,5,1,1,14,1409,99,1,39,6,6,8,1,1
12886,2021,5,11,2,23,4,3,1,102,99,1,43,7,7,9,8,2
12887,2021,5,11,2,10,2,1,1,101,7,2,22,3,3,5,8,2
12888,2021,5,11,2,14,3,2,1,110,99,1,34,5,5,7,7,2
12889,2021,5,11,2,17,3,2,15,1508,99,1,40,7,7,9,2,1
12890,2021,5,11,2,18,4,3,18,1801,99,1,42,7,7,9,7,2
12891,2021,5,11,2,5,1,1,14,1409,99,1,9,1,1,2,7,2
12892,2021,5,12,3,21,4,3,1,101,3,1,16,2,2,4,1,1
12893,2021,5,12,3,20,4,3,5,503,99,1,87,11,15,17,1,1
12894,2021,5,12,3,21,4,3,1,101,3,1,22,3,3,5,1,1
12895,2021,5,13,4,12,3,2,20,2004,99,1,32,5,5,7,1,1
12896,2021,5,13,4,5,1,1,9,917,99,1,19,2,2,4,1,1
12897,2021,5,13,4,5,1,1,9,917,99,1,16,2,2,4,1,1
12898,2021,5,13,4,15,3,2,18,1801,99,1,28,4,4,6,1,1
12899,2021,5,13,4,7,2,1,18,1804,99,1,50,9,9,11,1,1
12900,2021,5,13,4,16,3,2,1,101,7,2,52,9,9,11,7,2
12901,2021,5,13,4,7,2,1,9,901,99,1,27,4,4,6,7,2
12902,2021,5,13,4,18,4,3,12,1217,99,1,41,7,7,9,7,2
12903,2021,5,13,4,12,3,2,4,401,99,1,21,3,3,5,9,2
12904,2021,5,13,4,11,2,1,1,101,24,1,999,12,16,18,5,1
12905,2021,5,14,5,9,2,1,1,106,99,1,19,2,2,4,1,1
12906,2021,5,14,5,15,3,2,1,101,6,2,71,11,13,15,1,1
12907,2021,5,14,5,15,3,2,1,101,6,2,25,4,4,6,1,1
12908,2021,5,14,5,20,4,3,1,101,18,1,43,7,7,9,1,1
12909,2021,5,14,5,15,3,2,21,2102,99,1,61,11,11,13,1,1
12910,2021,5,14,5,21,4,3,6,604,99,2,26,4,4,6,1,1
12911,2021,5,14,5,16,3,2,17,1703,99,1,36,6,6,8,1,1
12912,2021,5,14,5,17,3,2,1,115,99,1,25,4,4,6,7,2
12913,2021,5,14,5,4,1,1,5,502,99,1,32,5,5,7,7,2
12914,2021,5,14,5,4,1,1,16,1601,99,1,37,6,6,8,1,1
12915,2021,5,14,5,22,4,3,16,1601,99,1,37,6,6,8,1,1
12916,2021,5,14,5,16,3,2,17,1703,99,2,44,7,7,9,7,2
12917,2021,5,15,6,6,2,1,1,101,5,1,53,9,9,11,1,1
12918,2021,5,15,6,21,4,3,1,101,7,1,25,4,4,6,1,1
12919,2021,5,15,6,11,2,1,22,2216,99,2,71,11,13,15,1,1
12920,2021,5,15,6,15,3,2,5,513,99,1,34,5,5,7,1,1
12921,2021,5,15,6,19,4,3,9,912,99,1,19,2,2,4,1,1
12922,2021,5,15,6,12,3,2,9,917,99,1,59,10,10,12,1,1
12923,2021,5,15,6,15,3,2,16,1609,99,1,22,3,3,5,1,1
12924,2021,5,15,6,6,2,1,15,1504,99,1,47,8,8,10,1,1
12925,2021,5,15,6,23,4,3,18,1801,99,1,19,2,2,4,1,1
12926,2021,5,15,6,20,4,3,1,101,9,1,38,6,6,8,9,2
12927,2021,5,15,6,21,4,3,1,107,99,2,39,6,6,8,8,2
12928,2021,5,15,6,21,4,3,1,107,99,2,13,1,1,3,8,2
12929,2021,5,15,6,18,4,3,1,115,99,1,28,4,4,6,8,2
12930,2021,5,15,6,18,4,3,22,2201,99,1,46,8,8,10,7,2
12931,2021,5,15,6,22,4,3,21,2101,99,1,35,6,6,8,8,2
12932,2021,5,15,6,18,4,3,5,511,99,1,21,3,3,5,7,2
12933,2021,5,15,6,18,4,3,5,511,99,1,21,3,3,5,7,2
12934,2021,5,15,6,19,4,3,12,1215,99,1,999,12,16,18,9,2
12935,2021,5,16,7,11,2,1,1,107,99,1,999,12,16,18,1,1
12936,2021,5,16,7,18,4,3,1,101,18,1,27,4,4,6,1,1
12937,2021,5,16,7,21,4,3,1,115,99,1,24,3,3,5,1,1
12938,2021,5,16,7,20,4,3,1,114,99,1,35,6,6,8,1,1
12939,2021,5,16,7,5,1,1,21,2102,99,1,23,3,3,5,2,1
12940,2021,5,16,7,10,2,1,20,2004,99,2,50,9,9,11,2,1
12941,2021,5,16,7,20,4,3,20,2009,99,1,52,9,9,11,1,1
12942,2021,5,16,7,9,2,1,19,1901,99,1,27,4,4,6,3,1
12943,2021,5,16,7,11,2,1,5,507,99,1,48,8,8,10,1,1
12944,2021,5,16,7,11,2,1,5,504,99,2,25,4,4,6,1,1
12945,2021,5,16,7,18,4,3,5,513,99,1,36,6,6,8,1,1
12946,2021,5,16,7,8,2,1,6,609,99,1,25,4,4,6,3,1
12947,2021,5,16,7,19,4,3,12,1230,99,2,42,7,7,9,1,1
12948,2021,5,16,7,18,4,3,1,101,18,1,22,3,3,5,7,2
12949,2021,5,16,7,7,2,1,21,2102,99,1,40,7,7,9,8,2
12950,2021,5,16,7,14,3,2,9,920,99,2,17,2,2,4,9,2
12951,2021,5,16,7,19,4,3,12,1230,99,1,52,9,9,11,7,2
12952,2021,5,16,7,22,4,3,1,115,99,2,38,6,6,8,8,2
12953,2021,5,17,1,10,2,1,1,101,18,1,19,2,2,4,1,1
12954,2021,5,17,1,5,1,1,1,113,99,1,29,4,4,6,1,1
12955,2021,5,17,1,18,4,3,1,115,99,1,999,12,16,18,5,1
12956,2021,5,17,1,6,2,1,22,2214,99,1,31,5,5,7,1,1
12957,2021,5,17,1,8,2,1,20,2005,99,1,55,10,10,12,2,1
12958,2021,5,17,1,18,4,3,11,1102,99,1,38,6,6,8,2,1
12959,2021,5,17,1,14,3,2,21,2101,99,1,21,3,3,5,1,1
12960,2021,5,17,1,1,1,1,19,1904,99,2,57,10,10,12,1,1
12961,2021,5,17,1,14,3,2,6,601,99,1,28,4,4,6,1,1
12962,2021,5,17,1,10,2,1,1,101,18,2,17,2,2,4,7,2
12963,2021,5,17,1,10,2,1,1,101,18,1,21,3,3,5,7,2
12964,2021,5,17,1,21,4,3,1,101,18,2,14,1,1,3,7,2
12965,2021,5,17,1,21,4,3,1,108,99,1,18,2,2,4,8,2
12966,2021,5,17,1,20,4,3,20,2004,99,1,29,4,4,6,7,2
12967,2021,5,17,1,6,2,1,20,2005,99,1,25,4,4,6,8,2
12968,2021,5,17,1,14,3,2,6,601,99,1,36,6,6,8,7,2
12969,2021,5,17,1,21,4,3,18,1804,99,1,34,5,5,7,7,2
12970,2021,5,17,1,21,4,3,17,1705,99,1,31,5,5,7,7,2
12971,2021,5,17,1,20,4,3,1,117,99,1,23,3,3,5,8,2
12972,2021,5,17,1,20,4,3,1,117,99,2,999,12,16,18,8,2
12973,2021,5,18,2,23,4,3,1,101,3,1,19,2,2,4,1,1
12974,2021,5,18,2,8,2,1,1,113,99,1,60,11,11,13,1,1
12975,2021,5,18,2,8,2,1,1,105,99,1,35,6,6,8,1,1
12976,2021,5,18,2,8,2,1,20,2009,99,1,51,9,9,11,1,1
12977,2021,5,18,2,15,3,2,5,502,99,1,23,3,3,5,1,1
12978,2021,5,18,2,17,3,2,1,102,99,2,34,5,5,7,1,1
12979,2021,5,18,2,2,1,1,1,101,12,1,999,12,16,18,5,1
12980,2021,5,18,2,7,2,1,17,1710,99,1,22,3,3,5,1,1
12981,2021,5,18,2,7,2,1,17,1710,99,1,35,6,6,8,1,1
12982,2021,5,18,2,7,2,1,17,1710,99,1,23,3,3,5,1,1
12983,2021,5,18,2,9,2,1,1,101,17,1,29,4,4,6,7,2
12984,2021,5,18,2,4,1,1,1,101,7,1,32,5,5,7,7,2
12985,2021,5,18,2,21,4,3,1,101,11,1,18,2,2,4,9,2
12986,2021,5,18,2,3,1,1,1,115,99,1,26,4,4,6,7,2
12987,2021,5,18,2,9,2,1,18,1803,99,1,31,5,5,7,8,2
12988,2021,5,18,2,3,1,1,3,301,99,1,36,6,6,8,8,2
12989,2021,5,19,3,14,3,2,1,101,24,1,17,2,2,4,1,1
12990,2021,5,19,3,18,4,3,1,107,99,1,59,10,10,12,1,1
12991,2021,5,19,3,5,1,1,1,101,12,1,35,6,6,8,1,1
12992,2021,5,19,3,5,1,1,1,101,12,1,28,4,4,6,1,1
12993,2021,5,19,3,5,1,1,1,101,12,2,28,4,4,6,1,1
12994,2021,5,19,3,23,4,3,22,2201,99,1,52,9,9,11,1,1
12995,2021,5,19,3,13,3,2,5,506,99,1,33,5,5,7,1,1
12996,2021,5,19,3,12,3,2,5,507,99,1,37,6,6,8,1,1
12997,2021,5,19,3,10,2,1,10,1001,99,2,45,8,8,10,2,1
12998,2021,5,19,3,15,3,2,9,903,99,2,30,5,5,7,1,1
12999,2021,5,19,3,16,3,2,9,914,99,1,999,12,16,18,2,1
13000,2021,5,19,3,16,3,2,9,914,99,1,999,12,16,18,2,1
13001,2021,5,19,3,16,3,2,9,914,99,1,999,12,16,18,2,1
13002,2021,5,19,3,16,3,2,9,914,99,1,999,12,16,18,2,1
13003,2021,5,19,3,16,3,2,9,914,99,1,999,12,16,18,2,1
13004,2021,5,19,3,16,3,2,9,914,99,1,999,12,16,18,2,1
13005,2021,5,19,3,16,3,2,9,914,99,1,999,12,16,18,2,1
13006,2021,5,19,3,8,2,1,12,1216,99,2,37,6,6,8,2,1
13007,2021,5,19,3,12,3,2,7,706,99,1,28,4,4,6,1,1
13008,2021,5,19,3,12,3,2,7,706,99,1,40,7,7,9,1,1
13009,2021,5,19,3,18,4,3,4,401,99,2,20,3,3,5,5,1
13010,2021,5,19,3,5,1,1,1,101,12,1,36,6,6,8,7,2
13011,2021,5,19,3,5,1,1,1,101,12,1,24,3,3,5,7,2
13012,2021,5,19,3,22,4,3,1,115,99,1,46,8,8,10,7,2
13013,2021,5,19,3,9,2,1,20,2001,99,2,65,11,12,14,2,1
13014,2021,5,19,3,13,3,2,5,506,99,1,21,3,3,5,7,2
13015,2021,5,19,3,21,4,3,6,602,99,1,29,4,4,6,7,2
13016,2021,5,19,3,20,4,3,11,1101,99,1,999,12,16,18,8,2
13017,2021,5,19,3,7,2,1,7,705,99,1,46,8,8,10,7,2
13018,2021,5,19,3,7,2,1,4,409,99,2,27,4,4,6,8,2
13019,2021,5,19,3,13,3,2,1,108,99,2,33,5,5,7,9,2
13020,2021,5,19,3,21,4,3,1,101,18,2,23,3,3,5,9,2
13021,2021,5,20,4,15,3,2,1,101,18,1,25,4,4,6,1,1
13022,2021,5,20,4,18,4,3,1,115,99,1,35,6,6,8,1,1
13023,2021,5,20,4,6,2,1,10,1013,99,1,43,7,7,9,1,1
13024,2021,5,20,4,20,4,3,2,204,99,1,25,4,4,6,1,1
13025,2021,5,20,4,20,4,3,2,204,99,1,23,3,3,5,1,1
13026,2021,5,20,4,10,2,1,4,401,99,1,27,4,4,6,1,1
13027,2021,5,20,4,10,2,1,4,401,99,1,22,3,3,5,1,1
13028,2021,5,20,4,19,4,3,1,101,7,1,31,5,5,7,7,2
13029,2021,5,20,4,19,4,3,1,101,7,1,32,5,5,7,7,2
13030,2021,5,20,4,17,3,2,1,108,99,1,19,2,2,4,7,2
13031,2021,5,20,4,20,4,3,2,204,99,1,14,1,1,3,7,2
13032,2021,5,21,5,19,4,3,1,101,18,2,26,4,4,6,1,1
13033,2021,5,21,5,16,3,2,1,101,18,1,22,3,3,5,1,1
13034,2021,5,21,5,12,3,2,1,114,99,1,29,4,4,6,1,1
13035,2021,5,21,5,12,3,2,1,114,99,2,30,5,5,7,1,1
13036,2021,5,21,5,20,4,3,19,1901,99,1,43,7,7,9,1,1
13037,2021,5,21,5,14,3,2,4,401,99,1,14,1,1,3,7,2
13038,2021,5,21,5,18,4,3,1,110,99,1,77,11,14,16,8,2
13039,2021,5,21,5,2,1,1,1,101,11,1,34,5,5,7,8,2
13040,2021,5,21,5,21,4,3,9,917,99,1,20,3,3,5,7,2
13041,2021,5,21,5,23,4,3,1,101,5,2,29,4,4,6,8,2
13042,2021,5,21,5,22,4,3,1,108,99,1,37,6,6,8,8,2
13043,2021,5,22,6,4,1,1,1,101,9,1,39,6,6,8,1,1
13044,2021,5,22,6,19,4,3,19,1909,99,1,53,9,9,11,2,1
13045,2021,5,22,6,21,4,3,5,506,99,1,20,3,3,5,1,1
13046,2021,5,22,6,23,4,3,6,601,99,1,39,6,6,8,1,1
13047,2021,5,22,6,23,4,3,10,1001,99,1,24,3,3,5,1,1
13048,2021,5,22,6,22,4,3,1,101,3,1,19,2,2,4,9,2
13049,2021,5,22,6,21,4,3,1,101,18,2,32,5,5,7,7,2
13050,2021,5,22,6,21,4,3,1,101,18,1,19,2,2,4,7,2
13051,2021,5,22,6,16,3,2,1,101,5,1,35,6,6,8,8,2
13052,2021,5,22,6,23,4,3,1,116,99,1,29,4,4,6,8,2
13053,2021,5,22,6,23,4,3,1,108,99,1,22,3,3,5,7,2
13054,2021,5,22,6,14,3,2,21,2101,99,2,20,3,3,5,7,2
13055,2021,5,22,6,20,4,3,5,505,99,1,45,8,8,10,8,2
13056,2021,5,22,6,23,4,3,6,613,99,1,44,7,7,9,8,2
13057,2021,5,22,6,7,2,1,6,614,99,1,29,4,4,6,7,2
13058,2021,5,22,6,18,4,3,16,1608,99,1,37,6,6,8,8,2
13059,2021,5,22,6,18,4,3,16,1608,99,1,50,9,9,11,8,2
13060,2021,5,22,6,18,4,3,16,1608,99,1,19,2,2,4,8,2
13061,2021,5,23,7,15,3,2,1,110,99,1,29,4,4,6,1,1
13062,2021,5,23,7,0,1,1,5,509,99,1,26,4,4,6,1,1
13063,2021,5,23,7,19,4,3,10,1001,99,1,22,3,3,5,1,1
13064,2021,5,23,7,19,4,3,12,1220,99,1,26,4,4,6,1,1
13065,2021,5,23,7,17,3,2,1,101,1,2,35,6,6,8,8,2
13066,2021,5,23,7,18,4,3,1,107,99,1,17,2,2,4,8,2
13067,2021,5,23,7,6,2,1,1,116,99,2,40,7,7,9,8,2
13068,2021,5,23,7,4,1,1,1,108,99,1,21,3,3,5,8,2
13069,2021,5,23,7,17,3,2,21,2101,99,1,55,10,10,12,7,2
13070,2021,5,24,1,19,4,3,1,101,1,1,47,8,8,10,1,1
13071,2021,5,24,1,18,4,3,1,101,7,1,18,2,2,4,1,1
13072,2021,5,24,1,18,4,3,1,101,7,1,20,3,3,5,1,1
13073,2021,5,24,1,10,2,1,1,108,99,1,25,4,4,6,1,1
13074,2021,5,24,1,10,2,1,17,1710,99,1,25,4,4,6,1,1
13075,2021,5,24,1,17,3,2,2,207,99,2,22,3,3,5,7,2
13076,2021,5,24,1,9,2,1,2,203,99,1,62,11,11,13,9,2
13077,2021,5,25,2,8,2,1,1,107,99,1,31,5,5,7,1,1
13078,2021,5,25,2,20,4,3,1,101,7,1,29,4,4,6,1,1
13079,2021,5,25,2,8,2,1,1,108,99,1,19,2,2,4,1,1
13080,2021,5,25,2,9,2,1,5,501,99,1,25,4,4,6,1,1
13081,2021,5,25,2,18,4,3,5,501,99,1,17,2,2,4,1,1
13082,2021,5,25,2,10,2,1,12,1230,99,1,40,7,7,9,1,1
13083,2021,5,25,2,8,2,1,18,1803,99,1,23,3,3,5,1,1
13084,2021,5,25,2,10,2,1,17,1709,99,1,57,10,10,12,1,1
13085,2021,5,25,2,21,4,3,4,414,99,1,26,4,4,6,1,1
13086,2021,5,25,2,21,4,3,4,414,99,1,20,3,3,5,1,1
13087,2021,5,25,2,21,4,3,4,414,99,1,19,2,2,4,7,2
13088,2021,5,25,2,6,2,1,1,110,99,1,23,3,3,5,8,2
13089,2021,5,25,2,18,4,3,5,501,99,1,15,2,2,4,7,2
13090,2021,5,25,2,21,4,3,4,414,99,1,21,3,3,5,7,2
13091,2021,5,25,2,20,4,3,1,115,99,1,44,7,7,9,7,2
13092,2021,5,25,2,13,3,2,21,2101,99,1,40,7,7,9,7,2
13093,2021,5,26,3,20,4,3,1,107,99,1,15,2,2,4,1,1
13094,2021,5,26,3,20,4,3,1,107,99,1,14,1,1,3,1,1
13095,2021,5,26,3,0,1,1,1,103,99,1,25,4,4,6,2,1
13096,2021,5,26,3,5,1,1,1,101,7,1,26,4,4,6,1,1
13097,2021,5,26,3,16,3,2,19,1903,99,1,57,10,10,12,1,1
13098,2021,5,26,3,9,2,1,5,501,99,1,15,2,2,4,1,1
13099,2021,5,26,3,7,2,1,6,601,99,1,23,3,3,5,1,1
13100,2021,5,26,3,4,1,1,11,1103,99,1,26,4,4,6,2,1
13101,2021,5,26,3,14,3,2,2,208,99,1,18,2,2,4,1,1
13102,2021,5,26,3,21,4,3,1,106,99,1,28,4,4,6,9,2
13103,2021,5,26,3,7,2,1,1,101,12,1,37,6,6,8,7,2
13104,2021,5,26,3,11,2,1,1,101,21,1,47,8,8,10,7,2
13105,2021,5,26,3,14,3,2,1,116,99,1,20,3,3,5,7,2
13106,2021,5,26,3,5,1,1,21,2101,99,1,25,4,4,6,9,2
13107,2021,5,26,3,20,4,3,21,2101,99,2,28,4,4,6,9,2
13108,2021,5,26,3,9,2,1,13,1305,99,1,999,12,16,18,7,2
13109,2021,5,26,3,0,1,1,17,1709,99,2,50,9,9,11,8,2
13110,2021,5,27,4,10,2,1,1,101,18,2,42,7,7,9,2,1
13111,2021,5,27,4,17,3,2,1,108,99,1,22,3,3,5,2,1
13112,2021,5,27,4,21,4,3,6,608,99,1,21,3,3,5,2,1
13113,2021,5,27,4,5,1,1,11,1109,99,1,28,4,4,6,1,1
13114,2021,5,27,4,17,3,2,17,1709,99,2,14,1,1,3,8,2
13115,2021,5,28,5,19,4,3,1,111,99,2,28,4,4,6,1,1
13116,2021,5,28,5,14,3,2,20,2004,99,1,40,7,7,9,1,1
13117,2021,5,28,5,18,4,3,19,1901,99,1,59,10,10,12,1,1
13118,2021,5,28,5,11,2,1,18,1805,99,1,21,3,3,5,1,1
13119,2021,5,28,5,18,4,3,7,713,99,1,36,6,6,8,1,1
13120,2021,5,28,5,18,4,3,7,713,99,1,29,4,4,6,1,1
13121,2021,5,28,5,18,4,3,7,713,99,1,26,4,4,6,1,1
13122,2021,5,28,5,8,2,1,4,408,99,1,19,2,2,4,1,1
13123,2021,5,28,5,5,1,1,1,101,1,2,31,5,5,7,7,2
13124,2021,5,28,5,5,1,1,1,101,1,1,29,4,4,6,7,2
13125,2021,5,28,5,18,4,3,1,101,12,1,69,11,12,14,8,2
13126,2021,5,28,5,19,4,3,1,111,99,1,40,7,7,9,1,1
13127,2021,5,28,5,13,3,2,5,501,99,2,58,10,10,12,8,2
13128,2021,5,28,5,19,4,3,10,1001,99,1,37,6,6,8,7,2
13129,2021,5,28,5,12,3,2,11,1109,99,1,30,5,5,7,7,2
13130,2021,5,28,5,6,2,1,12,1217,99,1,999,12,16,18,9,2
13131,2021,5,28,5,10,2,1,9,923,99,1,19,2,2,4,5,1
13132,2021,5,29,6,17,3,2,1,115,99,1,22,3,3,5,1,1
13133,2021,5,29,6,20,4,3,5,506,99,1,52,9,9,11,1,1
13134,2021,5,29,6,19,4,3,6,608,99,1,22,3,3,5,1,1
13135,2021,5,29,6,18,4,3,18,1803,99,1,28,4,4,6,1,1
13136,2021,5,29,6,20,4,3,1,101,14,1,25,4,4,6,7,2
13137,2021,5,29,6,11,2,1,1,101,11,1,999,12,16,18,7,2
13138,2021,5,29,6,11,2,1,1,101,11,1,20,3,3,5,7,2
13139,2021,5,29,6,9,2,1,1,108,99,1,21,3,3,5,9,2
13140,2021,5,29,6,23,4,3,6,613,99,1,31,5,5,7,7,2
13141,2021,5,29,6,23,4,3,1,107,99,2,39,6,6,8,5,1
13142,2021,5,30,7,14,3,2,1,101,24,1,19,2,2,4,1,1
13143,2021,5,30,7,18,4,3,1,106,99,2,22,3,3,5,1,1
13144,2021,5,30,7,14,3,2,1,101,13,1,25,4,4,6,1,1
13145,2021,5,30,7,20,4,3,19,1901,99,1,35,6,6,8,1,1
13146,2021,5,30,7,20,4,3,19,1901,99,2,2,1,1,1,1,1
13147,2021,5,30,7,22,4,3,19,1901,99,1,30,5,5,7,1,1
13148,2021,5,30,7,21,4,3,5,513,99,1,39,6,6,8,1,1
13149,2021,5,30,7,22,4,3,5,513,99,1,23,3,3,5,1,1
13150,2021,5,30,7,8,2,1,6,608,99,1,36,6,6,8,1,1
13151,2021,5,30,7,21,4,3,9,917,99,1,21,3,3,5,1,1
13152,2021,5,30,7,21,4,3,18,1805,99,1,22,3,3,5,1,1
13153,2021,5,30,7,2,1,1,17,1713,99,1,27,4,4,6,1,1
13154,2021,5,30,7,22,4,3,1,101,2,1,40,7,7,9,8,2
13155,2021,5,30,7,20,4,3,1,103,99,1,24,3,3,5,8,2
13156,2021,5,30,7,20,4,3,19,1901,99,2,10,1,1,3,7,2
13157,2021,5,30,7,21,4,3,9,917,99,1,21,3,3,5,7,2
13158,2021,5,30,7,20,4,3,16,1601,99,1,42,7,7,9,9,2
13159,2021,5,30,7,20,4,3,16,1601,99,1,15,2,2,4,8,2
13160,2021,5,30,7,21,4,3,18,1805,99,1,23,3,3,5,7,2
13161,2021,5,30,7,20,4,3,18,1801,99,1,34,5,5,7,8,2
13162,2021,5,30,7,3,1,1,17,1702,99,1,29,4,4,6,8,2
13163,2021,5,30,7,2,1,1,17,1713,99,1,48,8,8,10,7,2
13164,2021,5,30,7,18,4,3,7,706,99,1,33,5,5,7,7,2
13165,2021,5,30,7,23,4,3,10,1001,99,1,25,4,4,6,7,2
13166,2021,5,30,7,23,4,3,1,101,12,1,22,3,3,5,5,1
13167,2021,5,31,1,10,2,1,1,107,99,2,61,11,11,13,3,1
13168,2021,5,31,1,20,4,3,5,506,99,2,21,3,3,5,1,1
13169,2021,5,31,1,7,2,1,1,108,99,1,48,8,8,10,7,2
13170,2021,5,31,1,18,4,3,1,101,4,1,30,5,5,7,9,2
13171,2021,5,31,1,18,4,3,1,101,4,1,30,5,5,7,9,2
13172,2021,5,16,7,21,4,3,5,501,99,1,37,6,6,8,8,2
13173,2021,5,1,6,20,4,3,1,117,99,1,57,10,10,12,68,7
13174,2021,5,1,6,18,4,3,21,2101,99,2,37,6,6,8,68,7
13175,2021,5,1,6,18,4,3,21,2101,99,1,58,10,10,12,68,7
13176,2021,5,1,6,10,2,1,2,203,99,2,21,3,3,5,68,7
13177,2021,5,2,7,21,4,3,22,2201,99,2,72,11,13,15,68,7
13178,2021,5,2,7,23,4,3,20,2009,99,2,999,12,16,18,68,7
13179,2021,5,2,7,20,4,3,10,1010,99,2,63,11,11,13,68,7
13180,2021,5,2,7,18,4,3,13,1331,99,2,26,4,4,6,68,7
13181,2021,5,3,1,20,4,3,20,2005,99,1,26,4,4,6,68,7
13182,2021,5,3,1,20,4,3,20,2005,99,1,30,5,5,7,68,7
13183,2021,5,5,3,12,3,2,1,115,99,2,999,12,16,18,68,7
13184,2021,5,5,3,14,3,2,11,1108,99,2,28,4,4,6,68,7
13185,2021,5,6,4,19,4,3,2,203,99,2,22,3,3,5,68,7
13186,2021,5,6,4,22,4,3,1,101,19,2,24,3,3,5,68,7
13187,2021,5,7,5,10,2,1,9,920,99,2,35,6,6,8,68,7
13188,2021,5,7,5,17,3,2,2,202,99,2,41,7,7,9,68,7
13189,2021,5,7,5,18,4,3,4,408,99,2,49,8,8,10,68,7
13190,2021,5,8,6,21,4,3,10,1001,99,1,68,11,12,14,68,7
13191,2021,5,9,7,0,1,1,1,117,99,1,68,11,12,14,68,7
13192,2021,5,9,7,3,1,1,6,603,99,2,35,6,6,8,68,7
13193,2021,5,9,7,18,4,3,6,602,99,2,23,3,3,5,68,7
13194,2021,5,9,7,19,4,3,11,1102,99,1,75,11,14,16,68,7
13195,2021,5,9,7,23,4,3,13,1321,99,1,48,8,8,10,68,7
13196,2021,5,9,7,23,4,3,13,1321,99,2,40,7,7,9,68,7
13197,2021,5,9,7,23,4,3,13,1321,99,2,24,3,3,5,68,7
13198,2021,5,9,7,0,1,1,16,1613,99,2,41,7,7,9,68,7
13199,2021,5,9,7,11,2,1,16,1609,99,2,17,2,2,4,68,7
13200,2021,5,9,7,2,1,1,16,1609,99,2,65,11,12,14,68,7
13201,2021,5,9,7,1,1,1,15,1504,99,2,26,4,4,6,68,7
13202,2021,5,9,7,19,4,3,17,1707,99,2,30,5,5,7,68,7
13203,2021,5,10,1,22,4,3,1,106,99,2,22,3,3,5,68,7
13204,2021,5,10,1,9,2,1,22,2207,99,2,999,12,16,18,68,7
13205,2021,5,10,1,19,4,3,9,901,99,1,70,11,13,15,68,7
13206,2021,5,10,1,21,4,3,2,204,99,2,38,6,6,8,68,7
13207,2021,5,11,2,21,4,3,1,116,99,2,23,3,3,5,68,7
13208,2021,5,11,2,20,4,3,20,2001,99,2,16,2,2,4,68,7
13209,2021,5,11,2,9,2,1,4,406,99,2,999,12,16,18,68,7
13210,2021,5,12,3,22,4,3,8,804,99,2,999,12,16,18,68,7
13211,2021,5,12,3,0,1,1,16,1611,99,2,42,7,7,9,68,7
13212,2021,5,12,3,23,4,3,17,1703,99,2,40,7,7,9,68,7
13213,2021,5,13,4,9,2,1,22,2205,99,2,17,2,2,4,68,7
13214,2021,5,13,4,11,2,1,16,1608,99,1,70,11,13,15,68,7
13215,2021,5,15,6,3,1,1,1,116,99,2,25,4,4,6,68,7
13216,2021,5,15,6,19,4,3,13,1319,99,2,60,11,11,13,68,7
13217,2021,5,16,7,21,4,3,1,110,99,2,999,12,16,18,68,7
13218,2021,5,16,7,14,3,2,20,2004,99,2,18,2,2,4,68,7
13219,2021,5,16,7,14,3,2,11,1101,99,2,58,10,10,12,68,7
13220,2021,5,16,7,12,3,2,13,1302,99,2,27,4,4,6,68,7
13221,2021,5,16,7,15,3,2,16,1609,99,2,27,4,4,6,68,7
13222,2021,5,16,7,15,3,2,16,1609,99,1,59,10,10,12,68,7
13223,2021,5,17,1,3,1,1,1,117,99,2,20,3,3,5,68,7
13224,2021,5,17,1,19,4,3,1,115,99,2,37,6,6,8,68,7
13225,2021,5,17,1,20,4,3,15,1502,99,2,22,3,3,5,68,7
13226,2021,5,17,1,10,2,1,7,715,99,2,67,11,12,14,68,7
13227,2021,5,18,2,18,4,3,9,906,99,2,18,2,2,4,68,7
13228,2021,5,18,2,15,3,2,16,1601,99,2,33,5,5,7,68,7
13229,2021,5,19,3,21,4,3,22,2201,99,2,62,11,11,13,68,7
13230,2021,5,19,3,18,4,3,14,1416,99,2,35,6,6,8,68,7
13231,2021,5,20,4,17,3,2,5,501,99,2,32,5,5,7,68,7
13232,2021,5,21,5,17,3,2,1,108,99,2,24,3,3,5,68,7
13233,2021,5,21,5,19,4,3,20,2001,99,2,26,4,4,6,68,7
13234,2021,5,21,5,10,2,1,7,701,99,2,999,12,16,18,68,7
13235,2021,5,22,6,18,4,3,11,1106,99,1,17,2,2,4,68,7
13236,2021,5,22,6,4,1,1,16,1616,99,2,17,2,2,4,68,7
13237,2021,5,22,6,21,4,3,14,1420,99,2,15,2,2,4,68,7
13238,2021,5,22,6,13,3,2,14,1401,99,2,61,11,11,13,68,7
13239,2021,5,22,6,9,2,1,3,301,99,2,23,3,3,5,68,7
13240,2021,5,23,7,1,1,1,10,1006,99,1,61,11,11,13,68,7
13241,2021,5,23,7,12,3,2,9,920,99,2,40,7,7,9,68,7
13242,2021,5,23,7,0,1,1,16,1612,99,2,23,3,3,5,68,7
13243,2021,5,23,7,0,1,1,16,1612,99,1,65,11,12,14,68,7
13244,2021,5,23,7,10,2,1,15,1501,99,2,37,6,6,8,68,7
13245,2021,5,23,7,20,4,3,7,705,99,2,25,4,4,6,68,7
13246,2021,5,24,1,2,1,1,16,1601,99,2,25,4,4,6,68,7
13247,2021,5,24,1,18,4,3,5,501,99,2,43,7,7,9,68,7
13248,2021,5,25,2,1,1,1,16,1609,99,2,19,2,2,4,68,7
13249,2021,5,25,2,18,4,3,15,1503,99,2,44,7,7,9,68,7
13250,2021,5,26,3,16,3,2,9,901,99,2,24,3,3,5,68,7
13251,2021,5,27,4,21,4,3,1,109,99,2,23,3,3,5,68,7
13252,2021,5,28,5,16,3,2,1,117,99,1,999,12,16,18,68,7
13253,2021,5,28,5,22,4,3,1,108,99,2,20,3,3,5,68,7
13254,2021,5,28,5,0,1,1,12,1202,99,1,56,10,10,12,68,7
13255,2021,5,28,5,20,4,3,17,1712,99,2,39,6,6,8,68,7
13256,2021,5,29,6,17,3,2,4,408,99,2,48,8,8,10,68,7
13257,2021,5,30,7,0,1,1,1,110,99,2,999,12,16,18,68,7
13258,2021,5,30,7,14,3,2,21,2101,99,2,999,12,16,18,68,7
13259,2021,5,30,7,11,2,1,5,501,99,2,33,5,5,7,68,7
13260,2021,5,30,7,11,2,1,5,501,99,1,23,3,3,5,68,7
13261,2021,5,30,7,21,4,3,13,1313,99,1,55,10,10,12,68,7
13262,2021,5,30,7,18,4,3,15,1508,99,2,999,12,16,18,68,7
13263,2021,5,30,7,23,4,3,13,1312,99,2,999,12,16,18,68,7
13264,2021,5,1,6,22,4,3,1,101,11,2,21,3,3,5,110,7
13265,2021,5,1,6,3,1,1,5,501,99,1,18,2,2,4,87,7
13266,2021,5,2,7,21,4,3,17,1712,99,1,25,4,4,6,87,7
13267,2021,5,3,1,17,3,2,5,502,99,1,38,6,6,8,111,7
13268,2021,5,4,2,23,4,3,17,1704,99,1,37,6,6,8,88,7
13269,2021,5,5,3,1,1,1,20,2004,99,2,25,4,4,6,88,7
13270,2021,5,7,5,14,3,2,1,108,99,1,33,5,5,7,88,7
13271,2021,5,7,5,9,2,1,16,1601,99,1,51,9,9,11,88,7
13272,2021,5,8,6,3,1,1,1,101,21,2,20,3,3,5,86,7
13273,2021,5,8,6,6,2,1,1,114,99,2,28,4,4,6,89,7
13274,2021,5,8,6,14,3,2,3,312,99,2,17,2,2,4,89,7
13275,2021,5,9,7,15,3,2,1,114,99,1,21,3,3,5,88,7
13276,2021,5,9,7,21,4,3,22,2201,99,1,17,2,2,4,88,7
13277,2021,5,9,7,23,4,3,2,208,99,1,30,5,5,7,89,7
13278,2021,5,9,7,8,2,1,3,301,99,1,71,11,13,15,88,7
13279,2021,5,10,1,20,4,3,1,101,8,1,23,3,3,5,116,7
13280,2021,5,10,1,10,2,1,12,1215,99,2,24,3,3,5,116,7
13281,2021,5,10,1,13,3,2,16,1608,99,1,38,6,6,8,88,7
13282,2021,5,10,1,10,2,1,18,1802,99,2,28,4,4,6,116,7
13283,2021,5,11,2,20,4,3,22,2201,99,1,26,4,4,6,87,7
13284,2021,5,11,2,1,1,1,10,1008,99,1,87,11,15,17,88,7
13285,2021,5,12,3,15,3,2,3,302,99,2,14,1,1,3,88,7
13286,2021,5,13,4,20,4,3,1,115,99,1,17,2,2,4,111,7
13287,2021,5,15,6,13,3,2,1,101,11,1,35,6,6,8,106,7
13288,2021,5,15,6,12,3,2,11,1102,99,1,11,1,1,3,88,7
13289,2021,5,16,7,0,1,1,1,105,99,2,29,4,4,6,93,7
13290,2021,5,16,7,17,3,2,20,2001,99,1,40,7,7,9,88,7
13291,2021,5,16,7,19,4,3,5,507,99,1,28,4,4,6,88,7
13292,2021,5,16,7,12,3,2,9,914,99,1,39,6,6,8,88,7
13293,2021,5,16,7,17,3,2,3,308,99,1,26,4,4,6,116,7
13294,2021,5,19,3,14,3,2,1,114,99,2,21,3,3,5,107,7
13295,2021,5,20,4,11,2,1,4,406,99,1,24,3,3,5,88,7
13296,2021,5,20,4,20,4,3,4,401,99,1,17,2,2,4,89,7
13297,2021,5,21,5,5,1,1,5,501,99,2,37,6,6,8,89,7
13298,2021,5,22,6,12,3,2,16,1601,99,1,32,5,5,7,88,7
13299,2021,5,22,6,7,2,1,17,1712,99,1,33,5,5,7,88,7
13300,2021,5,23,7,3,1,1,1,101,18,1,55,10,10,12,88,7
13301,2021,5,23,7,16,3,2,3,301,99,1,23,3,3,5,88,7
13302,2021,5,24,1,1,1,1,1,101,18,2,34,5,5,7,89,7
13303,2021,5,24,1,2,1,1,21,2102,99,1,21,3,3,5,87,7
13304,2021,5,25,2,18,4,3,5,501,99,1,19,2,2,4,88,7
13305,2021,5,25,2,16,3,2,1,116,99,1,63,11,11,13,88,7
13306,2021,5,25,2,19,4,3,16,1604,99,2,10,1,1,3,88,7
13307,2021,5,26,3,19,4,3,1,115,99,1,12,1,1,3,88,7
13308,2021,5,26,3,13,3,2,4,401,99,1,11,1,1,3,88,7
13309,2021,5,27,4,15,3,2,1,116,99,1,47,8,8,10,88,7
13310,2021,5,27,4,20,4,3,16,1613,99,1,25,4,4,6,88,7
13311,2021,5,28,5,19,4,3,1,111,99,1,35,6,6,8,87,7
13312,2021,5,30,7,3,1,1,1,101,3,1,999,12,16,18,92,7
13313,2021,5,31,1,10,2,1,14,1401,99,1,31,5,5,7,88,7
13314,2021,5,1,6,3,1,1,5,514,99,2,27,4,4,6,68,7
13315,2021,5,1,6,19,4,3,19,1905,99,2,14,1,1,3,68,7
13316,2021,5,1,6,0,1,1,13,1301,99,2,25,4,4,6,68,7
13317,2021,5,2,7,10,2,1,9,901,99,2,9,1,1,2,68,7
13318,2021,5,3,1,0,1,1,4,404,99,2,15,2,2,4,68,7
13319,2021,5,4,2,11,2,1,1,108,99,2,15,2,2,4,68,7
13320,2021,5,4,2,11,2,1,1,108,99,2,14,1,1,3,68,7
13321,2021,5,7,5,20,4,3,6,602,99,2,14,1,1,3,68,7
13322,2021,5,7,5,23,4,3,6,608,99,2,30,5,5,7,68,7
13323,2021,5,9,7,0,1,1,1,101,18,2,18,2,2,4,68,7
13324,2021,5,9,7,19,4,3,22,2201,99,2,16,2,2,4,68,7
13325,2021,5,9,7,0,1,1,5,501,99,2,24,3,3,5,68,7
13326,2021,5,10,1,15,3,2,5,502,99,2,42,7,7,9,68,7
13327,2021,5,11,2,20,4,3,1,117,99,2,13,1,1,3,68,7
13328,2021,5,11,2,17,3,2,6,602,99,2,32,5,5,7,68,7
13329,2021,5,11,2,16,3,2,6,608,99,2,16,2,2,4,68,7
13330,2021,5,11,2,5,1,1,13,1304,99,2,21,3,3,5,68,7
13331,2021,5,11,2,21,4,3,7,708,99,2,17,2,2,4,68,7
13332,2021,5,11,2,16,3,2,4,407,99,2,4,1,1,1,68,7
13333,2021,5,12,3,21,4,3,3,308,99,2,8,1,1,2,68,7
13334,2021,5,12,3,13,3,2,13,1301,99,2,12,1,1,3,68,7
13335,2021,5,12,3,13,3,2,13,1301,99,2,12,1,1,3,68,7
13336,2021,5,13,4,22,4,3,14,1406,99,2,32,5,5,7,68,7
13337,2021,5,13,4,23,4,3,17,1710,99,2,19,2,2,4,68,7
13338,2021,5,14,5,2,1,1,1,116,99,2,22,3,3,5,68,7
13339,2021,5,17,1,14,3,2,14,1415,99,2,17,2,2,4,68,7
13340,2021,5,19,3,13,3,2,1,108,99,2,5,1,1,2,68,7
13341,2021,5,20,4,5,1,1,16,1615,99,2,8,1,1,2,68,7
13342,2021,5,20,4,19,4,3,15,1507,99,2,9,1,1,2,68,7
13343,2021,5,21,5,6,2,1,16,1609,99,2,13,1,1,3,68,7
13344,2021,5,21,5,17,3,2,9,903,99,2,8,1,1,2,68,7
13345,2021,5,24,1,17,3,2,9,901,99,2,999,12,16,18,68,7
13346,2021,5,24,1,19,4,3,13,1312,99,2,22,3,3,5,68,7
13347,2021,5,28,5,10,2,1,16,1602,99,2,19,2,2,4,68,7
13348,2021,5,29,6,17,3,2,16,1609,99,2,18,2,2,4,68,7
13349,2021,5,30,7,12,3,2,8,803,99,2,16,2,2,4,68,7
13350,2021,5,2,7,9,2,1,2,207,99,2,66,11,12,14,74,6
13351,2021,5,3,1,9,2,1,13,1301,99,1,45,8,8,10,74,6
13352,2021,5,9,7,8,2,1,13,1302,99,1,36,6,6,8,104,6
13353,2021,5,5,3,99,5,4,1,114,99,2,52,9,9,11,97,6
13354,2021,5,5,3,10,2,1,1,115,99,2,21,3,3,5,97,6
13355,2021,5,6,4,22,4,3,1,115,99,1,53,9,9,11,104,6
13356,2021,5,2,7,15,3,2,1,115,99,1,40,7,7,9,104,6
13357,2021,5,8,6,9,2,1,1,115,99,1,31,5,5,7,104,6
13358,2021,5,14,5,15,3,2,13,1307,99,1,36,6,6,8,104,6
13359,2021,5,14,5,16,3,2,13,1301,99,2,41,7,7,9,97,6
13360,2021,5,16,7,14,3,2,13,1331,99,1,46,8,8,10,104,6
13361,2021,5,10,1,8,2,1,1,116,99,9,999,12,16,18,95,6
13362,2021,5,10,1,11,2,1,1,116,99,1,57,10,10,12,104,6
13363,2021,5,10,1,15,3,2,1,116,99,1,24,3,3,5,74,6
13364,2021,5,11,2,13,3,2,1,114,99,1,53,9,9,11,74,6
13365,2021,5,15,6,20,4,3,1,101,6,1,53,9,9,11,104,6
13366,2021,5,1,6,12,3,2,20,2004,99,1,67,11,12,14,74,6
13367,2021,5,10,1,17,3,2,20,2009,99,2,21,3,3,5,74,6
13368,2021,5,12,3,10,2,1,20,2001,99,1,35,6,6,8,74,6
13369,2021,5,12,3,10,2,1,20,2001,99,1,44,7,7,9,74,6
13370,2021,5,14,5,13,3,2,20,2002,99,1,33,5,5,7,74,6
13371,2021,5,17,1,14,3,2,20,2001,99,2,999,12,16,18,74,6
13372,2021,5,17,1,13,3,2,20,2001,99,1,20,3,3,5,74,6
13373,2021,5,17,1,14,3,2,20,2001,99,1,37,6,6,8,74,6
13374,2021,5,19,3,10,2,1,20,2010,99,1,44,7,7,9,74,6
13375,2021,5,1,6,14,3,2,3,312,99,1,34,5,5,7,74,6
13376,2021,5,1,6,16,3,2,3,315,99,1,20,3,3,5,74,6
13377,2021,5,2,7,13,3,2,3,301,99,1,37,6,6,8,74,6
13378,2021,5,4,2,17,3,2,3,312,99,1,36,6,6,8,74,6
13379,2021,5,4,2,19,4,3,3,310,99,2,25,4,4,6,74,6
13380,2021,5,4,2,16,3,2,3,309,99,2,26,4,4,6,74,6
13381,2021,5,6,4,13,3,2,3,309,99,1,22,3,3,5,74,6
13382,2021,5,6,4,19,4,3,3,316,99,1,29,4,4,6,74,6
13383,2021,5,7,5,13,3,2,3,304,99,1,43,7,7,9,74,6
13384,2021,5,7,5,13,3,2,3,312,99,1,52,9,9,11,74,6
13385,2021,5,7,5,16,3,2,3,312,99,1,999,12,16,18,74,6
13386,2021,5,8,6,11,2,1,3,308,99,1,45,8,8,10,74,6
13387,2021,5,8,6,11,2,1,3,308,99,1,45,8,8,10,74,6
13388,2021,5,8,6,16,3,2,3,304,99,1,45,8,8,10,74,6
13389,2021,5,8,6,19,4,3,3,311,99,1,25,4,4,6,74,6
13390,2021,5,10,1,11,2,1,3,308,99,2,25,4,4,6,74,6
13391,2021,5,10,1,14,3,2,3,304,99,2,44,7,7,9,74,6
13392,2021,5,11,2,11,2,1,1,108,99,2,23,3,3,5,74,6
13393,2021,5,11,2,21,4,3,3,309,99,1,26,4,4,6,74,6
13394,2021,5,11,2,23,4,3,3,306,99,1,30,5,5,7,74,6
13395,2021,5,11,2,2,1,1,3,310,99,1,43,7,7,9,74,6
13396,2021,5,13,4,11,2,1,3,312,99,2,24,3,3,5,74,6
13397,2021,5,17,1,11,2,1,3,312,99,2,40,7,7,9,74,6
13398,2021,5,18,2,17,3,2,3,316,99,1,28,4,4,6,74,6
13399,2021,5,18,2,18,4,3,3,309,99,1,22,3,3,5,74,6
13400,2021,5,19,3,12,3,2,3,304,99,2,23,3,3,5,74,6
13401,2021,5,21,5,8,2,1,3,306,99,2,32,5,5,7,74,6
13402,2021,5,21,5,14,3,2,3,306,99,1,27,4,4,6,74,6
13403,2021,5,23,7,20,4,3,3,302,99,2,29,4,4,6,74,6
13404,2021,5,23,7,18,4,3,3,312,99,1,41,7,7,9,74,6
13405,2021,5,24,1,10,2,1,3,312,99,1,28,4,4,6,74,6
13406,2021,5,24,1,11,2,1,3,310,99,1,28,4,4,6,74,6
13407,2021,5,24,1,13,3,2,3,314,99,2,50,9,9,11,74,6
13408,2021,5,24,1,15,3,2,3,305,99,1,51,9,9,11,74,6
13409,2021,5,24,1,15,3,2,3,312,99,2,34,5,5,7,74,6
13410,2021,5,24,1,16,3,2,3,309,99,1,27,4,4,6,74,6
13411,2021,5,1,6,12,3,2,12,1202,99,1,20,3,3,5,104,6
13412,2021,5,2,7,23,4,3,12,1202,99,2,18,2,2,4,104,6
13413,2021,5,2,7,17,3,2,12,1211,99,2,26,4,4,6,104,6
13414,2021,5,3,1,11,2,1,12,1215,99,1,45,8,8,10,104,6
13415,2021,5,6,4,11,2,1,12,1201,99,1,61,11,11,13,104,6
13416,2021,5,6,4,15,3,2,12,1219,99,2,44,7,7,9,104,6
13417,2021,5,6,4,17,3,2,12,1219,99,1,48,8,8,10,104,6
13418,2021,5,6,4,11,2,1,12,1210,99,2,30,5,5,7,104,6
13419,2021,5,6,4,12,3,2,12,1224,99,2,24,3,3,5,104,6
13420,2021,5,6,4,15,3,2,12,1202,99,2,32,5,5,7,104,6
13421,2021,5,7,5,14,3,2,12,1201,99,1,24,3,3,5,97,6
13422,2021,5,10,1,10,2,1,12,1215,99,1,999,12,16,18,104,6
13423,2021,5,10,1,99,5,4,12,1206,99,2,34,5,5,7,104,6
13424,2021,5,12,3,22,4,3,12,1201,99,1,19,2,2,4,104,6
13425,2021,5,12,3,9,2,1,12,1223,99,1,32,5,5,7,104,6
13426,2021,5,18,2,14,3,2,12,1215,99,1,999,12,16,18,104,6
13427,2021,5,19,3,17,3,2,12,1202,99,1,33,5,5,7,104,6
13428,2021,5,21,5,10,2,1,12,1223,99,2,23,3,3,5,104,6
13429,2021,5,21,5,10,2,1,12,1207,99,2,33,5,5,7,104,6
13430,2021,5,22,6,10,2,1,12,1201,99,1,35,6,6,8,104,6
13431,2021,5,22,6,11,2,1,12,1219,99,2,32,5,5,7,104,6
13432,2021,5,5,3,16,3,2,8,804,99,1,23,3,3,5,104,6
13433,2021,5,10,1,18,4,3,8,802,99,2,30,5,5,7,104,6
13434,2021,5,21,5,13,3,2,8,801,99,1,39,6,6,8,104,6
13435,2021,5,1,6,99,5,4,1,108,99,1,999,12,16,18,97,6
13436,2021,5,3,1,18,4,3,1,108,99,2,999,12,16,18,97,6
13437,2021,5,11,2,99,5,4,1,108,99,2,27,4,4,6,104,6
13438,2021,5,7,5,17,3,2,1,101,99,2,36,6,6,8,97,6
13439,2021,5,19,3,16,3,2,1,116,99,1,27,4,4,6,97,6
13440,2021,5,17,1,10,2,1,1,116,99,2,38,6,6,8,97,6
13441,2021,5,20,4,12,3,2,1,116,99,1,53,9,9,11,74,6
13442,2021,5,21,5,23,4,3,1,115,99,1,37,6,6,8,104,6
13443,2021,5,21,5,19,4,3,1,114,99,1,40,7,7,9,104,6
13444,2021,5,22,6,18,4,3,1,114,99,2,999,12,16,18,104,6
13445,2021,5,24,1,9,2,1,1,114,99,1,19,2,2,4,104,6
13446,2021,5,25,2,13,3,2,13,1330,99,2,31,5,5,7,104,6
13447,2021,5,18,2,13,3,2,17,1701,99,1,66,11,12,14,104,6
13448,2021,5,24,1,13,3,2,17,1703,99,1,33,5,5,7,104,6
13449,2021,5,6,4,17,3,2,14,1413,99,2,48,8,8,10,74,6
13450,2021,5,6,4,17,3,2,14,1413,99,2,999,12,16,18,74,6
13451,2021,5,19,3,9,2,1,14,1418,99,1,55,10,10,12,74,6
13452,2021,5,19,3,13,3,2,14,1403,99,1,45,8,8,10,74,6
13453,2021,5,21,5,15,3,2,14,1415,99,2,22,3,3,5,74,6
13454,2021,5,26,3,13,3,2,14,1412,99,1,33,5,5,7,74,6
13455,2021,5,26,3,11,2,1,3,305,99,1,22,3,3,5,74,6
13456,2021,5,26,3,11,2,1,3,305,99,1,40,7,7,9,74,6
13457,2021,5,26,3,17,3,2,3,312,99,2,26,4,4,6,74,6
13458,2021,5,27,4,13,3,2,3,301,99,1,999,12,16,18,74,6
13459,2021,5,27,4,17,3,2,3,309,99,1,38,6,6,8,74,6
13460,2021,5,27,4,12,3,2,3,302,99,1,32,5,5,7,74,6
13461,2021,5,31,1,12,3,2,3,308,99,1,41,7,7,9,74,6
13462,2021,5,31,1,12,3,2,3,312,99,1,20,3,3,5,74,6
13463,2021,5,25,2,12,3,2,12,1215,99,1,21,3,3,5,104,6
13464,2021,5,28,5,11,2,1,12,1219,99,2,999,12,16,18,104,6
13465,2021,5,31,1,14,3,2,12,1201,99,1,999,12,16,18,104,6
13466,2021,5,10,1,15,3,2,7,709,99,1,38,6,6,8,104,6
13467,2021,5,10,1,15,3,2,7,709,99,1,35,6,6,8,104,6
13468,2021,5,13,4,10,2,1,7,704,99,1,26,4,4,6,104,6
13469,2021,5,19,3,12,3,2,7,706,99,2,27,4,4,6,104,6
13470,2021,5,22,6,17,3,2,7,701,99,2,53,9,9,11,104,6
13471,2021,5,26,3,16,3,2,7,717,99,1,42,7,7,9,104,6
13472,2021,5,27,4,10,2,1,7,701,99,1,37,6,6,8,104,6
13473,2021,5,27,4,16,3,2,7,705,99,1,24,3,3,5,104,6
13474,2021,5,31,1,11,2,1,7,701,99,1,33,5,5,7,104,6
13475,2021,5,26,3,9,2,1,1,114,99,2,24,3,3,5,104,6
13476,2021,5,26,3,22,4,3,1,116,99,1,24,3,3,5,104,6
13477,2021,5,26,3,17,3,2,1,117,99,1,36,6,6,8,104,6
13478,2021,5,26,3,15,3,2,1,116,99,1,34,5,5,7,104,6
13479,2021,5,26,3,12,3,2,1,116,99,1,49,8,8,10,104,6
13480,2021,5,31,1,11,2,1,1,116,99,1,37,6,6,8,104,6
13481,2021,5,6,4,9,2,1,19,1902,99,1,22,3,3,5,104,6
13482,2021,5,6,4,9,2,1,19,1901,99,2,26,4,4,6,104,6
13483,2021,5,7,5,13,3,2,19,1904,99,1,28,4,4,6,104,6
13484,2021,5,8,6,14,3,2,19,1906,99,2,23,3,3,5,74,6
13485,2021,5,10,1,13,3,2,19,1901,99,2,20,3,3,5,74,6
13486,2021,5,11,2,10,2,1,19,1901,99,1,43,7,7,9,104,6
13487,2021,5,11,2,10,2,1,19,1901,99,1,30,5,5,7,104,6
13488,2021,5,21,5,12,3,2,19,1901,99,2,34,5,5,7,104,6
13489,2021,5,22,6,12,3,2,19,1901,99,1,25,4,4,6,104,6
13490,2021,5,26,3,10,2,1,19,1901,99,1,29,4,4,6,104,6
13491,2021,5,29,6,15,3,2,19,1901,99,1,20,3,3,5,104,6
13492,2021,5,29,6,21,4,3,19,1901,99,1,43,7,7,9,104,6
13493,2021,5,25,2,12,3,2,8,801,99,2,24,3,3,5,104,6
13494,2021,5,27,4,11,2,1,8,801,99,1,22,3,3,5,104,6
13495,2021,5,27,4,14,3,2,8,801,99,2,21,3,3,5,104,6
13496,2021,5,24,1,9,2,1,1,108,99,1,44,7,7,9,97,6
13497,2021,5,29,6,12,3,2,1,110,99,1,44,7,7,9,97,6
13498,2021,5,18,2,20,4,3,1,101,1,1,24,3,3,5,97,6
13499,2021,5,1,6,0,1,1,1,101,14,2,45,8,8,10,97,6
13500,2021,5,1,6,16,3,2,1,101,18,1,33,5,5,7,97,6
13501,2021,5,1,6,16,3,2,1,101,21,2,38,6,6,8,104,6
13502,2021,5,1,6,20,4,3,1,101,6,1,25,4,4,6,97,6
13503,2021,5,2,7,17,3,2,1,101,99,2,46,8,8,10,97,6
13504,2021,5,2,7,17,3,2,1,101,18,1,28,4,4,6,97,6
13505,2021,5,2,7,18,4,3,1,108,99,1,71,11,13,15,97,6
13506,2021,5,2,7,20,4,3,1,101,6,1,54,9,9,11,97,6
13507,2021,5,2,7,20,4,3,1,101,17,1,45,8,8,10,104,6
13508,2021,5,3,1,11,2,1,1,101,6,1,44,7,7,9,104,6
13509,2021,5,3,1,13,3,2,1,101,7,1,40,7,7,9,95,6
13510,2021,5,3,1,13,3,2,1,103,99,2,25,4,4,6,104,6
13511,2021,5,3,1,15,3,2,1,101,16,2,26,4,4,6,104,6
13512,2021,5,3,1,16,3,2,1,101,99,1,50,9,9,11,97,6
13513,2021,5,3,1,21,4,3,1,101,21,1,31,5,5,7,97,6
13514,2021,5,4,2,12,3,2,1,102,99,2,18,2,2,4,104,6
13515,2021,5,4,2,12,3,2,1,116,99,1,21,3,3,5,104,6
13516,2021,5,4,2,12,3,2,1,116,99,1,50,9,9,11,104,6
13517,2021,5,4,2,14,3,2,1,101,11,1,39,6,6,8,97,6
13518,2021,5,4,2,15,3,2,1,108,99,1,52,9,9,11,99,6
13519,2021,5,4,2,18,4,3,1,101,16,1,49,8,8,10,104,6
13520,2021,5,4,2,18,4,3,1,107,99,1,52,9,9,11,104,6
13521,2021,5,4,2,18,4,3,5,511,99,2,42,7,7,9,97,6
13522,2021,5,4,2,20,4,3,1,101,16,1,58,10,10,12,97,6
13523,2021,5,4,2,20,4,3,1,101,18,1,34,5,5,7,104,6
13524,2021,5,4,2,20,4,3,1,101,13,1,29,4,4,6,97,6
13525,2021,5,5,3,10,2,1,1,101,7,1,20,3,3,5,104,6
13526,2021,5,5,3,12,3,2,1,102,99,1,69,11,12,14,104,6
13527,2021,5,5,3,12,3,2,1,110,99,1,47,8,8,10,95,6
13528,2021,5,5,3,19,4,3,1,101,18,1,40,7,7,9,104,6
13529,2021,5,5,3,20,4,3,1,101,3,2,40,7,7,9,104,6
13530,2021,5,5,3,21,4,3,1,101,12,1,31,5,5,7,104,6
13531,2021,5,6,4,8,2,1,1,101,12,2,44,7,7,9,104,6
13532,2021,5,6,4,12,3,2,1,101,18,2,23,3,3,5,104,6
13533,2021,5,6,4,12,3,2,1,107,99,1,46,8,8,10,97,6
13534,2021,5,6,4,15,3,2,1,117,99,1,44,7,7,9,97,6
13535,2021,5,6,4,15,3,2,1,101,18,1,38,6,6,8,104,6
13536,2021,5,6,4,15,3,2,1,101,7,2,20,3,3,5,104,6
13537,2021,5,6,4,15,3,2,1,101,18,1,21,3,3,5,104,6
13538,2021,5,6,4,16,3,2,1,101,5,1,51,9,9,11,104,6
13539,2021,5,6,4,18,4,3,1,101,18,2,23,3,3,5,104,6
13540,2021,5,6,4,21,4,3,1,101,2,2,28,4,4,6,104,6
13541,2021,5,6,4,22,4,3,1,101,19,1,44,7,7,9,104,6
13542,2021,5,6,4,22,4,3,1,101,6,2,32,5,5,7,104,6
13543,2021,5,7,5,9,2,1,1,101,18,2,51,9,9,11,104,6
13544,2021,5,7,5,12,3,2,1,101,4,2,33,5,5,7,97,6
13545,2021,5,7,5,12,3,2,1,101,3,1,56,10,10,12,104,6
13546,2021,5,7,5,15,3,2,1,101,6,1,31,5,5,7,97,6
13547,2021,5,7,5,9,2,1,1,101,6,2,51,9,9,11,104,6
13548,2021,5,7,5,17,3,2,1,113,99,1,37,6,6,8,104,6
13549,2021,5,7,5,17,3,2,1,101,6,1,48,8,8,10,104,6
13550,2021,5,7,5,19,4,3,1,101,18,2,25,4,4,6,97,6
13551,2021,5,7,5,20,4,3,1,110,99,2,41,7,7,9,104,6
13552,2021,5,7,5,20,4,3,1,101,3,1,39,6,6,8,97,6
13553,2021,5,7,5,20,4,3,1,101,21,2,45,8,8,10,104,6
13554,2021,5,7,5,21,4,3,1,101,18,1,59,10,10,12,104,6
13555,2021,5,7,5,22,4,3,1,106,99,1,31,5,5,7,97,6
13556,2021,5,7,5,15,3,2,1,101,18,1,63,11,11,13,104,6
13557,2021,5,8,6,22,4,3,1,101,12,1,40,7,7,9,104,6
13558,2021,5,9,7,11,2,1,1,103,99,2,48,8,8,10,104,6
13559,2021,5,9,7,13,3,2,1,101,8,2,59,10,10,12,104,6
13560,2021,5,10,1,15,3,2,1,101,18,2,23,3,3,5,104,6
13561,2021,5,10,1,15,3,2,1,101,21,2,52,9,9,11,104,6
13562,2021,5,10,1,16,3,2,1,106,99,1,38,6,6,8,97,6
13563,2021,5,10,1,17,3,2,1,103,99,1,31,5,5,7,104,6
13564,2021,5,10,1,17,3,2,1,101,21,2,999,12,16,18,104,6
13565,2021,5,10,1,17,3,2,1,101,1,1,51,9,9,11,104,6
13566,2021,5,11,2,15,3,2,1,117,99,1,999,12,16,18,97,6
13567,2021,5,11,2,16,3,2,1,101,11,1,44,7,7,9,104,6
13568,2021,5,11,2,17,3,2,1,103,99,1,41,7,7,9,97,6
13569,2021,5,11,2,18,4,3,1,101,99,1,999,12,16,18,104,6
13570,2021,5,11,2,18,4,3,1,101,7,2,32,5,5,7,97,6
13571,2021,5,11,2,18,4,3,1,113,99,2,41,7,7,9,97,6
13572,2021,5,11,2,19,4,3,1,101,18,2,43,7,7,9,97,6
13573,2021,5,11,2,20,4,3,2,208,99,2,31,5,5,7,104,6
13574,2021,5,11,2,20,4,3,1,101,19,2,48,8,8,10,104,6
13575,2021,5,11,2,21,4,3,1,103,99,2,49,8,8,10,97,6
13576,2021,5,11,2,22,4,3,1,115,99,1,33,5,5,7,104,6
13577,2021,5,11,2,22,4,3,1,101,18,1,28,4,4,6,104,6
13578,2021,5,11,2,22,4,3,1,101,18,2,24,3,3,5,104,6
13579,2021,5,12,3,11,2,1,1,101,18,2,50,9,9,11,104,6
13580,2021,5,12,3,12,3,2,1,101,3,2,26,4,4,6,97,6
13581,2021,5,12,3,10,2,1,1,103,99,1,32,5,5,7,97,6
13582,2021,5,12,3,11,2,1,1,101,1,1,999,12,16,18,104,6
13583,2021,5,12,3,16,3,2,1,101,8,2,30,5,5,7,97,6
13584,2021,5,12,3,20,4,3,1,101,14,2,32,5,5,7,97,6
13585,2021,5,12,3,20,4,3,1,110,99,1,45,8,8,10,95,6
13586,2021,5,12,3,20,4,3,1,110,99,1,45,8,8,10,95,6
13587,2021,5,13,4,11,2,1,1,101,11,1,25,4,4,6,104,6
13588,2021,5,13,4,15,3,2,1,101,7,2,23,3,3,5,104,6
13589,2021,5,13,4,16,3,2,1,106,99,1,24,3,3,5,104,6
13590,2021,5,13,4,16,3,2,1,101,5,1,32,5,5,7,104,6
13591,2021,5,13,4,17,3,2,1,101,18,2,30,5,5,7,104,6
13592,2021,5,13,4,18,4,3,1,101,18,2,39,6,6,8,97,6
13593,2021,5,13,4,18,4,3,1,101,99,1,49,8,8,10,97,6
13594,2021,5,13,4,20,4,3,1,101,18,1,35,6,6,8,97,6
13595,2021,5,13,4,20,4,3,1,101,12,2,43,7,7,9,104,6
13596,2021,5,13,4,20,4,3,1,101,99,9,999,12,16,18,97,6
13597,2021,5,13,4,23,4,3,1,106,99,2,42,7,7,9,97,6
13598,2021,5,14,5,9,2,1,1,106,99,1,45,8,8,10,97,6
13599,2021,5,14,5,9,2,1,1,101,4,2,63,11,11,13,104,6
13600,2021,5,14,5,14,3,2,1,101,6,1,41,7,7,9,97,6
13601,2021,5,14,5,16,3,2,1,113,99,1,47,8,8,10,97,6
13602,2021,5,14,5,16,3,2,1,101,18,1,46,8,8,10,104,6
13603,2021,5,14,5,16,3,2,1,101,21,2,27,4,4,6,104,6
13604,2021,5,14,5,16,3,2,1,105,99,1,44,7,7,9,104,6
13605,2021,5,14,5,18,4,3,1,101,2,2,36,6,6,8,97,6
13606,2021,5,14,5,19,4,3,1,101,25,1,44,7,7,9,104,6
13607,2021,5,14,5,21,4,3,1,102,99,1,28,4,4,6,97,6
13608,2021,5,14,5,21,4,3,1,101,12,1,68,11,12,14,97,6
13609,2021,5,14,5,21,4,3,1,101,18,2,37,6,6,8,104,6
13610,2021,5,14,5,23,4,3,1,101,18,1,37,6,6,8,97,6
13611,2021,5,15,6,11,2,1,1,113,99,1,26,4,4,6,97,6
13612,2021,5,15,6,16,3,2,1,101,17,1,36,6,6,8,97,6
13613,2021,5,15,6,16,3,2,1,101,3,2,53,9,9,11,104,6
13614,2021,5,15,6,16,3,2,1,101,18,1,29,4,4,6,97,6
13615,2021,5,15,6,20,4,3,1,101,18,1,53,9,9,11,99,6
13616,2021,5,15,6,20,4,3,1,101,6,1,999,12,16,18,97,6
13617,2021,5,15,6,20,4,3,1,116,99,1,22,3,3,5,97,6
13618,2021,5,15,6,21,4,3,1,101,7,1,29,4,4,6,97,6
13619,2021,5,16,7,12,3,2,1,101,1,1,30,5,5,7,104,6
13620,2021,5,16,7,13,3,2,1,116,99,1,42,7,7,9,104,6
13621,2021,5,16,7,13,3,2,1,101,5,1,44,7,7,9,97,6
13622,2021,5,16,7,14,3,2,1,101,5,1,45,8,8,10,97,6
13623,2021,5,16,7,16,3,2,1,101,13,1,35,6,6,8,104,6
13624,2021,5,16,7,16,3,2,1,101,21,1,28,4,4,6,97,6
13625,2021,5,16,7,16,3,2,1,101,18,2,54,9,9,11,97,6
13626,2021,5,16,7,18,4,3,1,101,18,2,27,4,4,6,104,6
13627,2021,5,16,7,18,4,3,1,101,21,1,33,5,5,7,104,6
13628,2021,5,17,1,15,3,2,1,101,11,2,51,9,9,11,97,6
13629,2021,5,17,1,15,3,2,1,101,1,2,54,9,9,11,97,6
13630,2021,5,17,1,15,3,2,1,113,99,1,28,4,4,6,97,6
13631,2021,5,17,1,16,3,2,1,101,4,1,38,6,6,8,97,6
13632,2021,5,17,1,17,3,2,1,101,1,2,27,4,4,6,104,6
13633,2021,5,17,1,17,3,2,1,101,99,2,23,3,3,5,104,6
13634,2021,5,17,1,18,4,3,1,101,10,2,32,5,5,7,104,6
13635,2021,5,17,1,23,4,3,1,102,99,1,19,2,2,4,97,6
13636,2021,5,18,2,9,2,1,1,103,99,1,21,3,3,5,97,6
13637,2021,5,18,2,9,2,1,1,101,18,1,36,6,6,8,104,6
13638,2021,5,18,2,10,2,1,1,116,99,1,28,4,4,6,104,6
13639,2021,5,18,2,11,2,1,1,113,99,1,32,5,5,7,97,6
13640,2021,5,18,2,13,3,2,1,101,18,2,41,7,7,9,97,6
13641,2021,5,18,2,14,3,2,1,110,99,1,28,4,4,6,97,6
13642,2021,5,18,2,15,3,2,3,308,99,1,56,10,10,12,97,6
13643,2021,5,18,2,15,3,2,3,312,99,1,40,7,7,9,95,6
13644,2021,5,18,2,15,3,2,1,105,99,1,25,4,4,6,104,6
13645,2021,5,18,2,18,4,3,1,101,10,1,43,7,7,9,104,6
13646,2021,5,18,2,20,4,3,1,117,99,2,30,5,5,7,97,6
13647,2021,5,18,2,20,4,3,1,101,12,2,60,11,11,13,104,6
13648,2021,5,18,2,20,4,3,1,115,99,2,43,7,7,9,97,6
13649,2021,5,18,2,20,4,3,1,101,16,1,23,3,3,5,97,6
13650,2021,5,18,2,20,4,3,1,105,99,2,36,6,6,8,104,6
13651,2021,5,18,2,22,4,3,1,101,1,1,44,7,7,9,99,6
13652,2021,5,19,3,12,3,2,1,101,18,1,68,11,12,14,95,6
13653,2021,5,19,3,13,3,2,1,101,7,1,41,7,7,9,97,6
13654,2021,5,19,3,14,3,2,1,101,13,1,59,10,10,12,104,6
13655,2021,5,19,3,15,3,2,1,101,7,1,47,8,8,10,104,6
13656,2021,5,19,3,16,3,2,1,101,5,1,31,5,5,7,104,6
13657,2021,5,19,3,17,3,2,1,108,99,1,27,4,4,6,104,6
13658,2021,5,19,3,20,4,3,1,101,12,1,51,9,9,11,104,6
13659,2021,5,20,4,8,2,1,3,308,99,1,35,6,6,8,97,6
13660,2021,5,20,4,8,2,1,1,101,8,2,55,10,10,12,104,6
13661,2021,5,20,4,8,2,1,1,103,99,1,29,4,4,6,95,6
13662,2021,5,20,4,8,2,1,1,101,12,1,35,6,6,8,97,6
13663,2021,5,20,4,16,3,2,1,101,12,1,41,7,7,9,104,6
13664,2021,5,20,4,17,3,2,1,101,11,2,50,9,9,11,104,6
13665,2021,5,20,4,17,3,2,1,101,18,2,50,9,9,11,104,6
13666,2021,5,20,4,18,4,3,5,511,99,2,59,10,10,12,104,6
13667,2021,5,20,4,21,4,3,1,101,18,1,35,6,6,8,97,6
13668,2021,5,20,4,21,4,3,1,103,99,1,42,7,7,9,95,6
13669,2021,5,20,4,23,4,3,1,101,21,1,31,5,5,7,104,6
13670,2021,5,21,5,9,2,1,1,101,14,1,30,5,5,7,97,6
13671,2021,5,21,5,9,2,1,1,101,1,2,34,5,5,7,104,6
13672,2021,5,21,5,9,2,1,1,101,1,2,39,6,6,8,104,6
13673,2021,5,21,5,12,3,2,1,101,17,2,52,9,9,11,97,6
13674,2021,5,21,5,12,3,2,1,101,13,2,24,3,3,5,104,6
13675,2021,5,21,5,13,3,2,1,101,21,1,28,4,4,6,104,6
13676,2021,5,21,5,14,3,2,1,101,12,1,36,6,6,8,104,6
13677,2021,5,21,5,15,3,2,1,101,7,1,45,8,8,10,95,6
13678,2021,5,21,5,16,3,2,1,105,99,2,44,7,7,9,97,6
13679,2021,5,21,5,17,3,2,1,101,7,1,30,5,5,7,104,6
13680,2021,5,21,5,17,3,2,1,101,99,9,999,12,16,18,94,6
13681,2021,5,21,5,21,4,3,1,101,5,2,27,4,4,6,97,6
13682,2021,5,22,6,21,4,3,1,101,18,1,45,8,8,10,104,6
13683,2021,5,22,6,9,2,1,1,101,5,1,33,5,5,7,97,6
13684,2021,5,22,6,15,3,2,1,101,21,2,38,6,6,8,97,6
13685,2021,5,22,6,15,3,2,1,101,21,1,63,11,11,13,97,6
13686,2021,5,22,6,16,3,2,1,108,99,2,23,3,3,5,104,6
13687,2021,5,22,6,17,3,2,1,101,8,1,35,6,6,8,97,6
13688,2021,5,22,6,17,3,2,1,101,18,1,23,3,3,5,104,6
13689,2021,5,22,6,18,4,3,1,101,21,2,23,3,3,5,97,6
13690,2021,5,22,6,22,4,3,1,105,99,1,38,6,6,8,104,6
13691,2021,5,23,7,13,3,2,1,101,21,1,37,6,6,8,97,6
13692,2021,5,23,7,21,4,3,1,101,18,1,28,4,4,6,84,6
13693,2021,5,24,1,8,2,1,1,101,16,1,35,6,6,8,97,6
13694,2021,5,24,1,11,2,1,1,101,6,1,49,8,8,10,97,6
13695,2021,5,24,1,12,3,2,1,101,18,1,37,6,6,8,99,6
13696,2021,5,24,1,12,3,2,1,101,21,1,24,3,3,5,104,6
13697,2021,5,24,1,13,3,2,1,101,21,2,34,5,5,7,104,6
13698,2021,5,24,1,15,3,2,1,108,99,2,42,7,7,9,104,6
13699,2021,5,24,1,16,3,2,1,108,99,1,39,6,6,8,99,6
13700,2021,5,24,1,16,3,2,1,101,10,1,35,6,6,8,104,6
13701,2021,5,24,1,16,3,2,1,101,18,2,36,6,6,8,104,6
13702,2021,5,24,1,17,3,2,1,101,13,1,999,12,16,18,97,6
13703,2021,5,24,1,17,3,2,1,101,21,1,30,5,5,7,104,6
13704,2021,5,24,1,17,3,2,1,115,99,1,49,8,8,10,104,6
13705,2021,5,24,1,18,4,3,1,101,3,1,35,6,6,8,104,6
13706,2021,5,24,1,21,4,3,1,101,8,2,62,11,11,13,104,6
13707,2021,5,24,1,21,4,3,1,101,15,1,32,5,5,7,97,6
13708,2021,5,24,1,22,4,3,1,101,17,1,30,5,5,7,97,6
13709,2021,5,25,2,9,2,1,1,107,99,1,41,7,7,9,97,6
13710,2021,5,25,2,10,2,1,1,101,11,2,56,10,10,12,97,6
13711,2021,5,25,2,12,3,2,1,103,99,1,45,8,8,10,104,6
13712,2021,5,25,2,16,3,2,1,101,21,2,25,4,4,6,104,6
13713,2021,5,25,2,17,3,2,1,101,18,2,33,5,5,7,104,6
13714,2021,5,25,2,18,4,3,1,101,25,1,46,8,8,10,104,6
13715,2021,5,25,2,18,4,3,1,101,7,2,36,6,6,8,104,6
13716,2021,5,25,2,18,4,3,1,101,17,1,53,9,9,11,94,6
13717,2021,5,25,2,18,4,3,1,101,21,2,38,6,6,8,97,6
13718,2021,5,25,2,20,4,3,1,101,21,2,29,4,4,6,104,6
13719,2021,5,26,3,14,3,2,1,101,1,1,52,9,9,11,104,6
13720,2021,5,26,3,14,3,2,1,107,99,2,44,7,7,9,104,6
13721,2021,5,26,3,16,3,2,1,106,99,2,50,9,9,11,97,6
13722,2021,5,26,3,18,4,3,1,108,99,1,34,5,5,7,97,6
13723,2021,5,26,3,22,4,3,1,101,18,1,50,9,9,11,104,6
13724,2021,5,26,3,22,4,3,1,101,99,1,39,6,6,8,99,6
13725,2021,5,26,3,22,4,3,1,101,6,1,34,5,5,7,97,6
13726,2021,5,26,3,22,4,3,1,101,12,1,45,8,8,10,97,6
13727,2021,5,26,3,22,4,3,1,101,10,1,28,4,4,6,97,6
13728,2021,5,27,4,12,3,2,1,113,99,1,45,8,8,10,97,6
13729,2021,5,27,4,13,3,2,1,101,6,2,26,4,4,6,97,6
13730,2021,5,27,4,17,3,2,1,103,99,1,51,9,9,11,97,6
13731,2021,5,27,4,17,3,2,1,101,25,1,47,8,8,10,97,6
13732,2021,5,27,4,17,3,2,1,103,99,1,43,7,7,9,97,6
13733,2021,5,27,4,17,3,2,1,101,17,1,44,7,7,9,105,6
13734,2021,5,27,4,19,4,3,1,101,99,1,999,12,16,18,97,6
13735,2021,5,27,4,21,4,3,1,101,99,1,31,5,5,7,104,6
13736,2021,5,27,4,21,4,3,1,101,99,1,30,5,5,7,104,6
13737,2021,5,27,4,21,4,3,1,101,99,1,22,3,3,5,104,6
13738,2021,5,27,4,23,4,3,1,101,1,1,23,3,3,5,104,6
13739,2021,5,28,5,16,3,2,1,101,6,1,35,6,6,8,97,6
13740,2021,5,28,5,16,3,2,1,101,16,1,26,4,4,6,104,6
13741,2021,5,28,5,17,3,2,1,105,99,1,26,4,4,6,104,6
13742,2021,5,28,5,17,3,2,1,115,99,1,33,5,5,7,97,6
13743,2021,5,28,5,8,2,1,1,101,5,2,29,4,4,6,97,6
13744,2021,5,28,5,21,4,3,1,101,4,1,29,4,4,6,97,6
13745,2021,5,28,5,21,4,3,1,108,99,1,37,6,6,8,96,6
13746,2021,5,29,6,12,3,2,1,101,1,2,29,4,4,6,104,6
13747,2021,5,29,6,18,4,3,1,101,18,2,21,3,3,5,104,6
13748,2021,5,29,6,0,1,1,1,101,99,2,29,4,4,6,104,6
13749,2021,5,29,6,21,4,3,1,101,7,2,30,5,5,7,104,6
13750,2021,5,29,6,21,4,3,1,101,21,1,35,6,6,8,104,6
13751,2021,5,30,7,15,3,2,1,101,3,1,40,7,7,9,104,6
13752,2021,5,30,7,17,3,2,1,103,99,1,46,8,8,10,97,6
13753,2021,5,30,7,21,4,3,2,207,99,2,33,5,5,7,97,6
13754,2021,5,30,7,21,4,3,1,101,5,2,23,3,3,5,104,6
13755,2021,5,30,7,21,4,3,1,101,7,2,31,5,5,7,99,6
13756,2021,5,31,1,11,2,1,1,101,13,1,49,8,8,10,104,6
13757,2021,5,31,1,12,3,2,1,101,9,1,23,3,3,5,104,6
13758,2021,5,31,1,13,3,2,1,101,7,1,27,4,4,6,97,6
13759,2021,5,1,6,19,4,3,9,906,99,1,27,4,4,6,104,6
13760,2021,5,2,7,22,4,3,9,903,99,1,45,8,8,10,97,6
13761,2021,5,4,2,16,3,2,12,1230,99,2,27,4,4,6,104,6
13762,2021,5,5,3,14,3,2,9,901,99,1,30,5,5,7,97,6
13763,2021,5,5,3,17,3,2,9,909,99,1,54,9,9,11,104,6
13764,2021,5,6,4,10,2,1,9,920,99,2,34,5,5,7,104,6
13765,2021,5,6,4,15,3,2,9,903,99,2,25,4,4,6,97,6
13766,2021,5,6,4,17,3,2,12,1221,99,2,20,3,3,5,104,6
13767,2021,5,7,5,13,3,2,9,901,99,2,44,7,7,9,97,6
13768,2021,5,10,1,17,3,2,9,901,99,1,32,5,5,7,97,6
13769,2021,5,11,2,12,3,2,12,1212,99,2,45,8,8,10,104,6
13770,2021,5,11,2,13,3,2,9,923,99,1,62,11,11,13,104,6
13771,2021,5,11,2,15,3,2,9,923,99,1,37,6,6,8,97,6
13772,2021,5,12,3,13,3,2,12,1221,99,2,42,7,7,9,104,6
13773,2021,5,12,3,13,3,2,12,1218,99,2,34,5,5,7,104,6
13774,2021,5,12,3,13,3,2,9,901,99,1,56,10,10,12,104,6
13775,2021,5,12,3,21,4,3,9,901,99,1,29,4,4,6,97,6
13776,2021,5,14,5,14,3,2,9,901,99,1,38,6,6,8,104,6
13777,2021,5,14,5,13,3,2,11,1101,99,1,64,11,11,13,104,6
13778,2021,5,14,5,14,3,2,12,1222,99,1,20,3,3,5,97,6
13779,2021,5,14,5,15,3,2,9,901,99,2,42,7,7,9,97,6
13780,2021,5,14,5,16,3,2,9,901,99,1,61,11,11,13,104,6
13781,2021,5,14,5,17,3,2,9,909,99,1,23,3,3,5,104,6
13782,2021,5,14,5,21,4,3,9,901,99,1,23,3,3,5,97,6
13783,2021,5,16,7,11,2,1,9,901,99,1,32,5,5,7,94,6
13784,2021,5,17,1,12,3,2,9,909,99,2,46,8,8,10,104,6
13785,2021,5,17,1,14,3,2,12,1212,99,1,999,12,16,18,104,6
13786,2021,5,17,1,15,3,2,12,1221,99,1,51,9,9,11,104,6
13787,2021,5,17,1,11,2,1,9,901,99,9,999,12,16,18,104,6
13788,2021,5,18,2,10,2,1,12,1221,99,1,48,8,8,10,104,6
13789,2021,5,19,3,10,2,1,9,901,99,1,25,4,4,6,97,6
13790,2021,5,19,3,11,2,1,9,923,99,1,32,5,5,7,104,6
13791,2021,5,19,3,12,3,2,9,916,99,1,35,6,6,8,94,6
13792,2021,5,19,3,13,3,2,12,1221,99,1,45,8,8,10,104,6
13793,2021,5,21,5,13,3,2,9,901,99,1,30,5,5,7,97,6
13794,2021,5,22,6,8,2,1,9,903,99,1,53,9,9,11,104,6
13795,2021,5,24,1,9,2,1,9,919,99,2,29,4,4,6,104,6
13796,2021,5,24,1,10,2,1,9,901,99,2,44,7,7,9,104,6
13797,2021,5,24,1,16,3,2,9,901,99,2,42,7,7,9,104,6
13798,2021,5,24,1,21,4,3,9,901,99,1,31,5,5,7,104,6
13799,2021,5,25,2,12,3,2,12,1221,99,2,22,3,3,5,104,6
13800,2021,5,25,2,13,3,2,9,909,99,1,31,5,5,7,104,6
13801,2021,5,26,3,13,3,2,9,914,99,1,25,4,4,6,104,6
13802,2021,5,27,4,13,3,2,9,901,99,1,22,3,3,5,94,6
13803,2021,5,27,4,16,3,2,12,1212,99,2,25,4,4,6,104,6
13804,2021,5,28,5,14,3,2,12,1222,99,1,30,5,5,7,97,6
13805,2021,5,28,5,18,4,3,9,901,99,1,39,6,6,8,97,6
13806,2021,5,31,1,10,2,1,8,807,99,1,35,6,6,8,104,6
13807,2021,5,31,1,13,3,2,12,1221,99,1,30,5,5,7,104,6
13808,2021,5,3,1,20,4,3,21,2101,99,2,28,4,4,6,104,6
13809,2021,5,4,2,8,2,1,21,2101,99,1,45,8,8,10,97,6
13810,2021,5,4,2,13,3,2,21,2101,99,1,46,8,8,10,104,6
13811,2021,5,5,3,11,2,1,21,2101,99,2,36,6,6,8,104,6
13812,2021,5,6,4,8,2,1,21,2101,99,1,27,4,4,6,104,6
13813,2021,5,6,4,18,4,3,21,2106,99,1,24,3,3,5,104,6
13814,2021,5,7,5,8,2,1,21,2101,99,1,24,3,3,5,104,6
13815,2021,5,8,6,10,2,1,21,2106,99,1,28,4,4,6,104,6
13816,2021,5,10,1,13,3,2,21,2101,99,1,26,4,4,6,97,6
13817,2021,5,11,2,14,3,2,21,2106,99,1,42,7,7,9,97,6
13818,2021,5,11,2,14,3,2,21,2106,99,2,34,5,5,7,104,6
13819,2021,5,12,3,10,2,1,21,2101,99,1,21,3,3,5,104,6
13820,2021,5,12,3,13,3,2,21,2101,99,1,27,4,4,6,97,6
13821,2021,5,13,4,15,3,2,21,2103,99,1,37,6,6,8,104,6
13822,2021,5,13,4,17,3,2,21,2101,99,1,52,9,9,11,97,6
13823,2021,5,14,5,11,2,1,21,2101,99,1,54,9,9,11,104,6
13824,2021,5,14,5,13,3,2,21,2101,99,2,32,5,5,7,97,6
13825,2021,5,14,5,15,3,2,21,2101,99,1,34,5,5,7,97,6
13826,2021,5,17,1,13,3,2,21,2103,99,2,22,3,3,5,104,6
13827,2021,5,17,1,15,3,2,21,2101,99,2,41,7,7,9,104,6
13828,2021,5,18,2,12,3,2,21,2101,99,2,46,8,8,10,97,6
13829,2021,5,18,2,12,3,2,21,2106,99,2,40,7,7,9,104,6
13830,2021,5,19,3,11,2,1,21,2101,99,2,29,4,4,6,104,6
13831,2021,5,21,5,13,3,2,21,2101,99,1,36,6,6,8,104,6
13832,2021,5,21,5,15,3,2,21,2101,99,1,23,3,3,5,104,6
13833,2021,5,22,6,14,3,2,21,2102,99,1,25,4,4,6,97,6
13834,2021,5,25,2,11,2,1,21,2101,99,1,26,4,4,6,104,6
13835,2021,5,26,3,10,2,1,21,2102,99,1,18,2,2,4,104,6
13836,2021,5,26,3,10,2,1,21,2101,99,1,28,4,4,6,97,6
13837,2021,5,28,5,9,2,1,21,2101,99,2,60,11,11,13,104,6
13838,2021,5,3,1,18,4,3,15,1502,99,1,32,5,5,7,104,6
13839,2021,5,4,2,15,3,2,16,1604,99,1,39,6,6,8,104,6
13840,2021,5,4,2,17,3,2,16,1612,99,1,18,2,2,4,104,6
13841,2021,5,5,3,12,3,2,16,1608,99,1,28,4,4,6,104,6
13842,2021,5,5,3,13,3,2,16,1603,99,1,43,7,7,9,97,6
13843,2021,5,5,3,16,3,2,16,1608,99,1,40,7,7,9,104,6
13844,2021,5,6,4,14,3,2,16,1601,99,2,31,5,5,7,97,6
13845,2021,5,7,5,12,3,2,14,1420,99,1,29,4,4,6,104,6
13846,2021,5,7,5,15,3,2,16,1614,99,1,28,4,4,6,104,6
13847,2021,5,7,5,18,4,3,15,1502,99,1,30,5,5,7,97,6
13848,2021,5,7,5,20,4,3,16,1601,99,1,29,4,4,6,104,6
13849,2021,5,7,5,21,4,3,16,1609,99,1,23,3,3,5,104,6
13850,2021,5,9,7,10,2,1,15,1501,99,1,27,4,4,6,104,6
13851,2021,5,10,1,15,3,2,16,1601,99,2,24,3,3,5,97,6
13852,2021,5,10,1,16,3,2,15,1501,99,2,32,5,5,7,97,6
13853,2021,5,11,2,9,2,1,16,1603,99,1,37,6,6,8,97,6
13854,2021,5,11,2,15,3,2,16,1601,99,2,21,3,3,5,104,6
13855,2021,5,11,2,15,3,2,15,1501,99,2,23,3,3,5,104,6
13856,2021,5,11,2,16,3,2,15,1504,99,1,20,3,3,5,104,6
13857,2021,5,11,2,99,5,4,16,1601,99,1,59,10,10,12,104,6
13858,2021,5,13,4,8,2,1,15,1503,99,1,56,10,10,12,96,6
13859,2021,5,13,4,12,3,2,16,1610,99,2,43,7,7,9,104,6
13860,2021,5,14,5,13,3,2,15,1501,99,1,41,7,7,9,104,6
13861,2021,5,14,5,13,3,2,16,1611,99,1,30,5,5,7,104,6
13862,2021,5,14,5,16,3,2,16,1609,99,1,46,8,8,10,104,6
13863,2021,5,14,5,19,4,3,15,1501,99,1,25,4,4,6,104,6
13864,2021,5,14,5,19,4,3,15,1501,99,1,42,7,7,9,104,6
13865,2021,5,14,5,21,4,3,16,1609,99,1,27,4,4,6,104,6
13866,2021,5,15,6,15,3,2,15,1504,99,1,27,4,4,6,97,6
13867,2021,5,15,6,16,3,2,15,1503,99,2,30,5,5,7,97,6
13868,2021,5,15,6,19,4,3,15,1503,99,2,21,3,3,5,97,6
13869,2021,5,16,7,19,4,3,14,1420,99,1,52,9,9,11,97,6
13870,2021,5,17,1,9,2,1,15,1508,99,1,37,6,6,8,104,6
13871,2021,5,17,1,22,4,3,16,1616,99,1,23,3,3,5,104,6
13872,2021,5,18,2,18,4,3,16,1609,99,1,36,6,6,8,104,6
13873,2021,5,19,3,12,3,2,16,1614,99,2,33,5,5,7,104,6
13874,2021,5,19,3,17,3,2,15,1501,99,1,34,5,5,7,97,6
13875,2021,5,19,3,18,4,3,15,1501,99,1,38,6,6,8,104,6
13876,2021,5,19,3,23,4,3,16,1613,99,1,28,4,4,6,104,6
13877,2021,5,20,4,13,3,2,15,1501,99,1,50,9,9,11,97,6
13878,2021,5,20,4,15,3,2,16,1614,99,2,26,4,4,6,104,6
13879,2021,5,20,4,17,3,2,15,1501,99,2,36,6,6,8,104,6
13880,2021,5,20,4,17,3,2,15,1503,99,1,38,6,6,8,104,6
13881,2021,5,21,5,12,3,2,16,1612,99,1,42,7,7,9,104,6
13882,2021,5,23,7,12,3,2,16,1601,99,2,35,6,6,8,104,6
13883,2021,5,24,1,11,2,1,15,1501,99,1,42,7,7,9,104,6
13884,2021,5,24,1,15,3,2,16,1609,99,2,35,6,6,8,104,6
13885,2021,5,24,1,16,3,2,16,1601,99,1,23,3,3,5,104,6
13886,2021,5,24,1,18,4,3,16,1601,99,1,39,6,6,8,104,6
13887,2021,5,24,1,20,4,3,16,1610,99,1,39,6,6,8,104,6
13888,2021,5,25,2,17,3,2,15,1503,99,1,29,4,4,6,104,6
13889,2021,5,26,3,13,3,2,16,1611,99,2,19,2,2,4,104,6
13890,2021,5,26,3,13,3,2,15,1501,99,1,44,7,7,9,97,6
13891,2021,5,26,3,16,3,2,16,1614,99,2,43,7,7,9,104,6
13892,2021,5,26,3,19,4,3,15,1505,99,1,999,12,16,18,104,6
13893,2021,5,27,4,19,4,3,15,1503,99,2,29,4,4,6,104,6
13894,2021,5,28,5,14,3,2,16,1615,99,2,25,4,4,6,97,6
13895,2021,5,28,5,14,3,2,16,1615,99,2,42,7,7,9,97,6
13896,2021,5,28,5,19,4,3,16,1613,99,1,27,4,4,6,97,6
13897,2021,5,29,6,10,2,1,15,1501,99,2,48,8,8,10,97,6
13898,2021,5,29,6,11,2,1,15,1501,99,1,37,6,6,8,104,6
13899,2021,5,29,6,13,3,2,16,1615,99,2,30,5,5,7,104,6
13900,2021,5,29,6,15,3,2,15,1501,99,1,34,5,5,7,104,6
13901,2021,5,29,6,15,3,2,16,1615,99,1,32,5,5,7,97,6
13902,2021,5,29,6,15,3,2,15,1501,99,2,40,7,7,9,104,6
13903,2021,5,29,6,15,3,2,16,1615,99,2,25,4,4,6,97,6
13904,2021,5,29,6,22,4,3,16,1615,99,1,30,5,5,7,104,6
13905,2021,5,30,7,11,2,1,16,1610,99,1,28,4,4,6,97,6
13906,2021,5,30,7,23,4,3,15,1503,99,2,33,5,5,7,104,6
13907,2021,5,31,1,17,3,2,15,1501,99,2,26,4,4,6,97,6
13908,2021,5,31,1,18,4,3,15,1502,99,1,26,4,4,6,104,6
13909,2021,5,31,1,19,4,3,15,1503,99,2,40,7,7,9,104,6
13910,2021,5,3,1,10,2,1,10,1017,99,2,25,4,4,6,104,6
13911,2021,5,4,2,19,4,3,11,1101,99,2,37,6,6,8,104,6
13912,2021,5,4,2,12,3,2,10,1016,99,2,32,5,5,7,104,6
13913,2021,5,4,2,16,3,2,11,1101,99,1,41,7,7,9,95,6
13914,2021,5,4,2,12,3,2,10,1009,99,1,40,7,7,9,104,6
13915,2021,5,5,3,12,3,2,10,1003,99,2,32,5,5,7,104,6
13916,2021,5,5,3,11,2,1,11,1102,99,1,57,10,10,12,95,6
13917,2021,5,5,3,17,3,2,11,1101,99,1,55,10,10,12,97,6
13918,2021,5,5,3,18,4,3,11,1101,99,2,40,7,7,9,104,6
13919,2021,5,6,4,7,2,1,10,1021,99,2,21,3,3,5,97,6
13920,2021,5,6,4,16,3,2,10,1020,99,2,27,4,4,6,104,6
13921,2021,5,6,4,16,3,2,11,1103,99,1,20,3,3,5,97,6
13922,2021,5,6,4,17,3,2,10,1021,99,2,30,5,5,7,104,6
13923,2021,5,7,5,8,2,1,10,1021,99,1,27,4,4,6,97,6
13924,2021,5,7,5,18,4,3,10,1001,99,1,38,6,6,8,104,6
13925,2021,5,7,5,18,4,3,10,1001,99,1,39,6,6,8,97,6
13926,2021,5,7,5,18,4,3,11,1101,99,2,42,7,7,9,95,6
13927,2021,5,7,5,19,4,3,11,1101,99,2,41,7,7,9,97,6
13928,2021,5,7,5,19,4,3,11,1103,99,1,34,5,5,7,97,6
13929,2021,5,8,6,17,3,2,10,1009,99,1,26,4,4,6,104,6
13930,2021,5,8,6,17,3,2,11,1107,99,2,25,4,4,6,104,6
13931,2021,5,8,6,17,3,2,10,1013,99,2,999,12,16,18,104,6
13932,2021,5,8,6,18,4,3,11,1107,99,2,25,4,4,6,104,6
13933,2021,5,8,6,18,4,3,11,1107,99,2,26,4,4,6,104,6
13934,2021,5,8,6,19,4,3,11,1101,99,2,26,4,4,6,104,6
13935,2021,5,9,7,16,3,2,10,1002,99,2,39,6,6,8,97,6
13936,2021,5,10,1,17,3,2,10,1014,99,1,48,8,8,10,104,6
13937,2021,5,10,1,18,4,3,11,1101,99,2,29,4,4,6,104,6
13938,2021,5,11,2,16,3,2,10,1002,99,1,25,4,4,6,104,6
13939,2021,5,11,2,16,3,2,10,1019,99,1,28,4,4,6,104,6
13940,2021,5,11,2,16,3,2,10,1014,99,1,38,6,6,8,104,6
13941,2021,5,11,2,17,3,2,11,1101,99,2,45,8,8,10,104,6
13942,2021,5,11,2,17,3,2,10,1014,99,2,40,7,7,9,104,6
13943,2021,5,12,3,15,3,2,11,1109,99,1,37,6,6,8,95,6
13944,2021,5,12,3,13,3,2,11,1105,99,1,24,3,3,5,104,6
13945,2021,5,13,4,7,2,1,10,1019,99,1,41,7,7,9,97,6
13946,2021,5,14,5,16,3,2,10,1021,99,2,23,3,3,5,104,6
13947,2021,5,14,5,19,4,3,10,1001,99,2,37,6,6,8,97,6
13948,2021,5,14,5,16,3,2,10,1009,99,1,19,2,2,4,97,6
13949,2021,5,14,5,12,3,2,10,1001,99,1,49,8,8,10,95,6
13950,2021,5,14,5,13,3,2,10,1001,99,2,22,3,3,5,97,6
13951,2021,5,15,6,12,3,2,10,1002,99,1,31,5,5,7,97,6
13952,2021,5,15,6,16,3,2,10,1005,99,2,29,4,4,6,104,6
13953,2021,5,15,6,9,2,1,11,1105,99,2,27,4,4,6,104,6
13954,2021,5,16,7,19,4,3,10,1016,99,1,30,5,5,7,104,6
13955,2021,5,16,7,21,4,3,11,1108,99,2,46,8,8,10,104,6
13956,2021,5,16,7,13,3,2,11,1109,99,2,45,8,8,10,104,6
13957,2021,5,17,1,12,3,2,10,1003,99,2,54,9,9,11,104,6
13958,2021,5,18,2,11,2,1,10,1018,99,1,36,6,6,8,104,6
13959,2021,5,18,2,12,3,2,11,1107,99,1,46,8,8,10,104,6
13960,2021,5,18,2,21,4,3,11,1104,99,1,26,4,4,6,104,6
13961,2021,5,19,3,17,3,2,10,1010,99,1,21,3,3,5,104,6
13962,2021,5,20,4,13,3,2,10,1021,99,2,30,5,5,7,97,6
13963,2021,5,21,5,11,2,1,10,1013,99,2,39,6,6,8,97,6
13964,2021,5,21,5,12,3,2,10,1005,99,1,33,5,5,7,97,6
13965,2021,5,22,6,13,3,2,10,1001,99,1,28,4,4,6,97,6
13966,2021,5,23,7,12,3,2,10,1003,99,1,25,4,4,6,104,6
13967,2021,5,23,7,15,3,2,10,1003,99,2,53,9,9,11,104,6
13968,2021,5,23,7,20,4,3,10,1001,99,2,37,6,6,8,97,6
13969,2021,5,24,1,11,2,1,10,1018,99,2,54,9,9,11,97,6
13970,2021,5,24,1,18,4,3,10,1013,99,2,37,6,6,8,97,6
13971,2021,5,25,2,12,3,2,11,1107,99,2,80,11,15,17,104,6
13972,2021,5,25,2,13,3,2,10,1001,99,2,37,6,6,8,104,6
13973,2021,5,25,2,19,4,3,11,1107,99,1,55,10,10,12,104,6
13974,2021,5,25,2,19,4,3,11,1101,99,2,25,4,4,6,104,6
13975,2021,5,25,2,19,4,3,11,1101,99,2,29,4,4,6,97,6
13976,2021,5,25,2,19,4,3,11,1101,99,1,37,6,6,8,95,6
13977,2021,5,25,2,19,4,3,11,1101,99,2,34,5,5,7,97,6
13978,2021,5,25,2,19,4,3,10,1013,99,1,30,5,5,7,104,6
13979,2021,5,25,2,21,4,3,10,1001,99,2,34,5,5,7,97,6
13980,2021,5,26,3,10,2,1,10,1001,99,2,33,5,5,7,104,6
13981,2021,5,26,3,13,3,2,10,1001,99,2,21,3,3,5,104,6
13982,2021,5,27,4,10,2,1,10,1001,99,1,40,7,7,9,104,6
13983,2021,5,27,4,17,3,2,11,1101,99,1,39,6,6,8,104,6
13984,2021,5,28,5,10,2,1,10,1016,99,2,32,5,5,7,104,6
13985,2021,5,28,5,9,2,1,11,1105,99,2,25,4,4,6,104,6
13986,2021,5,28,5,17,3,2,10,1005,99,2,18,2,2,4,97,6
13987,2021,5,28,5,20,4,3,10,1012,99,1,23,3,3,5,104,6
13988,2021,5,29,6,9,2,1,10,1013,99,1,32,5,5,7,104,6
13989,2021,5,30,7,11,2,1,11,1101,99,1,44,7,7,9,104,6
13990,2021,5,31,1,10,2,1,11,1101,99,1,999,12,16,18,104,6
13991,2021,5,31,1,21,4,3,11,1101,99,2,36,6,6,8,104,6
13992,2021,5,31,1,8,2,1,11,1108,99,1,72,11,13,15,104,6
13993,2021,5,31,1,17,3,2,11,1101,99,2,27,4,4,6,104,6
13994,2021,5,31,1,21,4,3,11,1109,99,1,20,3,3,5,104,6
13995,2021,5,31,1,13,3,2,11,1101,99,1,27,4,4,6,104,6
13996,2021,5,3,1,18,4,3,4,401,99,2,31,5,5,7,104,6
13997,2021,5,3,1,18,4,3,4,410,99,1,38,6,6,8,104,6
13998,2021,5,4,2,15,3,2,4,402,99,1,32,5,5,7,97,6
13999,2021,5,4,2,13,3,2,4,402,99,2,23,3,3,5,104,6
14000,2021,5,5,3,11,2,1,4,416,99,1,23,3,3,5,104,6
14001,2021,5,5,3,11,2,1,4,409,99,1,48,8,8,10,104,6
14002,2021,5,6,4,22,4,3,4,416,99,1,62,11,11,13,95,6
14003,2021,5,8,6,15,3,2,4,414,99,2,37,6,6,8,104,6
14004,2021,5,10,1,5,1,1,4,415,99,1,22,3,3,5,104,6
14005,2021,5,10,1,14,3,2,4,401,99,1,20,3,3,5,104,6
14006,2021,5,10,1,10,2,1,4,416,99,1,52,9,9,11,97,6
14007,2021,5,11,2,21,4,3,4,415,99,2,19,2,2,4,104,6
14008,2021,5,12,3,19,4,3,4,407,99,1,39,6,6,8,97,6
14009,2021,5,14,5,19,4,3,4,415,99,1,37,6,6,8,104,6
14010,2021,5,14,5,19,4,3,4,401,99,2,30,5,5,7,104,6
14011,2021,5,15,6,21,4,3,4,407,99,2,31,5,5,7,97,6
14012,2021,5,15,6,21,4,3,4,407,99,2,36,6,6,8,97,6
14013,2021,5,17,1,21,4,3,3,301,99,1,42,7,7,9,97,6
14014,2021,5,17,1,22,4,3,4,411,99,2,58,10,10,12,104,6
14015,2021,5,18,2,19,4,3,4,415,99,1,60,11,11,13,104,6
14016,2021,5,18,2,20,4,3,4,401,99,1,41,7,7,9,97,6
14017,2021,5,19,3,13,3,2,4,411,99,1,31,5,5,7,97,6
14018,2021,5,19,3,13,3,2,4,403,99,1,61,11,11,13,97,6
14019,2021,5,19,3,16,3,2,4,401,99,2,51,9,9,11,97,6
14020,2021,5,20,4,19,4,3,4,401,99,1,42,7,7,9,97,6
14021,2021,5,21,5,10,2,1,3,306,99,1,43,7,7,9,95,6
14022,2021,5,21,5,14,3,2,4,414,99,1,52,9,9,11,97,6
14023,2021,5,22,6,12,3,2,4,411,99,2,36,6,6,8,97,6
14024,2021,5,22,6,13,3,2,4,411,99,1,31,5,5,7,97,6
14025,2021,5,24,1,9,2,1,4,401,99,1,48,8,8,10,95,6
14026,2021,5,26,3,14,3,2,4,401,99,2,25,4,4,6,97,6
14027,2021,5,26,3,14,3,2,4,407,99,1,23,3,3,5,97,6
14028,2021,5,26,3,19,4,3,4,403,99,1,31,5,5,7,97,6
14029,2021,5,27,4,16,3,2,4,415,99,1,26,4,4,6,104,6
14030,2021,5,28,5,16,3,2,4,408,99,2,32,5,5,7,104,6
14031,2021,5,29,6,15,3,2,4,405,99,2,29,4,4,6,104,6
14032,2021,5,30,7,14,3,2,4,401,99,1,52,9,9,11,104,6
14033,2021,5,31,1,14,3,2,4,414,99,2,30,5,5,7,97,6
14034,2021,5,3,1,11,2,1,22,2212,99,1,26,4,4,6,104,6
14035,2021,5,3,1,13,3,2,22,2207,99,1,34,5,5,7,104,6
14036,2021,5,4,2,11,2,1,22,2201,99,1,32,5,5,7,104,6
14037,2021,5,5,3,10,2,1,22,2201,99,2,23,3,3,5,104,6
14038,2021,5,7,5,9,2,1,22,2217,99,1,17,2,2,4,104,6
14039,2021,5,7,5,0,1,1,22,2211,99,2,20,3,3,5,104,6
14040,2021,5,8,6,17,3,2,22,2201,99,2,43,7,7,9,104,6
14041,2021,5,10,1,20,4,3,22,2214,99,1,56,10,10,12,104,6
14042,2021,5,10,1,15,3,2,22,2204,99,1,35,6,6,8,104,6
14043,2021,5,11,2,19,4,3,22,2203,99,1,51,9,9,11,104,6
14044,2021,5,11,2,10,2,1,22,2203,99,2,27,4,4,6,104,6
14045,2021,5,11,2,14,3,2,22,2201,99,2,56,10,10,12,104,6
14046,2021,5,12,3,15,3,2,22,2205,99,1,28,4,4,6,104,6
14047,2021,5,13,4,16,3,2,22,2214,99,1,44,7,7,9,104,6
14048,2021,5,15,6,9,2,1,22,2207,99,1,21,3,3,5,104,6
14049,2021,5,16,7,11,2,1,22,2217,99,1,27,4,4,6,104,6
14050,2021,5,17,1,16,3,2,22,2212,99,1,42,7,7,9,104,6
14051,2021,5,20,4,9,2,1,22,2205,99,1,999,12,16,18,104,6
14052,2021,5,20,4,11,2,1,22,2201,99,2,41,7,7,9,104,6
14053,2021,5,20,4,13,3,2,22,2201,99,1,60,11,11,13,104,6
14054,2021,5,22,6,14,3,2,22,2202,99,2,38,6,6,8,97,6
14055,2021,5,24,1,9,2,1,22,2201,99,1,30,5,5,7,97,6
14056,2021,5,27,4,11,2,1,22,2214,99,1,78,11,14,16,104,6
14057,2021,5,27,4,99,5,4,22,2201,99,1,999,12,16,18,104,6
14058,2021,5,29,6,8,2,1,22,2201,99,1,42,7,7,9,104,6
14059,2021,5,29,6,8,2,1,22,2212,99,1,29,4,4,6,104,6
14060,2021,5,29,6,16,3,2,22,2201,99,1,34,5,5,7,97,6
14061,2021,5,31,1,21,4,3,22,2216,99,1,47,8,8,10,104,6
14062,2021,5,1,6,11,2,1,5,511,99,1,40,7,7,9,104,6
14063,2021,5,1,6,11,2,1,5,504,99,2,52,9,9,11,104,6
14064,2021,5,2,7,21,4,3,5,509,99,1,45,8,8,10,104,6
14065,2021,5,3,1,11,2,1,5,501,99,2,36,6,6,8,104,6
14066,2021,5,3,1,14,3,2,5,501,99,1,27,4,4,6,104,6
14067,2021,5,3,1,14,3,2,5,503,99,2,27,4,4,6,104,6
14068,2021,5,4,2,18,4,3,5,513,99,1,22,3,3,5,104,6
14069,2021,5,4,2,23,4,3,5,502,99,1,45,8,8,10,104,6
14070,2021,5,5,3,10,2,1,5,501,99,1,33,5,5,7,104,6
14071,2021,5,5,3,11,2,1,5,509,99,2,40,7,7,9,104,6
14072,2021,5,5,3,11,2,1,5,503,99,2,33,5,5,7,104,6
14073,2021,5,6,4,15,3,2,5,511,99,1,25,4,4,6,104,6
14074,2021,5,6,4,16,3,2,5,511,99,2,42,7,7,9,97,6
14075,2021,5,7,5,11,2,1,5,506,99,1,33,5,5,7,97,6
14076,2021,5,7,5,18,4,3,5,502,99,1,35,6,6,8,104,6
14077,2021,5,8,6,11,2,1,5,502,99,2,37,6,6,8,104,6
14078,2021,5,8,6,11,2,1,5,513,99,2,30,5,5,7,104,6
14079,2021,5,8,6,22,4,3,5,501,99,2,46,8,8,10,97,6
14080,2021,5,9,7,16,3,2,5,511,99,2,25,4,4,6,104,6
14081,2021,5,10,1,12,3,2,5,501,99,2,15,2,2,4,104,6
14082,2021,5,10,1,8,2,1,5,505,99,1,30,5,5,7,104,6
14083,2021,5,12,3,6,2,1,5,509,99,1,37,6,6,8,104,6
14084,2021,5,12,3,10,2,1,5,501,99,1,27,4,4,6,97,6
14085,2021,5,12,3,12,3,2,5,501,99,2,19,2,2,4,104,6
14086,2021,5,13,4,9,2,1,5,501,99,1,54,9,9,11,97,6
14087,2021,5,13,4,14,3,2,5,508,99,1,64,11,11,13,104,6
14088,2021,5,13,4,16,3,2,5,511,99,2,23,3,3,5,104,6
14089,2021,5,13,4,17,3,2,5,504,99,1,32,5,5,7,97,6
14090,2021,5,13,4,21,4,3,5,501,99,1,37,6,6,8,104,6
14091,2021,5,13,4,11,2,1,5,503,99,2,36,6,6,8,104,6
14092,2021,5,17,1,13,3,2,5,511,99,1,37,6,6,8,104,6
14093,2021,5,17,1,14,3,2,5,502,99,2,37,6,6,8,104,6
14094,2021,5,17,1,14,3,2,5,502,99,2,37,6,6,8,104,6
14095,2021,5,17,1,14,3,2,5,503,99,1,35,6,6,8,97,6
14096,2021,5,17,1,17,3,2,5,503,99,1,30,5,5,7,104,6
14097,2021,5,17,1,17,3,2,5,509,99,2,67,11,12,14,104,6
14098,2021,5,17,1,17,3,2,5,502,99,1,42,7,7,9,104,6
14099,2021,5,17,1,17,3,2,5,502,99,2,38,6,6,8,104,6
14100,2021,5,17,1,17,3,2,5,502,99,1,20,3,3,5,104,6
14101,2021,5,18,2,99,5,4,5,502,99,2,26,4,4,6,104,6
14102,2021,5,18,2,15,3,2,5,513,99,1,23,3,3,5,104,6
14103,2021,5,18,2,16,3,2,5,511,99,1,34,5,5,7,104,6
14104,2021,5,18,2,17,3,2,5,501,99,1,41,7,7,9,97,6
14105,2021,5,19,3,16,3,2,5,501,99,2,34,5,5,7,104,6
14106,2021,5,19,3,16,3,2,5,507,99,1,26,4,4,6,104,6
14107,2021,5,20,4,10,2,1,5,514,99,1,44,7,7,9,104,6
14108,2021,5,20,4,10,2,1,5,507,99,2,38,6,6,8,104,6
14109,2021,5,20,4,13,3,2,5,502,99,1,20,3,3,5,104,6
14110,2021,5,20,4,13,3,2,5,507,99,2,26,4,4,6,104,6
14111,2021,5,20,4,15,3,2,5,502,99,1,29,4,4,6,104,6
14112,2021,5,20,4,18,4,3,5,501,99,2,37,6,6,8,104,6
14113,2021,5,20,4,19,4,3,5,513,99,1,37,6,6,8,104,6
14114,2021,5,20,4,20,4,3,5,509,99,2,26,4,4,6,104,6
14115,2021,5,21,5,13,3,2,5,502,99,1,25,4,4,6,104,6
14116,2021,5,21,5,14,3,2,5,511,99,2,49,8,8,10,104,6
14117,2021,5,21,5,16,3,2,10,1001,99,1,24,3,3,5,104,6
14118,2021,5,21,5,18,4,3,5,501,99,2,44,7,7,9,97,6
14119,2021,5,22,6,12,3,2,5,501,99,1,47,8,8,10,97,6
14120,2021,5,22,6,15,3,2,5,501,99,2,49,8,8,10,104,6
14121,2021,5,23,7,12,3,2,5,511,99,2,38,6,6,8,97,6
14122,2021,5,23,7,13,3,2,5,513,99,1,17,2,2,4,104,6
14123,2021,5,25,2,10,2,1,5,505,99,1,28,4,4,6,104,6
14124,2021,5,25,2,14,3,2,5,502,99,1,26,4,4,6,104,6
14125,2021,5,27,4,20,4,3,5,509,99,1,22,3,3,5,104,6
14126,2021,5,27,4,22,4,3,5,508,99,2,25,4,4,6,104,6
14127,2021,5,28,5,13,3,2,5,501,99,1,27,4,4,6,104,6
14128,2021,5,28,5,15,3,2,5,504,99,1,26,4,4,6,104,6
14129,2021,5,28,5,17,3,2,5,501,99,2,29,4,4,6,97,6
14130,2021,5,28,5,18,4,3,5,504,99,2,48,8,8,10,104,6
14131,2021,5,28,5,18,4,3,5,503,99,1,31,5,5,7,104,6
14132,2021,5,29,6,11,2,1,5,501,99,1,47,8,8,10,104,6
14133,2021,5,29,6,12,3,2,5,506,99,1,56,10,10,12,97,6
14134,2021,5,29,6,10,2,1,5,503,99,2,26,4,4,6,104,6
14135,2021,5,29,6,20,4,3,5,511,99,1,37,6,6,8,97,6
14136,2021,5,31,1,11,2,1,5,511,99,1,26,4,4,6,104,6
14137,2021,5,31,1,12,3,2,5,501,99,1,29,4,4,6,104,6
14138,2021,5,31,1,13,3,2,5,501,99,2,30,5,5,7,104,6
14139,2021,5,31,1,17,3,2,5,501,99,1,28,4,4,6,104,6
14140,2021,5,31,1,18,4,3,5,502,99,1,51,9,9,11,104,6
14141,2021,5,3,1,11,2,1,18,1801,99,2,21,3,3,5,104,6
14142,2021,5,4,2,16,3,2,18,1805,99,2,42,7,7,9,97,6
14143,2021,5,5,3,15,3,2,18,1801,99,1,999,12,16,18,104,6
14144,2021,5,5,3,15,3,2,18,1801,99,1,60,11,11,13,104,6
14145,2021,5,5,3,18,4,3,18,1805,99,1,40,7,7,9,104,6
14146,2021,5,8,6,11,2,1,18,1801,99,1,66,11,12,14,104,6
14147,2021,5,9,7,12,3,2,18,1801,99,1,999,12,16,18,105,6
14148,2021,5,10,1,11,2,1,18,1801,99,1,22,3,3,5,104,6
14149,2021,5,10,1,19,4,3,18,1801,99,1,31,5,5,7,104,6
14150,2021,5,10,1,20,4,3,18,1801,99,1,47,8,8,10,104,6
14151,2021,5,11,2,11,2,1,18,1804,99,1,71,11,13,15,104,6
14152,2021,5,12,3,11,2,1,18,1801,99,1,52,9,9,11,104,6
14153,2021,5,13,4,8,2,1,18,1802,99,2,38,6,6,8,104,6
14154,2021,5,13,4,9,2,1,18,1801,99,2,39,6,6,8,104,6
14155,2021,5,13,4,10,2,1,18,1804,99,1,47,8,8,10,104,6
14156,2021,5,13,4,14,3,2,18,1801,99,1,999,12,16,18,97,6
14157,2021,5,13,4,16,3,2,18,1801,99,1,42,7,7,9,104,6
14158,2021,5,18,2,20,4,3,18,1805,99,1,36,6,6,8,104,6
14159,2021,5,19,3,16,3,2,18,1801,99,2,28,4,4,6,104,6
14160,2021,5,20,4,10,2,1,18,1804,99,2,31,5,5,7,97,6
14161,2021,5,20,4,14,3,2,18,1801,99,2,25,4,4,6,97,6
14162,2021,5,20,4,16,3,2,18,1801,99,1,21,3,3,5,97,6
14163,2021,5,24,1,10,2,1,1,101,7,1,25,4,4,6,104,6
14164,2021,5,27,4,14,3,2,18,1801,99,2,39,6,6,8,104,6
14165,2021,5,28,5,15,3,2,18,1801,99,2,42,7,7,9,97,6
14166,2021,5,3,1,10,2,1,6,608,99,2,50,9,9,11,104,6
14167,2021,5,4,2,16,3,2,6,602,99,2,26,4,4,6,104,6
14168,2021,5,5,3,13,3,2,6,602,99,1,54,9,9,11,97,6
14169,2021,5,5,3,15,3,2,6,603,99,2,26,4,4,6,104,6
14170,2021,5,6,4,14,3,2,6,606,99,1,30,5,5,7,104,6
14171,2021,5,6,4,18,4,3,6,602,99,2,24,3,3,5,104,6
14172,2021,5,9,7,19,4,3,6,601,99,2,21,3,3,5,104,6
14173,2021,5,10,1,14,3,2,6,603,99,1,49,8,8,10,104,6
14174,2021,5,11,2,16,3,2,6,609,99,2,26,4,4,6,104,6
14175,2021,5,12,3,10,2,1,6,608,99,2,38,6,6,8,104,6
14176,2021,5,12,3,10,2,1,6,613,99,2,22,3,3,5,104,6
14177,2021,5,12,3,11,2,1,6,602,99,2,55,10,10,12,104,6
14178,2021,5,12,3,14,3,2,6,602,99,1,28,4,4,6,104,6
14179,2021,5,14,5,15,3,2,6,602,99,1,38,6,6,8,104,6
14180,2021,5,14,5,21,4,3,6,613,99,1,38,6,6,8,104,6
14181,2021,5,17,1,10,2,1,6,601,99,1,31,5,5,7,97,6
14182,2021,5,17,1,16,3,2,6,601,99,1,28,4,4,6,104,6
14183,2021,5,18,2,12,3,2,6,603,99,1,30,5,5,7,97,6
14184,2021,5,18,2,13,3,2,6,608,99,1,21,3,3,5,104,6
14185,2021,5,18,2,1,1,1,6,611,99,1,49,8,8,10,104,6
14186,2021,5,19,3,17,3,2,6,601,99,1,35,6,6,8,97,6
14187,2021,5,20,4,15,3,2,6,602,99,1,25,4,4,6,97,6
14188,2021,5,21,5,15,3,2,6,601,99,1,47,8,8,10,104,6
14189,2021,5,22,6,16,3,2,6,602,99,2,24,3,3,5,97,6
14190,2021,5,24,1,17,3,2,6,609,99,1,21,3,3,5,97,6
14191,2021,5,25,2,17,3,2,6,602,99,2,62,11,11,13,105,6
14192,2021,5,29,6,20,4,3,6,601,99,2,32,5,5,7,104,6
14193,2021,5,30,7,12,3,2,6,602,99,2,19,2,2,4,97,6
14194,2021,5,31,1,13,3,2,6,603,99,2,33,5,5,7,104,6
14195,2021,5,31,1,15,3,2,6,604,99,2,19,2,2,4,97,6
14196,2021,5,1,6,9,2,1,1,115,99,1,29,4,4,6,97,6
14197,2021,5,3,1,14,3,2,1,116,99,1,21,3,3,5,104,6
14198,2021,5,3,1,16,3,2,1,116,99,1,50,9,9,11,104,6
14199,2021,5,3,1,19,4,3,1,115,99,1,20,3,3,5,104,6
14200,2021,5,3,1,19,4,3,1,116,99,1,43,7,7,9,104,6
14201,2021,5,4,2,14,3,2,1,117,99,1,23,3,3,5,104,6
14202,2021,5,4,2,20,4,3,1,115,99,1,58,10,10,12,97,6
14203,2021,5,7,5,99,5,4,1,115,99,1,28,4,4,6,104,6
14204,2021,5,7,5,11,2,1,1,115,99,2,39,6,6,8,104,6
14205,2021,5,7,5,2,1,1,1,115,99,1,27,4,4,6,104,6
14206,2021,5,7,5,13,3,2,1,115,99,2,30,5,5,7,104,6
14207,2021,5,7,5,22,4,3,1,115,99,1,53,9,9,11,104,6
14208,2021,5,7,5,15,3,2,1,115,99,1,999,12,16,18,104,6
14209,2021,5,7,5,9,2,1,1,115,99,2,34,5,5,7,104,6
14210,2021,5,7,5,7,2,1,1,115,99,1,27,4,4,6,95,6
14211,2021,5,9,7,12,3,2,1,115,99,2,45,8,8,10,104,6
14212,2021,5,9,7,15,3,2,1,117,99,1,23,3,3,5,104,6
14213,2021,5,10,1,13,3,2,1,115,99,2,33,5,5,7,97,6
14214,2021,5,10,1,15,3,2,1,108,99,1,28,4,4,6,104,6
14215,2021,5,11,2,19,4,3,1,114,99,1,41,7,7,9,97,6
14216,2021,5,12,3,14,3,2,1,115,99,2,36,6,6,8,104,6
14217,2021,5,12,3,16,3,2,1,115,99,1,27,4,4,6,104,6
14218,2021,5,12,3,9,2,1,1,115,99,2,41,7,7,9,104,6
14219,2021,5,12,3,11,2,1,1,115,99,2,22,3,3,5,104,6
14220,2021,5,12,3,17,3,2,1,115,99,2,21,3,3,5,104,6
14221,2021,5,12,3,22,4,3,1,115,99,1,37,6,6,8,104,6
14222,2021,5,13,4,12,3,2,1,115,99,2,29,4,4,6,97,6
14223,2021,5,13,4,10,2,1,1,115,99,1,54,9,9,11,104,6
14224,2021,5,13,4,20,4,3,1,115,99,2,18,2,2,4,104,6
14225,2021,5,14,5,15,3,2,1,115,99,1,25,4,4,6,104,6
14226,2021,5,14,5,22,4,3,1,115,99,2,25,4,4,6,104,6
14227,2021,5,14,5,12,3,2,1,115,99,1,999,12,16,18,97,6
14228,2021,5,14,5,17,3,2,1,117,99,1,24,3,3,5,104,6
14229,2021,5,15,6,14,3,2,1,115,99,2,37,6,6,8,104,6
14230,2021,5,16,7,11,2,1,1,116,99,1,41,7,7,9,104,6
14231,2021,5,17,1,16,3,2,1,115,99,2,21,3,3,5,104,6
14232,2021,5,18,2,18,4,3,1,115,99,1,33,5,5,7,104,6
14233,2021,5,19,3,13,3,2,1,115,99,2,33,5,5,7,104,6
14234,2021,5,19,3,14,3,2,1,115,99,1,999,12,16,18,104,6
14235,2021,5,19,3,10,2,1,1,115,99,1,51,9,9,11,104,6
14236,2021,5,19,3,18,4,3,1,115,99,1,39,6,6,8,104,6
14237,2021,5,20,4,13,3,2,1,117,99,1,43,7,7,9,104,6
14238,2021,5,20,4,13,3,2,1,117,99,2,42,7,7,9,104,6
14239,2021,5,20,4,11,2,1,1,117,99,1,25,4,4,6,104,6
14240,2021,5,20,4,14,3,2,1,115,99,2,22,3,3,5,104,6
14241,2021,5,20,4,15,3,2,1,115,99,1,48,8,8,10,104,6
14242,2021,5,20,4,9,2,1,1,115,99,1,39,6,6,8,104,6
14243,2021,5,20,4,13,3,2,1,115,99,1,21,3,3,5,97,6
14244,2021,5,21,5,18,4,3,1,115,99,2,34,5,5,7,104,6
14245,2021,5,22,6,13,3,2,1,117,99,1,53,9,9,11,104,6
14246,2021,5,22,6,12,3,2,1,115,99,2,36,6,6,8,104,6
14247,2021,5,24,1,10,2,1,1,115,99,1,50,9,9,11,104,6
14248,2021,5,24,1,9,2,1,1,115,99,2,24,3,3,5,97,6
14249,2021,5,24,1,14,3,2,1,117,99,1,38,6,6,8,97,6
14250,2021,5,24,1,10,2,1,1,115,99,1,29,4,4,6,104,6
14251,2021,5,24,1,9,2,1,1,115,99,1,31,5,5,7,104,6
14252,2021,5,24,1,23,4,3,1,115,99,1,37,6,6,8,104,6
14253,2021,5,25,2,14,3,2,1,117,99,2,62,11,11,13,104,6
14254,2021,5,25,2,16,3,2,1,115,99,2,40,7,7,9,97,6
14255,2021,5,26,3,14,3,2,1,117,99,1,34,5,5,7,104,6
14256,2021,5,26,3,16,3,2,1,114,99,2,29,4,4,6,97,6
14257,2021,5,26,3,20,4,3,17,1703,99,2,29,4,4,6,104,6
14258,2021,5,27,4,11,2,1,1,115,99,1,61,11,11,13,97,6
14259,2021,5,27,4,11,2,1,1,115,99,2,27,4,4,6,104,6
14260,2021,5,27,4,6,2,1,1,115,99,2,44,7,7,9,104,6
14261,2021,5,27,4,10,2,1,1,115,99,1,26,4,4,6,104,6
14262,2021,5,27,4,12,3,2,1,115,99,1,45,8,8,10,104,6
14263,2021,5,27,4,11,2,1,1,117,99,2,27,4,4,6,104,6
14264,2021,5,28,5,15,3,2,1,115,99,1,67,11,12,14,104,6
14265,2021,5,28,5,20,4,3,1,117,99,1,36,6,6,8,104,6
14266,2021,5,29,6,18,4,3,1,115,99,1,50,9,9,11,97,6
14267,2021,5,29,6,14,3,2,1,115,99,2,50,9,9,11,104,6
14268,2021,5,29,6,16,3,2,1,116,99,2,35,6,6,8,97,6
14269,2021,5,31,1,16,3,2,1,116,99,2,26,4,4,6,97,6
14270,2021,5,31,1,16,3,2,1,117,99,2,20,3,3,5,97,6
14271,2021,5,31,1,18,4,3,1,117,99,2,40,7,7,9,97,6
14272,2021,5,31,1,22,4,3,1,116,99,1,50,9,9,11,95,6
14273,2021,5,1,6,12,3,2,1,108,99,2,19,2,2,4,104,6
14274,2021,5,1,6,22,4,3,1,108,99,1,28,4,4,6,97,6
14275,2021,5,3,1,15,3,2,1,108,99,1,58,10,10,12,104,6
14276,2021,5,5,3,12,3,2,1,116,99,1,34,5,5,7,104,6
14277,2021,5,5,3,13,3,2,1,110,99,1,43,7,7,9,104,6
14278,2021,5,5,3,16,3,2,1,108,99,1,48,8,8,10,97,6
14279,2021,5,5,3,16,3,2,1,108,99,2,52,9,9,11,104,6
14280,2021,5,6,4,15,3,2,1,108,99,1,30,5,5,7,104,6
14281,2021,5,7,5,0,1,1,1,108,99,1,40,7,7,9,95,6
14282,2021,5,7,5,11,2,1,1,111,99,1,27,4,4,6,97,6
14283,2021,5,8,6,10,2,1,1,108,99,1,51,9,9,11,104,6
14284,2021,5,8,6,18,4,3,1,108,99,2,55,10,10,12,104,6
14285,2021,5,8,6,21,4,3,1,108,99,1,57,10,10,12,104,6
14286,2021,5,8,6,23,4,3,1,108,99,1,31,5,5,7,104,6
14287,2021,5,10,1,11,2,1,1,108,99,1,71,11,13,15,104,6
14288,2021,5,11,2,12,3,2,1,108,99,1,29,4,4,6,104,6
14289,2021,5,12,3,14,3,2,1,108,99,1,40,7,7,9,97,6
14290,2021,5,14,5,12,3,2,1,110,99,1,26,4,4,6,95,6
14291,2021,5,14,5,16,3,2,1,108,99,1,59,10,10,12,104,6
14292,2021,5,14,5,20,4,3,1,108,99,1,30,5,5,7,97,6
14293,2021,5,15,6,8,2,1,1,108,99,1,63,11,11,13,97,6
14294,2021,5,15,6,15,3,2,1,108,99,1,47,8,8,10,104,6
14295,2021,5,17,1,20,4,3,1,108,99,1,42,7,7,9,97,6
14296,2021,5,17,1,22,4,3,1,108,99,1,55,10,10,12,104,6
14297,2021,5,17,1,23,4,3,1,108,99,1,34,5,5,7,104,6
14298,2021,5,18,2,12,3,2,1,110,99,1,27,4,4,6,104,6
14299,2021,5,19,3,13,3,2,1,108,99,1,30,5,5,7,99,6
14300,2021,5,19,3,14,3,2,1,108,99,1,25,4,4,6,104,6
14301,2021,5,20,4,11,2,1,1,110,99,1,44,7,7,9,104,6
14302,2021,5,20,4,15,3,2,1,108,99,1,26,4,4,6,104,6
14303,2021,5,21,5,15,3,2,1,108,99,2,25,4,4,6,97,6
14304,2021,5,22,6,11,2,1,1,108,99,1,34,5,5,7,104,6
14305,2021,5,23,7,16,3,2,1,111,99,2,24,3,3,5,104,6
14306,2021,5,24,1,9,2,1,1,111,99,1,61,11,11,13,104,6
14307,2021,5,24,1,12,3,2,1,109,99,2,45,8,8,10,104,6
14308,2021,5,24,1,12,3,2,1,108,99,2,29,4,4,6,97,6
14309,2021,5,24,1,12,3,2,1,108,99,2,28,4,4,6,97,6
14310,2021,5,25,2,14,3,2,1,109,99,1,33,5,5,7,104,6
14311,2021,5,25,2,14,3,2,1,110,99,1,29,4,4,6,95,6
14312,2021,5,26,3,16,3,2,1,108,99,1,999,12,16,18,97,6
14313,2021,5,26,3,18,4,3,1,101,19,2,43,7,7,9,97,6
14314,2021,5,27,4,12,3,2,1,108,99,1,21,3,3,5,104,6
14315,2021,5,28,5,16,3,2,1,110,99,1,35,6,6,8,104,6
14316,2021,5,29,6,19,4,3,1,108,99,2,24,3,3,5,104,6
14317,2021,5,29,6,99,5,4,1,108,99,1,24,3,3,5,97,6
14318,2021,5,30,7,11,2,1,1,110,99,1,28,4,4,6,104,6
14319,2021,5,31,1,13,3,2,1,108,99,2,25,4,4,6,104,6
14320,2021,5,31,1,16,3,2,1,109,99,1,22,3,3,5,104,6
14321,2021,5,1,6,11,2,1,12,1221,99,1,52,9,9,11,104,6
14322,2021,5,7,5,10,2,1,9,920,99,1,57,10,10,12,97,6
14323,2021,5,8,6,11,2,1,12,1215,99,2,22,3,3,5,104,6
14324,2021,5,8,6,12,3,2,9,920,99,1,42,7,7,9,104,6
14325,2021,5,8,6,15,3,2,9,921,99,2,47,8,8,10,104,6
14326,2021,5,8,6,15,3,2,9,917,99,2,22,3,3,5,104,6
14327,2021,5,11,2,16,3,2,9,920,99,1,47,8,8,10,97,6
14328,2021,5,11,2,16,3,2,12,1218,99,2,34,5,5,7,97,6
14329,2021,5,11,2,20,4,3,9,920,99,2,48,8,8,10,104,6
14330,2021,5,14,5,17,3,2,9,920,99,1,36,6,6,8,95,6
14331,2021,5,18,2,7,2,1,9,917,99,1,24,3,3,5,104,6
14332,2021,5,19,3,10,2,1,9,920,99,1,20,3,3,5,104,6
14333,2021,5,19,3,15,3,2,9,917,99,1,51,9,9,11,104,6
14334,2021,5,21,5,15,3,2,9,921,99,2,29,4,4,6,104,6
14335,2021,5,22,6,18,4,3,9,917,99,2,36,6,6,8,104,6
14336,2021,5,27,4,16,3,2,9,917,99,1,24,3,3,5,104,6
14337,2021,5,28,5,8,2,1,9,921,99,2,39,6,6,8,104,6
14338,2021,5,31,1,9,2,1,9,922,99,2,42,7,7,9,94,6
14339,2021,5,31,1,10,2,1,9,920,99,2,22,3,3,5,104,6
14340,2021,5,31,1,10,2,1,9,920,99,2,19,2,2,4,104,6
14341,2021,5,18,2,99,5,4,15,1501,99,1,11,1,1,3,15,5
14342,2021,6,1,2,10,2,1,1,101,9,1,38,6,6,8,69,3
14343,2021,6,1,2,10,2,1,1,101,9,1,60,11,11,13,75,3
14344,2021,6,1,2,13,3,2,5,501,99,1,40,7,7,9,75,3
14345,2021,6,2,3,7,2,1,6,602,99,1,67,11,12,14,75,3
14346,2021,6,2,3,3,1,1,3,301,99,1,62,11,11,13,75,3
14347,2021,6,3,4,23,4,3,5,503,99,1,47,8,8,10,75,3
14348,2021,6,3,4,23,4,3,5,503,99,1,47,8,8,10,75,3
14349,2021,6,3,4,23,4,3,5,503,99,1,47,8,8,10,75,3
14350,2021,6,4,5,15,3,2,19,1904,99,1,68,11,12,14,75,3
14351,2021,6,4,5,9,2,1,17,1711,99,1,46,8,8,10,75,3
14352,2021,6,4,5,16,3,2,1,108,99,1,38,6,6,8,69,3
14353,2021,6,5,6,6,2,1,1,114,99,1,31,5,5,7,69,3
14354,2021,6,5,6,19,4,3,1,115,99,1,24,3,3,5,69,3
14355,2021,6,7,1,5,1,1,1,101,13,1,41,7,7,9,69,3
14356,2021,6,7,1,20,4,3,10,1002,99,1,27,4,4,6,69,3
14357,2021,6,8,2,10,2,1,1,115,99,1,29,4,4,6,75,3
14358,2021,6,8,2,14,3,2,1,101,10,1,44,7,7,9,75,3
14359,2021,6,9,3,13,3,2,19,1905,99,2,41,7,7,9,75,3
14360,2021,6,9,3,13,3,2,19,1905,99,1,60,11,11,13,75,3
14361,2021,6,9,3,20,4,3,1,101,7,1,37,6,6,8,75,3
14362,2021,6,9,3,19,4,3,1,108,99,1,33,5,5,7,75,3
14363,2021,6,10,4,11,2,1,1,101,17,2,53,9,9,11,69,3
14364,2021,6,10,4,14,3,2,5,501,99,1,47,8,8,10,75,3
14365,2021,6,10,4,9,2,1,2,203,99,1,72,11,13,15,75,3
14366,2021,6,10,4,19,4,3,18,1801,99,1,41,7,7,9,75,3
14367,2021,6,11,5,4,1,1,3,314,99,1,31,5,5,7,75,3
14368,2021,6,11,5,23,4,3,1,101,16,1,42,7,7,9,69,3
14369,2021,6,12,6,23,4,3,1,101,16,1,42,7,7,9,69,3
14370,2021,6,12,6,17,3,2,1,117,99,1,29,4,4,6,69,3
14371,2021,6,12,6,14,3,2,1,108,99,1,40,7,7,9,75,3
14372,2021,6,14,1,5,1,1,1,101,19,1,41,7,7,9,75,3
14373,2021,6,16,3,9,2,1,5,503,99,1,41,7,7,9,69,3
14374,2021,6,16,3,14,3,2,4,409,99,1,53,9,9,11,75,3
14375,2021,6,18,5,13,3,2,1,101,9,1,49,8,8,10,75,3
14376,2021,6,18,5,10,2,1,1,101,11,1,51,9,9,11,69,3
14377,2021,6,18,5,9,2,1,17,1713,99,1,38,6,6,8,69,3
14378,2021,6,18,5,23,4,3,3,308,99,2,27,4,4,6,69,3
14379,2021,6,19,6,12,3,2,2,201,99,1,44,7,7,9,69,3
14380,2021,6,19,6,12,3,2,2,201,99,1,44,7,7,9,69,3
14381,2021,6,19,6,12,3,2,2,201,99,1,44,7,7,9,69,3
14382,2021,6,19,6,12,3,2,2,201,99,1,44,7,7,9,69,3
14383,2021,6,19,6,12,3,2,2,201,99,1,44,7,7,9,69,3
14384,2021,6,19,6,14,3,2,18,1801,99,1,62,11,11,13,69,3
14385,2021,6,22,2,12,3,2,1,101,5,1,78,11,14,16,69,3
14386,2021,6,24,4,16,3,2,1,101,9,1,24,3,3,5,75,3
14387,2021,6,24,4,15,3,2,1,101,21,1,41,7,7,9,69,3
14388,2021,6,24,4,17,3,2,2,207,99,1,69,11,12,14,69,3
14389,2021,6,24,4,7,2,1,4,401,99,1,20,3,3,5,69,3
14390,2021,6,25,5,6,2,1,5,509,99,1,38,6,6,8,69,3
14391,2021,6,26,6,12,3,2,1,115,99,1,32,5,5,7,75,3
14392,2021,6,26,2,13,3,2,1,115,99,1,36,6,6,8,69,3
14393,2021,6,26,2,16,3,2,1,115,99,1,35,6,6,8,75,3
14394,2021,6,26,6,8,2,1,5,513,99,1,35,6,6,8,69,3
14395,2021,6,28,1,19,4,3,2,203,99,1,37,6,6,8,75,3
14396,2021,6,28,1,9,2,1,12,1220,99,2,22,3,3,5,75,3
14397,2021,6,29,2,16,3,2,1,101,4,1,31,5,5,7,69,3
14398,2021,6,29,2,6,2,1,9,901,99,1,27,4,4,6,75,3
14399,2021,6,29,2,16,3,2,9,901,99,1,36,6,6,8,69,3
14400,2021,6,30,3,10,2,1,1,101,6,1,38,6,6,8,69,3
14401,2021,6,30,3,16,3,2,21,2103,99,1,999,12,16,18,69,3
14402,2021,6,30,3,15,3,2,6,614,99,1,25,4,4,6,69,3
14403,2021,6,30,3,11,2,1,18,1802,99,1,31,5,5,7,69,3
14404,2021,6,1,2,15,3,2,1,108,99,1,26,4,4,6,21,3
14405,2021,6,2,3,16,3,2,1,108,99,2,999,12,16,18,81,3
14406,2021,6,2,3,21,4,3,5,505,99,1,20,3,3,5,21,3
14407,2021,6,2,3,1,1,1,9,901,99,1,45,8,8,10,81,3
14408,2021,6,2,3,3,1,1,3,301,99,1,62,11,11,13,81,3
14409,2021,6,3,4,6,2,1,1,117,99,2,64,11,11,13,20,3
14410,2021,6,3,4,1,1,1,21,2101,99,1,30,5,5,7,20,3
14411,2021,6,3,4,19,4,3,20,2009,99,1,999,12,16,18,81,3
14412,2021,6,3,4,23,4,3,5,503,99,1,47,8,8,10,81,3
14413,2021,6,3,4,12,3,2,12,1202,99,2,999,12,16,18,81,3
14414,2021,6,3,4,16,3,2,18,1801,99,2,66,11,12,14,81,3
14415,2021,6,3,4,13,3,2,4,412,99,2,21,3,3,5,21,3
14416,2021,6,4,5,18,4,3,1,101,4,1,999,12,16,18,21,3
14417,2021,6,4,5,20,4,3,1,116,99,1,38,6,6,8,81,3
14418,2021,6,4,5,7,2,1,11,1101,99,2,32,5,5,7,20,3
14419,2021,6,5,6,1,1,1,1,108,99,1,29,4,4,6,20,3
14420,2021,6,6,7,16,3,2,1,101,1,1,999,12,16,18,21,3
14421,2021,6,6,7,13,3,2,1,101,17,1,31,5,5,7,19,3
14422,2021,6,6,7,8,2,1,1,114,99,2,28,4,4,6,81,3
14423,2021,6,6,7,10,2,1,1,108,99,2,27,4,4,6,21,3
14424,2021,6,6,7,1,1,1,9,920,99,1,999,12,16,18,21,3
14425,2021,6,7,1,8,2,1,13,1301,99,1,36,6,6,8,21,3
14426,2021,6,7,1,10,2,1,1,101,11,1,28,4,4,6,20,3
14427,2021,6,8,2,8,2,1,4,414,99,1,24,3,3,5,81,3
14428,2021,6,8,2,18,4,3,12,1203,99,1,999,12,16,18,21,3
14429,2021,6,9,3,19,4,3,1,108,99,1,20,3,3,5,20,3
14430,2021,6,9,3,21,4,3,1,115,99,1,35,6,6,8,81,3
14431,2021,6,10,4,11,2,1,1,101,17,2,53,9,9,11,19,3
14432,2021,6,11,5,10,2,1,16,1612,99,2,43,7,7,9,20,3
14433,2021,6,11,5,11,2,1,22,2201,99,2,999,12,16,18,20,3
14434,2021,6,11,5,21,4,3,1,101,6,1,23,3,3,5,20,3
14435,2021,6,12,6,23,4,3,1,101,16,1,42,7,7,9,19,3
14436,2021,6,12,6,9,2,1,1,101,11,2,34,5,5,7,20,3
14437,2021,6,12,6,17,3,2,1,117,99,1,29,4,4,6,19,3
14438,2021,6,12,6,9,2,1,18,1801,99,1,39,6,6,8,19,3
14439,2021,6,12,6,15,3,2,14,1412,99,1,999,12,16,18,19,3
14440,2021,6,13,7,21,4,3,1,101,5,1,39,6,6,8,20,3
14441,2021,6,13,7,18,4,3,1,103,99,2,38,6,6,8,19,3
14442,2021,6,13,7,5,1,1,1,114,99,1,999,12,16,18,81,3
14443,2021,6,13,7,18,4,3,1,115,99,1,21,3,3,5,32,3
14444,2021,6,13,7,20,4,3,1,114,99,2,19,2,2,4,20,3
14445,2021,6,13,7,11,2,1,5,501,99,1,999,12,16,18,19,3
14446,2021,6,13,7,21,4,3,9,920,99,1,999,12,16,18,19,3
14447,2021,6,13,7,10,2,1,13,1323,99,1,999,12,16,18,20,3
14448,2021,6,13,7,12,3,2,8,806,99,2,41,7,7,9,20,3
14449,2021,6,14,1,4,1,1,1,102,99,1,51,9,9,11,20,3
14450,2021,6,14,1,6,2,1,1,108,99,2,31,5,5,7,20,3
14451,2021,6,14,1,8,2,1,1,116,99,1,21,3,3,5,21,3
14452,2021,6,14,1,14,3,2,1,114,99,2,75,11,14,16,81,3
14453,2021,6,14,1,5,1,1,16,1613,99,1,35,6,6,8,81,3
14454,2021,6,14,1,17,3,2,13,1301,99,1,999,12,16,18,20,3
14455,2021,6,14,1,7,2,1,14,1415,99,2,26,4,4,6,20,3
14456,2021,6,15,2,13,3,2,9,920,99,1,40,7,7,9,20,3
14457,2021,6,16,3,19,4,3,1,101,25,1,41,7,7,9,81,3
14458,2021,6,16,3,15,3,2,1,115,99,1,77,11,14,16,81,3
14459,2021,6,16,3,15,3,2,1,108,99,1,56,10,10,12,81,3
14460,2021,6,17,4,19,4,3,7,701,99,1,40,7,7,9,21,3
14461,2021,6,19,6,18,4,3,1,102,99,2,54,9,9,11,19,3
14462,2021,6,19,6,6,2,1,1,102,99,1,66,11,12,14,20,3
14463,2021,6,19,6,0,1,1,12,1230,99,1,29,4,4,6,20,3
14464,2021,6,19,6,12,3,2,2,201,99,1,44,7,7,9,19,3
14465,2021,6,20,7,7,2,1,1,106,99,2,31,5,5,7,21,3
14466,2021,6,20,7,17,3,2,6,608,99,1,31,5,5,7,81,3
14467,2021,6,21,1,23,4,3,1,101,18,2,29,4,4,6,19,3
14468,2021,6,21,1,15,3,2,1,101,14,2,41,7,7,9,19,3
14469,2021,6,22,2,9,2,1,13,1326,99,1,999,12,16,18,20,3
14470,2021,6,23,3,13,3,2,1,101,10,2,37,6,6,8,20,3
14471,2021,6,23,3,9,2,1,1,108,99,1,26,4,4,6,21,3
14472,2021,6,23,3,12,3,2,16,1602,99,2,21,3,3,5,21,3
14473,2021,6,24,4,17,3,2,1,101,15,1,999,12,16,18,20,3
14474,2021,6,24,4,18,4,3,13,1326,99,1,27,4,4,6,20,3
14475,2021,6,24,4,19,4,3,16,1602,99,1,44,7,7,9,19,3
14476,2021,6,25,5,11,2,1,1,101,1,1,37,6,6,8,21,3
14477,2021,6,25,5,21,4,3,1,115,99,1,36,6,6,8,19,3
14478,2021,6,25,5,15,3,2,1,110,99,2,30,5,5,7,19,3
14479,2021,6,25,5,6,2,1,5,509,99,1,38,6,6,8,19,3
14480,2021,6,25,5,18,4,3,12,1213,99,1,48,8,8,10,81,3
14481,2021,6,26,6,8,2,1,5,513,99,1,35,6,6,8,81,3
14482,2021,6,27,7,21,4,3,1,101,12,2,58,10,10,12,19,3
14483,2021,6,27,7,15,3,2,19,1910,99,2,42,7,7,9,19,3
14484,2021,6,27,7,0,1,1,18,1801,99,1,51,9,9,11,19,3
14485,2021,6,28,1,11,2,1,1,101,13,1,50,9,9,11,20,3
14486,2021,6,28,1,21,4,3,1,101,13,1,45,8,8,10,20,3
14487,2021,6,28,1,7,2,1,1,101,12,1,25,4,4,6,20,3
14488,2021,6,28,1,14,3,2,1,108,99,2,33,5,5,7,20,3
14489,2021,6,28,1,15,3,2,11,1101,99,2,42,7,7,9,19,3
14490,2021,6,28,1,19,4,3,2,203,99,1,37,6,6,8,81,3
14491,2021,6,28,1,1,1,1,17,1712,99,2,22,3,3,5,81,3
14492,2021,6,29,2,12,3,2,1,108,99,1,22,3,3,5,20,3
14493,2021,6,29,2,8,2,1,9,922,99,1,999,12,16,18,81,3
14494,2021,6,30,3,11,2,1,18,1802,99,1,31,5,5,7,81,3
14495,2021,6,30,3,17,3,2,1,103,99,1,31,5,5,7,19,3
14496,2021,6,30,3,17,3,2,13,1301,99,2,19,2,2,4,20,3
14497,2021,6,1,2,22,4,3,1,101,1,1,27,4,4,6,30,3
14498,2021,6,1,2,20,4,3,10,1001,99,1,48,8,8,10,30,3
14499,2021,6,2,3,15,3,2,5,501,99,1,15,2,2,4,30,3
14500,2021,6,2,3,15,3,2,5,501,99,1,17,2,2,4,30,3
14501,2021,6,2,3,15,3,2,5,501,99,2,17,2,2,4,30,3
14502,2021,6,2,3,9,2,1,13,1301,99,2,29,4,4,6,30,3
14503,2021,6,4,5,15,3,2,5,501,99,1,999,12,16,18,30,3
14504,2021,6,5,6,11,2,1,1,101,7,2,24,3,3,5,30,3
14505,2021,6,5,6,21,4,3,21,2101,99,2,999,12,16,18,30,3
14506,2021,6,5,6,10,2,1,5,509,99,1,49,8,8,10,30,3
14507,2021,6,5,6,21,4,3,16,1604,99,2,70,11,13,15,30,3
14508,2021,6,6,7,18,4,3,12,1219,99,2,19,2,2,4,30,3
14509,2021,6,6,7,10,2,1,13,1301,99,1,999,12,16,18,30,3
14510,2021,6,6,7,7,2,1,4,401,99,1,22,3,3,5,30,3
14511,2021,6,9,3,11,2,1,1,101,15,1,999,12,16,18,30,3
14512,2021,6,9,3,9,2,1,20,2001,99,2,24,3,3,5,30,3
14513,2021,6,9,3,17,3,2,10,1020,99,1,999,12,16,18,30,3
14514,2021,6,10,4,15,3,2,1,101,1,1,24,3,3,5,30,3
14515,2021,6,10,4,7,2,1,1,115,99,1,999,12,16,18,30,3
14516,2021,6,11,5,10,2,1,9,901,99,2,47,8,8,10,30,3
14517,2021,6,12,6,0,1,1,21,2101,99,1,29,4,4,6,30,3
14518,2021,6,12,6,1,1,1,16,1609,99,1,57,10,10,12,30,3
14519,2021,6,13,7,16,3,2,1,101,1,2,31,5,5,7,30,3
14520,2021,6,14,1,10,2,1,10,1017,99,2,999,12,16,18,30,3
14521,2021,6,15,2,15,3,2,5,509,99,1,27,4,4,6,30,3
14522,2021,6,15,2,19,4,3,1,101,16,1,24,3,3,5,30,3
14523,2021,6,17,4,0,1,1,5,501,99,2,23,3,3,5,30,3
14524,2021,6,17,4,11,2,1,12,1202,99,2,999,12,16,18,30,3
14525,2021,6,17,4,13,3,2,8,802,99,1,31,5,5,7,30,3
14526,2021,6,18,5,17,3,2,5,501,99,2,999,12,16,18,30,3
14527,2021,6,19,6,14,3,2,18,1801,99,1,62,11,11,13,30,3
14528,2021,6,19,6,14,3,2,22,2211,99,1,36,6,6,8,30,3
14529,2021,6,19,6,15,3,2,1,117,99,1,23,3,3,5,30,3
14530,2021,6,20,7,15,3,2,17,1701,99,2,22,3,3,5,30,3
14531,2021,6,21,1,17,3,2,4,401,99,1,999,12,16,18,30,3
14532,2021,6,21,1,13,3,2,1,115,99,2,999,12,16,18,30,3
14533,2021,6,21,1,3,1,1,13,1301,99,1,28,4,4,6,30,3
14534,2021,6,22,2,18,4,3,1,101,7,2,33,5,5,7,30,3
14535,2021,6,23,3,19,4,3,1,101,11,2,23,3,3,5,30,3
14536,2021,6,23,3,15,3,2,1,108,99,2,999,12,16,18,30,3
14537,2021,6,23,3,17,3,2,10,1001,99,1,28,4,4,6,30,3
14538,2021,6,24,4,14,3,2,1,101,5,1,20,3,3,5,30,3
14539,2021,6,24,4,19,4,3,1,101,11,1,28,4,4,6,30,3
14540,2021,6,24,4,12,3,2,10,1001,99,2,16,2,2,4,30,3
14541,2021,6,24,4,6,2,1,12,1202,99,2,21,3,3,5,30,3
14542,2021,6,24,4,15,3,2,12,1202,99,2,19,2,2,4,30,3
14543,2021,6,24,4,21,4,3,12,1215,99,2,18,2,2,4,30,3
14544,2021,6,25,5,12,3,2,5,511,99,1,999,12,16,18,30,3
14545,2021,6,25,5,20,4,3,16,1603,99,2,999,12,16,18,30,3
14546,2021,6,26,6,7,2,1,19,1904,99,1,25,4,4,6,30,3
14547,2021,6,27,7,12,3,2,10,1001,99,2,999,12,16,18,30,3
14548,2021,6,27,7,17,3,2,3,308,99,1,29,4,4,6,30,3
14549,2021,6,28,1,23,4,3,1,115,99,2,27,4,4,6,30,3
14550,2021,6,29,2,16,3,2,1,101,4,1,31,5,5,7,30,3
14551,2021,6,29,2,6,2,1,1,101,13,1,26,4,4,6,30,3
14552,2021,6,30,3,20,4,3,9,901,99,2,999,12,16,18,30,3
14553,2021,6,1,2,6,2,1,18,1803,99,2,999,12,16,18,71,5
14554,2021,6,1,2,6,2,1,18,1803,99,2,999,12,16,18,71,5
14555,2021,6,1,2,20,4,3,19,1901,99,2,14,1,1,3,71,5
14556,2021,6,1,2,4,1,1,3,306,99,1,26,4,4,6,71,5
14557,2021,6,1,2,13,3,2,1,101,12,2,16,2,2,4,71,5
14558,2021,6,1,2,15,3,2,1,101,7,1,3,1,1,1,71,5
14559,2021,6,1,2,10,2,1,1,113,99,1,48,8,8,10,71,5
14560,2021,6,1,2,11,2,1,1,115,99,2,45,8,8,10,71,5
14561,2021,6,2,3,8,2,1,1,106,99,2,63,11,11,13,71,5
14562,2021,6,2,3,19,4,3,1,105,99,2,17,2,2,4,71,5
14563,2021,6,2,3,8,2,1,1,101,7,2,22,3,3,5,71,5
14564,2021,6,2,3,8,2,1,1,117,99,1,17,2,2,4,71,5
14565,2021,6,2,3,8,2,1,1,108,99,2,26,4,4,6,71,5
14566,2021,6,2,3,15,3,2,5,507,99,2,13,1,1,3,71,5
14567,2021,6,2,3,7,2,1,5,501,99,2,27,4,4,6,71,5
14568,2021,6,2,3,7,2,1,5,501,99,1,10,1,1,3,71,5
14569,2021,6,2,3,7,2,1,5,501,99,1,7,1,1,2,71,5
14570,2021,6,2,3,7,2,1,5,501,99,2,5,1,1,2,71,5
14571,2021,6,3,4,11,2,1,6,608,99,2,17,2,2,4,71,5
14572,2021,6,3,4,9,2,1,16,1616,99,2,29,4,4,6,71,5
14573,2021,6,3,4,12,3,2,7,704,99,2,16,2,2,4,71,5
14574,2021,6,3,4,14,3,2,18,1804,99,2,29,4,4,6,71,5
14575,2021,6,3,4,22,4,3,1,101,19,1,12,1,1,3,71,5
14576,2021,6,3,4,13,3,2,1,108,99,2,11,1,1,3,71,5
14577,2021,6,3,4,21,4,3,5,511,99,2,16,2,2,4,71,5
14578,2021,6,4,5,12,3,2,1,108,99,2,16,2,2,4,71,5
14579,2021,6,4,5,13,3,2,1,110,99,2,17,2,2,4,71,5
14580,2021,6,4,5,9,2,1,20,2007,99,2,14,1,1,3,71,5
14581,2021,6,4,5,10,2,1,19,1901,99,2,13,1,1,3,71,5
14582,2021,6,4,5,5,1,1,5,501,99,2,18,2,2,4,71,5
14583,2021,6,4,5,11,2,1,5,509,99,1,63,11,11,13,71,5
14584,2021,6,4,5,13,3,2,11,1109,99,2,17,2,2,4,71,5
14585,2021,6,4,5,13,3,2,11,1109,99,1,8,1,1,2,71,5
14586,2021,6,5,6,3,1,1,1,115,99,2,16,2,2,4,71,5
14587,2021,6,5,6,18,4,3,3,304,99,2,15,2,2,4,71,5
14588,2021,6,5,6,10,2,1,22,2201,99,2,18,2,2,4,71,5
14589,2021,6,5,6,10,2,1,22,2201,99,2,3,1,1,1,71,5
14590,2021,6,5,6,10,2,1,22,2201,99,2,1,1,1,1,71,5
14591,2021,6,6,7,18,4,3,1,106,99,2,16,2,2,4,71,5
14592,2021,6,6,7,13,3,2,1,115,99,2,16,2,2,4,71,5
14593,2021,6,6,7,20,4,3,5,509,99,1,32,5,5,7,71,5
14594,2021,6,7,1,16,3,2,1,115,99,1,18,2,2,4,71,5
14595,2021,6,7,1,21,4,3,1,115,99,1,41,7,7,9,71,5
14596,2021,6,7,1,17,3,2,1,110,99,2,44,7,7,9,71,5
14597,2021,6,7,1,15,3,2,6,608,99,2,19,2,2,4,71,5
14598,2021,6,7,1,2,1,1,6,604,99,2,31,5,5,7,71,5
14599,2021,6,7,1,2,1,1,6,604,99,1,1,1,1,1,71,5
14600,2021,6,7,1,15,3,2,10,1001,99,2,16,2,2,4,71,5
14601,2021,6,7,1,19,4,3,2,203,99,2,12,1,1,3,71,5
14602,2021,6,7,1,14,3,2,18,1805,99,1,45,8,8,10,71,5
14603,2021,6,8,2,2,1,1,1,106,99,1,17,2,2,4,71,5
14604,2021,6,8,2,8,2,1,1,101,13,1,14,1,1,3,71,5
14605,2021,6,8,2,9,2,1,1,114,99,2,14,1,1,3,71,5
14606,2021,6,8,2,17,3,2,1,115,99,2,51,9,9,11,71,5
14607,2021,6,8,2,23,4,3,5,513,99,2,64,11,11,13,71,5
14608,2021,6,8,2,11,2,1,4,401,99,2,17,2,2,4,71,5
14609,2021,6,8,3,23,4,3,20,2004,99,2,11,1,1,3,71,5
14610,2021,6,9,3,11,2,1,1,101,18,1,0,1,1,1,71,5
14611,2021,6,9,3,11,2,1,1,101,18,2,17,2,2,4,71,5
14612,2021,6,9,3,19,4,3,19,1904,99,2,17,2,2,4,71,5
14613,2021,6,9,3,19,4,3,1,108,99,2,16,2,2,4,71,5
14614,2021,6,9,3,20,4,3,1,108,99,1,38,6,6,8,71,5
14615,2021,6,9,3,10,2,1,12,1201,99,1,15,2,2,4,71,5
14616,2021,6,9,3,10,2,1,12,1201,99,2,14,1,1,3,71,5
14617,2021,6,9,4,10,2,1,12,1216,99,2,14,1,1,3,71,5
14618,2021,6,9,4,13,3,2,12,1221,99,2,15,2,2,4,71,5
14619,2021,6,9,3,10,2,1,4,415,99,2,40,7,7,9,71,5
14620,2021,6,10,4,19,4,3,1,101,7,2,26,4,4,6,71,5
14621,2021,6,10,4,19,4,3,1,101,7,1,3,1,1,1,71,5
14622,2021,6,10,4,14,3,2,5,502,99,2,17,2,2,4,71,5
14623,2021,6,10,4,16,3,2,5,514,99,2,7,1,1,2,71,5
14624,2021,6,10,4,16,3,2,5,514,99,2,4,1,1,1,71,5
14625,2021,6,10,4,10,2,1,17,1705,99,2,16,2,2,4,71,5
14626,2021,6,10,4,12,3,2,3,312,99,2,43,7,7,9,71,5
14627,2021,6,10,5,18,4,3,1,101,24,2,15,2,2,4,71,5
14628,2021,6,10,5,10,2,1,2,205,99,2,16,2,2,4,71,5
14629,2021,6,10,5,10,2,1,2,205,99,2,18,2,2,4,71,5
14630,2021,6,10,5,8,2,1,18,1802,99,2,16,2,2,4,71,5
14631,2021,6,10,6,13,3,2,1,101,1,1,76,11,14,16,71,5
14632,2021,6,11,5,1,1,1,1,114,99,2,17,2,2,4,71,5
14633,2021,6,11,5,22,4,3,1,117,99,2,16,2,2,4,71,5
14634,2021,6,11,5,23,4,3,1,110,99,1,25,4,4,6,71,5
14635,2021,6,11,5,6,2,1,5,513,99,2,6,1,1,2,71,5
14636,2021,6,11,5,8,2,1,1,106,99,1,18,2,2,4,71,5
14637,2021,6,12,6,12,3,2,1,101,18,2,21,3,3,5,71,5
14638,2021,6,12,6,17,3,2,5,502,99,1,13,1,1,3,71,5
14639,2021,6,12,6,20,4,3,12,1222,99,2,12,1,1,3,71,5
14640,2021,6,12,6,17,3,2,18,1801,99,2,17,2,2,4,71,5
14641,2021,6,13,7,1,1,1,1,117,99,2,16,2,2,4,71,5
14642,2021,6,13,7,8,2,1,12,1217,99,2,15,2,2,4,71,5
14643,2021,6,13,7,19,4,3,4,409,99,2,15,2,2,4,71,5
14644,2021,6,13,7,7,2,1,1,101,7,2,16,2,2,4,71,5
14645,2021,6,14,1,1,1,1,1,107,99,2,13,1,1,3,71,5
14646,2021,6,14,1,13,3,2,1,101,13,2,13,1,1,3,71,5
14647,2021,6,14,1,13,3,2,1,114,99,2,13,1,1,3,71,5
14648,2021,6,14,1,20,4,3,1,110,99,1,12,1,1,3,71,5
14649,2021,6,14,1,9,2,1,19,1904,99,2,15,2,2,4,71,5
14650,2021,6,14,1,8,2,1,19,1901,99,2,26,4,4,6,71,5
14651,2021,6,14,1,0,1,1,2,207,99,1,28,4,4,6,71,5
14652,2021,6,14,1,20,4,3,4,401,99,2,55,10,10,12,71,5
14653,2021,6,15,2,15,3,2,13,1318,99,2,26,4,4,6,71,5
14654,2021,6,15,2,15,3,2,13,1318,99,2,6,1,1,2,71,5
14655,2021,6,15,2,8,2,1,18,1801,99,2,16,2,2,4,71,5
14656,2021,6,15,2,12,3,2,4,401,99,1,22,3,3,5,71,5
14657,2021,6,15,2,12,3,2,14,1412,99,2,11,1,1,3,71,5
14658,2021,6,15,2,0,1,1,4,414,99,2,16,2,2,4,71,5
14659,2021,6,15,2,16,3,2,5,502,99,2,14,1,1,3,71,5
14660,2021,6,16,3,17,3,2,1,101,4,2,17,2,2,4,71,5
14661,2021,6,16,3,16,3,2,19,1901,99,2,23,3,3,5,71,5
14662,2021,6,16,3,16,3,2,19,1901,99,2,1,1,1,1,71,5
14663,2021,6,16,3,18,4,3,5,501,99,1,40,7,7,9,71,5
14664,2021,6,17,4,15,3,2,1,115,99,1,16,2,2,4,71,5
14665,2021,6,17,4,10,2,1,22,2216,99,2,16,2,2,4,71,5
14666,2021,6,17,4,11,2,1,13,1302,99,1,59,10,10,12,71,5
14667,2021,6,17,4,9,2,1,16,1609,99,2,34,5,5,7,71,5
14668,2021,6,17,4,9,2,1,17,1710,99,2,23,3,3,5,71,5
14669,2021,6,17,4,9,2,1,17,1710,99,1,7,1,1,2,71,5
14670,2021,6,17,4,6,2,1,4,401,99,1,32,5,5,7,71,5
14671,2021,6,17,4,16,3,2,4,410,99,1,26,4,4,6,71,5
14672,2021,6,18,5,1,1,1,1,101,7,1,47,8,8,10,71,5
14673,2021,6,18,5,8,2,1,1,115,99,1,37,6,6,8,71,5
14674,2021,6,18,5,17,3,2,1,114,99,1,39,6,6,8,71,5
14675,2021,6,18,5,15,3,2,1,114,99,2,26,4,4,6,71,5
14676,2021,6,18,5,9,2,1,1,110,99,1,29,4,4,6,71,5
14677,2021,6,18,5,15,3,2,19,1901,99,2,42,7,7,9,71,5
14678,2021,6,18,5,15,3,2,19,1901,99,1,1,1,1,1,71,5
14679,2021,6,18,5,12,3,2,19,1904,99,1,47,8,8,10,71,5
14680,2021,6,18,5,8,2,1,19,1904,99,1,43,7,7,9,71,5
14681,2021,6,18,5,3,1,1,18,1805,99,2,18,2,2,4,71,5
14682,2021,6,18,5,13,3,2,14,1417,99,2,22,3,3,5,71,5
14683,2021,6,19,6,9,2,1,1,108,99,2,13,1,1,3,71,5
14684,2021,6,19,6,10,2,1,20,2001,99,1,10,1,1,3,71,5
14685,2021,6,19,6,4,1,1,6,608,99,2,17,2,2,4,71,5
14686,2021,6,19,6,12,3,2,5,502,99,1,26,4,4,6,71,5
14687,2021,6,20,7,10,2,1,13,1304,99,1,16,2,2,4,71,5
14688,2021,6,20,7,23,4,3,13,1301,99,2,5,1,1,2,71,5
14689,2021,6,20,7,20,4,3,8,805,99,2,26,4,4,6,71,5
14690,2021,6,20,7,20,4,3,8,805,99,2,9,1,1,2,71,5
14691,2021,6,20,7,20,4,3,8,805,99,2,5,1,1,2,71,5
14692,2021,6,20,7,20,4,3,8,805,99,1,1,1,1,1,71,5
14693,2021,6,20,7,21,4,3,1,110,99,2,15,2,2,4,71,5
14694,2021,6,21,1,7,2,1,1,115,99,1,38,6,6,8,71,5
14695,2021,6,21,1,10,2,1,16,1615,99,1,9,1,1,2,71,5
14696,2021,6,21,1,19,4,3,17,1711,99,2,39,6,6,8,71,5
14697,2021,6,21,1,5,1,1,1,115,99,2,24,3,3,5,71,5
14698,2021,6,21,1,18,4,3,1,110,99,2,16,2,2,4,71,5
14699,2021,6,21,1,23,4,3,7,704,99,2,14,1,1,3,71,5
14700,2021,6,22,2,20,4,3,1,115,99,1,65,11,12,14,71,5
14701,2021,6,22,2,19,4,3,1,115,99,2,17,2,2,4,71,5
14702,2021,6,22,2,21,4,3,1,108,99,2,16,2,2,4,71,5
14703,2021,6,22,2,12,3,2,1,108,99,1,47,8,8,10,71,5
14704,2021,6,22,2,20,4,3,1,108,99,2,16,2,2,4,71,5
14705,2021,6,22,2,11,2,1,20,2009,99,2,34,5,5,7,71,5
14706,2021,6,22,2,11,2,1,20,2009,99,2,14,1,1,3,71,5
14707,2021,6,22,2,11,2,1,20,2009,99,2,3,1,1,1,71,5
14708,2021,6,22,2,13,3,2,16,1609,99,2,13,1,1,3,71,5
14709,2021,6,22,2,12,3,2,17,1706,99,2,13,1,1,3,71,5
14710,2021,6,22,2,14,3,2,17,1710,99,2,26,4,4,6,71,5
14711,2021,6,22,2,14,3,2,17,1710,99,2,6,1,1,2,71,5
14712,2021,6,22,2,17,3,2,7,710,99,2,16,2,2,4,71,5
14713,2021,6,23,3,12,3,2,1,103,99,2,14,1,1,3,71,5
14714,2021,6,23,3,3,1,1,1,117,99,2,13,1,1,3,71,5
14715,2021,6,23,3,17,3,2,2,205,99,1,17,2,2,4,71,5
14716,2021,6,23,3,9,2,1,17,1712,99,2,22,3,3,5,71,5
14717,2021,6,23,3,20,4,3,17,1710,99,1,13,1,1,3,71,5
14718,2021,6,23,3,5,1,1,3,312,99,2,17,2,2,4,71,5
14719,2021,6,24,4,23,4,3,1,101,18,2,15,2,2,4,71,5
14720,2021,6,24,4,16,3,2,21,2107,99,2,16,2,2,4,71,5
14721,2021,6,23,3,19,4,3,5,511,99,2,15,2,2,4,71,5
14722,2021,6,23,3,20,4,3,5,506,99,2,14,1,1,3,71,5
14723,2021,6,24,4,19,4,3,13,1328,99,1,2,1,1,1,71,5
14724,2021,6,23,3,99,5,4,2,201,99,2,17,2,2,4,71,5
14725,2021,6,23,3,17,3,2,4,404,99,2,17,2,2,4,71,5
14726,2021,6,24,4,12,3,2,3,301,99,1,0,1,1,1,71,5
14727,2021,6,24,3,19,4,3,1,102,99,1,13,1,1,3,71,5
14728,2021,6,25,5,9,2,1,1,109,99,1,15,2,2,4,71,5
14729,2021,6,25,5,21,4,3,21,2101,99,2,14,1,1,3,71,5
14730,2021,6,25,5,10,2,1,12,1214,99,2,13,1,1,3,71,5
14731,2021,6,25,5,14,3,2,16,1601,99,1,16,2,2,4,71,5
14732,2021,6,25,5,17,3,2,1,101,21,1,17,2,2,4,71,5
14733,2021,6,25,5,15,3,2,1,108,99,1,45,8,8,10,71,5
14734,2021,6,25,5,9,2,1,6,612,99,1,47,8,8,10,71,5
14735,2021,6,26,6,16,3,2,6,602,99,2,26,4,4,6,71,5
14736,2021,6,26,6,13,3,2,12,1201,99,2,4,1,1,1,71,5
14737,2021,6,26,6,19,4,3,12,1213,99,2,68,11,12,14,71,5
14738,2021,6,26,6,8,2,1,12,1201,99,1,20,3,3,5,71,5
14739,2021,6,26,6,14,3,2,1,108,99,2,25,4,4,6,71,5
14740,2021,6,26,6,23,4,3,1,108,99,2,16,2,2,4,71,5
14741,2021,6,26,6,13,3,2,16,1604,99,2,17,2,2,4,71,5
14742,2021,6,26,6,15,3,2,19,1901,99,2,23,3,3,5,71,5
14743,2021,6,26,6,15,3,2,19,1901,99,2,0,1,1,1,71,5
14744,2021,6,26,6,15,3,2,1,114,99,1,15,2,2,4,71,5
14745,2021,6,26,6,8,2,1,19,1901,99,1,20,3,3,5,71,5
14746,2021,6,27,7,5,1,1,5,504,99,2,17,2,2,4,71,5
14747,2021,6,27,7,21,4,3,1,101,7,1,31,5,5,7,71,5
14748,2021,6,27,7,19,4,3,1,116,99,2,22,3,3,5,71,5
14749,2021,6,27,7,19,4,3,1,117,99,1,24,3,3,5,71,5
14750,2021,6,28,1,20,4,3,1,115,99,2,6,1,1,2,71,5
14751,2021,6,28,1,20,4,3,1,115,99,2,5,1,1,2,71,5
14752,2021,6,28,1,20,4,3,1,115,99,2,3,1,1,1,71,5
14753,2021,6,28,1,12,3,2,12,1202,99,1,19,2,2,4,71,5
14754,2021,6,28,1,14,3,2,12,1210,99,1,10,1,1,3,71,5
14755,2021,6,28,1,7,2,1,17,1705,99,2,17,2,2,4,71,5
14756,2021,6,29,2,0,1,1,1,115,99,1,14,1,1,3,71,5
14757,2021,6,29,2,15,3,2,19,1901,99,2,23,3,3,5,71,5
14758,2021,6,29,2,15,3,2,19,1901,99,2,0,1,1,1,71,5
14759,2021,6,29,2,10,2,1,15,1508,99,2,15,2,2,4,71,5
14760,2021,6,26,6,15,3,2,4,403,99,1,29,4,4,6,71,5
14761,2021,6,30,3,13,3,2,1,101,12,2,1,1,1,1,71,5
14762,2021,6,30,3,16,3,2,1,108,99,2,42,7,7,9,71,5
14763,2021,6,30,3,17,3,2,5,505,99,2,13,1,1,3,71,5
14764,2021,6,30,3,13,3,2,17,1701,99,2,14,1,1,3,71,5
14765,2021,6,1,2,13,3,2,1,101,18,1,19,2,2,4,79,3
14766,2021,6,1,2,10,2,1,1,117,99,1,60,11,11,13,79,3
14767,2021,6,1,2,15,3,2,1,117,99,1,21,3,3,5,79,3
14768,2021,6,1,2,5,1,1,1,108,99,1,23,3,3,5,24,3
14769,2021,6,1,2,5,1,1,1,108,99,1,24,3,3,5,79,3
14770,2021,6,1,2,19,4,3,1,108,99,1,23,3,3,5,79,3
14771,2021,6,1,2,14,3,2,5,511,99,1,28,4,4,6,24,3
14772,2021,6,1,2,22,4,3,10,1006,99,1,19,2,2,4,24,3
14773,2021,6,1,2,13,3,2,16,1601,99,1,23,3,3,5,79,3
14774,2021,6,1,2,20,4,3,18,1803,99,2,36,6,6,8,79,3
14775,2021,6,1,2,0,1,1,4,401,99,2,44,7,7,9,79,3
14776,2021,6,1,2,20,4,3,4,401,99,1,44,7,7,9,24,3
14777,2021,6,1,2,11,2,1,3,312,99,1,26,4,4,6,79,3
14778,2021,6,2,3,16,3,2,1,101,9,1,29,4,4,6,79,3
14779,2021,6,2,3,19,4,3,1,101,1,1,27,4,4,6,24,3
14780,2021,6,2,3,6,2,1,1,101,10,1,29,4,4,6,79,3
14781,2021,6,2,3,14,3,2,1,101,15,1,29,4,4,6,24,3
14782,2021,6,2,3,20,4,3,1,115,99,1,27,4,4,6,79,3
14783,2021,6,2,3,12,3,2,1,108,99,1,37,6,6,8,24,3
14784,2021,6,2,3,19,4,3,1,101,19,1,22,3,3,5,79,3
14785,2021,6,2,3,20,4,3,18,1801,99,1,21,3,3,5,24,3
14786,2021,6,3,4,10,2,1,1,101,9,1,34,5,5,7,79,3
14787,2021,6,3,4,22,4,3,1,101,8,1,20,3,3,5,79,3
14788,2021,6,3,4,7,2,1,1,101,25,1,20,3,3,5,79,3
14789,2021,6,3,4,20,4,3,1,115,99,2,49,8,8,10,79,3
14790,2021,6,3,4,4,1,1,1,108,99,1,30,5,5,7,24,3
14791,2021,6,3,4,5,1,1,5,501,99,1,37,6,6,8,24,3
14792,2021,6,3,4,23,4,3,5,502,99,1,22,3,3,5,24,3
14793,2021,6,3,4,18,4,3,14,1401,99,1,41,7,7,9,79,3
14794,2021,6,4,5,10,2,1,1,101,9,1,36,6,6,8,79,3
14795,2021,6,4,5,20,4,3,1,101,17,1,22,3,3,5,79,3
14796,2021,6,4,5,8,2,1,22,2201,99,1,24,3,3,5,79,3
14797,2021,6,4,5,7,2,1,19,1901,99,2,29,4,4,6,79,3
14798,2021,6,4,5,20,4,3,5,501,99,1,34,5,5,7,79,3
14799,2021,6,4,5,12,3,2,5,509,99,1,25,4,4,6,24,3
14800,2021,6,4,5,6,2,1,5,501,99,1,21,3,3,5,79,3
14801,2021,6,4,5,0,1,1,5,501,99,1,27,4,4,6,24,3
14802,2021,6,4,5,19,4,3,16,1602,99,2,54,9,9,11,79,3
14803,2021,6,4,5,10,2,1,18,1804,99,1,21,3,3,5,79,3
14804,2021,6,5,6,12,3,2,1,101,6,1,24,3,3,5,79,3
14805,2021,6,5,6,13,3,2,1,101,5,1,20,3,3,5,79,3
14806,2021,6,5,6,15,3,2,1,103,99,1,30,5,5,7,79,3
14807,2021,6,5,6,21,4,3,1,101,12,1,20,3,3,5,79,3
14808,2021,6,5,6,18,4,3,1,115,99,1,30,5,5,7,24,3
14809,2021,6,5,6,16,3,2,1,116,99,1,28,4,4,6,79,3
14810,2021,6,5,6,19,4,3,1,115,99,1,23,3,3,5,79,3
14811,2021,6,5,6,21,4,3,1,110,99,1,36,6,6,8,24,3
14812,2021,6,5,6,21,4,3,1,101,19,1,52,9,9,11,79,3
14813,2021,6,5,6,8,2,1,5,501,99,1,27,4,4,6,24,3
14814,2021,6,5,6,8,2,1,5,507,99,1,37,6,6,8,24,3
14815,2021,6,5,6,8,2,1,10,1002,99,1,29,4,4,6,79,3
14816,2021,6,6,7,22,4,3,1,116,99,1,38,6,6,8,24,3
14817,2021,6,6,7,1,1,1,1,108,99,1,33,5,5,7,79,3
14818,2021,6,6,7,12,3,2,1,108,99,1,34,5,5,7,79,3
14819,2021,6,6,7,12,3,2,5,501,99,2,43,7,7,9,24,3
14820,2021,6,6,7,20,4,3,5,506,99,1,50,9,9,11,24,3
14821,2021,6,6,7,17,3,2,5,513,99,1,40,7,7,9,24,3
14822,2021,6,6,7,17,3,2,5,513,99,1,30,5,5,7,24,3
14823,2021,6,6,7,18,4,3,5,502,99,2,22,3,3,5,24,3
14824,2021,6,6,7,15,3,2,5,504,99,1,33,5,5,7,24,3
14825,2021,6,6,7,19,4,3,10,1009,99,1,25,4,4,6,24,3
14826,2021,6,6,7,18,4,3,11,1101,99,1,41,7,7,9,24,3
14827,2021,6,6,7,15,3,2,18,1804,99,1,19,2,2,4,79,3
14828,2021,6,7,1,19,4,3,1,101,17,1,23,3,3,5,79,3
14829,2021,6,7,1,20,4,3,1,101,17,2,27,4,4,6,79,3
14830,2021,6,7,1,99,5,4,1,101,18,1,23,3,3,5,79,3
14831,2021,6,7,1,7,2,1,1,101,7,1,19,2,2,4,24,3
14832,2021,6,7,1,17,3,2,1,101,19,1,23,3,3,5,79,3
14833,2021,6,7,1,7,2,1,5,507,99,2,32,5,5,7,24,3
14834,2021,6,7,1,12,3,2,5,502,99,2,50,9,9,11,79,3
14835,2021,6,7,1,18,4,3,17,1701,99,1,21,3,3,5,24,3
14836,2021,6,7,1,22,4,3,3,314,99,1,32,5,5,7,24,3
14837,2021,6,8,2,11,2,1,1,101,13,1,37,6,6,8,79,3
14838,2021,6,8,2,21,4,3,1,108,99,1,22,3,3,5,79,3
14839,2021,6,8,2,20,4,3,1,108,99,1,21,3,3,5,79,3
14840,2021,6,8,2,6,2,1,5,507,99,1,27,4,4,6,79,3
14841,2021,6,8,2,17,3,2,5,507,99,1,35,6,6,8,24,3
14842,2021,6,9,3,9,2,1,1,101,9,1,27,4,4,6,79,3
14843,2021,6,9,3,10,2,1,1,101,9,1,25,4,4,6,79,3
14844,2021,6,9,3,6,2,1,1,101,1,1,23,3,3,5,79,3
14845,2021,6,9,3,7,2,1,1,101,18,1,23,3,3,5,79,3
14846,2021,6,9,3,18,4,3,1,115,99,1,18,2,2,4,79,3
14847,2021,6,9,3,16,3,2,1,108,99,1,20,3,3,5,24,3
14848,2021,6,9,3,9,2,1,5,501,99,2,35,6,6,8,24,3
14849,2021,6,10,4,4,1,1,1,101,1,1,26,4,4,6,24,3
14850,2021,6,10,4,99,5,4,1,101,7,1,27,4,4,6,79,3
14851,2021,6,10,4,21,4,3,1,116,99,1,35,6,6,8,79,3
14852,2021,6,11,5,18,4,3,1,101,1,1,25,4,4,6,79,3
14853,2021,6,11,5,20,4,3,1,101,1,1,24,3,3,5,79,3
14854,2021,6,11,5,17,3,2,1,101,1,1,33,5,5,7,79,3
14855,2021,6,11,5,21,4,3,1,115,99,2,32,5,5,7,79,3
14856,2021,6,11,5,4,1,1,12,1215,99,2,50,9,9,11,79,3
14857,2021,6,12,6,11,2,1,1,101,7,1,34,5,5,7,79,3
14858,2021,6,12,6,4,1,1,1,108,99,1,20,3,3,5,24,3
14859,2021,6,12,6,17,3,2,10,1002,99,1,61,11,11,13,79,3
14860,2021,6,13,7,19,4,3,1,101,18,1,23,3,3,5,24,3
14861,2021,6,13,7,17,3,2,1,101,12,1,24,3,3,5,24,3
14862,2021,6,13,7,18,4,3,1,114,99,1,24,3,3,5,79,3
14863,2021,6,13,7,14,3,2,1,101,19,1,45,8,8,10,79,3
14864,2021,6,13,7,14,3,2,5,505,99,2,34,5,5,7,24,3
14865,2021,6,13,7,23,4,3,5,505,99,2,22,3,3,5,24,3
14866,2021,6,13,7,22,4,3,10,1010,99,1,20,3,3,5,79,3
14867,2021,6,13,7,15,3,2,10,1014,99,1,999,12,16,18,24,3
14868,2021,6,13,7,15,3,2,15,1503,99,1,20,3,3,5,24,3
14869,2021,6,13,7,10,2,1,18,1801,99,1,26,4,4,6,24,3
14870,2021,6,14,1,10,2,1,1,101,4,1,59,10,10,12,79,3
14871,2021,6,14,1,10,2,1,1,101,12,1,39,6,6,8,24,3
14872,2021,6,14,1,20,4,3,1,117,99,1,23,3,3,5,79,3
14873,2021,6,14,1,5,1,1,5,513,99,1,49,8,8,10,24,3
14874,2021,6,14,1,15,3,2,10,1005,99,1,18,2,2,4,24,3
14875,2021,6,14,1,19,4,3,18,1801,99,1,38,6,6,8,24,3
14876,2021,6,14,1,15,3,2,4,401,99,1,24,3,3,5,24,3
14877,2021,6,15,2,10,2,1,1,101,1,1,29,4,4,6,79,3
14878,2021,6,15,2,7,2,1,1,101,10,1,34,5,5,7,79,3
14879,2021,6,15,2,4,1,1,1,108,99,1,22,3,3,5,24,3
14880,2021,6,15,2,21,4,3,1,101,19,1,24,3,3,5,79,3
14881,2021,6,15,2,16,3,2,22,2201,99,1,32,5,5,7,79,3
14882,2021,6,15,2,16,3,2,5,506,99,1,54,9,9,11,24,3
14883,2021,6,15,2,14,3,2,5,501,99,2,31,5,5,7,79,3
14884,2021,6,15,2,15,3,2,5,503,99,1,19,2,2,4,24,3
14885,2021,6,15,2,7,2,1,18,1804,99,2,37,6,6,8,79,3
14886,2021,6,16,3,6,2,1,1,101,5,1,27,4,4,6,79,3
14887,2021,6,16,3,10,2,1,1,101,14,1,31,5,5,7,79,3
14888,2021,6,16,3,6,2,1,1,115,99,1,26,4,4,6,79,3
14889,2021,6,16,3,16,3,2,1,108,99,1,21,3,3,5,24,3
14890,2021,6,16,3,4,1,1,5,501,99,1,47,8,8,10,24,3
14891,2021,6,16,3,9,2,1,5,501,99,1,45,8,8,10,79,3
14892,2021,6,16,3,16,3,2,5,514,99,1,23,3,3,5,24,3
14893,2021,6,16,3,13,3,2,4,408,99,1,31,5,5,7,24,3
14894,2021,6,16,3,20,4,3,1,101,7,1,50,9,9,11,24,3
14895,2021,6,17,4,10,2,1,1,101,10,1,25,4,4,6,79,3
14896,2021,6,17,4,20,4,3,1,101,7,1,30,5,5,7,79,3
14897,2021,6,17,4,12,3,2,19,1905,99,2,50,9,9,11,24,3
14898,2021,6,17,4,20,4,3,5,513,99,1,33,5,5,7,79,3
14899,2021,6,18,5,4,1,1,1,101,5,1,21,3,3,5,24,3
14900,2021,6,18,5,12,3,2,1,101,10,1,21,3,3,5,79,3
14901,2021,6,18,5,4,1,1,1,101,12,1,32,5,5,7,24,3
14902,2021,6,18,5,22,4,3,1,116,99,1,25,4,4,6,79,3
14903,2021,6,18,5,10,2,1,1,108,99,1,28,4,4,6,79,3
14904,2021,6,18,5,21,4,3,1,101,19,1,25,4,4,6,79,3
14905,2021,6,18,5,7,2,1,19,1903,99,1,38,6,6,8,79,3
14906,2021,6,18,5,6,2,1,5,501,99,1,43,7,7,9,24,3
14907,2021,6,18,5,14,3,2,5,503,99,1,27,4,4,6,24,3
14908,2021,6,18,5,21,4,3,5,505,99,1,21,3,3,5,24,3
14909,2021,6,18,5,10,2,1,18,1804,99,2,25,4,4,6,79,3
14910,2021,6,18,5,19,4,3,18,1803,99,1,48,8,8,10,79,3
14911,2021,6,18,7,15,3,2,20,2001,99,1,999,12,16,18,79,3
14912,2021,6,18,5,18,4,3,1,101,1,1,20,3,3,5,79,3
14913,2021,6,19,6,14,3,2,1,101,1,1,20,3,3,5,79,3
14914,2021,6,19,6,4,1,1,1,101,7,1,28,4,4,6,24,3
14915,2021,6,19,6,4,1,1,1,101,11,1,17,2,2,4,24,3
14916,2021,6,19,6,20,4,3,1,117,99,1,31,5,5,7,79,3
14917,2021,6,19,6,5,1,1,1,108,99,1,27,4,4,6,24,3
14918,2021,6,19,6,11,2,1,1,108,99,1,48,8,8,10,79,3
14919,2021,6,19,6,9,2,1,5,506,99,1,32,5,5,7,79,3
14920,2021,6,19,6,16,3,2,18,1804,99,2,41,7,7,9,79,3
14921,2021,6,19,6,22,4,3,4,413,99,2,21,3,3,5,79,3
14922,2021,6,20,7,8,2,1,1,115,99,1,26,4,4,6,79,3
14923,2021,6,20,7,23,4,3,1,116,99,1,37,6,6,8,24,3
14924,2021,6,20,7,19,4,3,19,1905,99,1,33,5,5,7,24,3
14925,2021,6,20,7,18,4,3,5,507,99,1,34,5,5,7,24,3
14926,2021,6,20,7,5,1,1,5,501,99,1,55,10,10,12,24,3
14927,2021,6,20,7,17,3,2,5,502,99,2,21,3,3,5,24,3
14928,2021,6,20,7,20,4,3,5,509,99,1,17,2,2,4,24,3
14929,2021,6,20,7,8,2,1,16,1607,99,1,38,6,6,8,24,3
14930,2021,6,20,7,7,2,1,14,1401,99,1,38,6,6,8,79,3
14931,2021,6,20,7,17,3,2,1,101,18,1,39,6,6,8,79,3
14932,2021,6,21,1,14,3,2,1,101,9,1,33,5,5,7,79,3
14933,2021,6,21,1,6,2,1,1,101,17,1,26,4,4,6,79,3
14934,2021,6,21,1,8,2,1,1,101,7,1,30,5,5,7,79,3
14935,2021,6,21,1,11,2,1,1,101,12,1,28,4,4,6,24,3
14936,2021,6,21,1,19,4,3,1,115,99,1,22,3,3,5,79,3
14937,2021,6,21,1,0,1,1,1,108,99,2,26,4,4,6,24,3
14938,2021,6,21,1,6,2,1,1,108,99,2,29,4,4,6,24,3
14939,2021,6,21,1,16,3,2,1,108,99,1,32,5,5,7,79,3
14940,2021,6,21,1,15,3,2,5,506,99,1,33,5,5,7,24,3
14941,2021,6,21,1,16,3,2,5,506,99,1,23,3,3,5,24,3
14942,2021,6,21,1,22,4,3,5,507,99,2,25,4,4,6,24,3
14943,2021,6,21,1,20,4,3,5,501,99,2,35,6,6,8,79,3
14944,2021,6,21,1,20,4,3,5,507,99,1,39,6,6,8,24,3
14945,2021,6,21,1,21,4,3,18,1804,99,2,24,3,3,5,24,3
14946,2021,6,21,1,6,2,1,18,1805,99,1,30,5,5,7,79,3
14947,2021,6,21,1,6,2,1,18,1804,99,1,37,6,6,8,24,3
14948,2021,6,22,2,9,2,1,1,101,9,1,20,3,3,5,79,3
14949,2021,6,22,2,16,3,2,1,101,2,1,25,4,4,6,24,3
14950,2021,6,22,2,22,4,3,1,101,1,1,32,5,5,7,24,3
14951,2021,6,22,2,3,1,1,1,101,18,1,25,4,4,6,79,3
14952,2021,6,22,2,19,4,3,1,101,17,1,20,3,3,5,24,3
14953,2021,6,22,2,18,4,3,1,101,14,1,20,3,3,5,79,3
14954,2021,6,22,2,5,1,1,1,115,99,1,24,3,3,5,79,3
14955,2021,6,22,2,20,4,3,1,110,99,1,39,6,6,8,79,3
14956,2021,6,22,2,19,4,3,1,108,99,1,999,12,16,18,79,3
14957,2021,6,22,2,11,2,1,5,501,99,1,31,5,5,7,79,3
14958,2021,6,22,2,19,4,3,5,506,99,1,21,3,3,5,24,3
14959,2021,6,22,2,6,2,1,11,1101,99,1,45,8,8,10,79,3
14960,2021,6,22,2,21,4,3,18,1801,99,1,999,12,16,18,79,3
14961,2021,6,22,2,20,4,3,1,116,99,1,22,3,3,5,24,3
14962,2021,6,22,2,17,3,2,4,413,99,2,22,3,3,5,24,3
14963,2021,6,22,2,16,3,2,1,101,11,1,22,3,3,5,79,3
14964,2021,6,22,2,9,2,1,16,1604,99,1,47,8,8,10,79,3
14965,2021,6,23,3,13,3,2,1,102,99,1,34,5,5,7,24,3
14966,2021,6,23,3,5,1,1,1,101,14,1,22,3,3,5,79,3
14967,2021,6,23,3,13,3,2,1,101,16,1,24,3,3,5,79,3
14968,2021,6,23,3,19,4,3,1,101,19,1,35,6,6,8,79,3
14969,2021,6,23,3,5,1,1,5,507,99,1,38,6,6,8,24,3
14970,2021,6,23,3,5,1,1,5,501,99,1,35,6,6,8,24,3
14971,2021,6,23,3,12,3,2,5,502,99,1,21,3,3,5,79,3
14972,2021,6,23,3,7,2,1,5,507,99,1,27,4,4,6,24,3
14973,2021,6,23,3,12,3,2,18,1802,99,1,25,4,4,6,24,3
14974,2021,6,23,3,18,4,3,4,414,99,1,23,3,3,5,79,3
14975,2021,6,23,3,16,3,2,1,101,24,2,23,3,3,5,79,3
14976,2021,6,23,3,21,4,3,1,101,6,1,22,3,3,5,79,3
14977,2021,6,23,3,20,4,3,11,1101,99,1,46,8,8,10,79,3
14978,2021,6,23,3,22,4,3,1,101,7,1,23,3,3,5,79,3
14979,2021,6,23,3,17,3,2,1,108,99,1,35,6,6,8,24,3
14980,2021,6,23,3,5,1,1,1,101,9,1,26,4,4,6,24,3
14981,2021,6,24,4,4,1,1,1,101,8,1,40,7,7,9,79,3
14982,2021,6,24,4,7,2,1,1,101,4,1,29,4,4,6,79,3
14983,2021,6,24,4,7,2,1,1,101,5,1,25,4,4,6,79,3
14984,2021,6,24,4,6,2,1,1,101,14,1,28,4,4,6,79,3
14985,2021,6,24,4,4,1,1,1,101,12,1,38,6,6,8,24,3
14986,2021,6,24,4,6,2,1,20,2005,99,2,23,3,3,5,24,3
14987,2021,6,24,4,6,2,1,20,2001,99,1,23,3,3,5,79,3
14988,2021,6,24,4,19,4,3,1,101,1,1,28,4,4,6,24,3
14989,2021,6,24,4,18,4,3,1,101,11,1,35,6,6,8,79,3
14990,2021,6,24,4,16,3,2,1,101,11,1,22,3,3,5,24,3
14991,2021,6,25,5,19,4,3,1,101,1,1,56,10,10,12,24,3
14992,2021,6,25,5,19,4,3,5,503,99,1,19,2,2,4,24,3
14993,2021,6,25,5,16,3,2,2,201,99,2,20,3,3,5,79,3
14994,2021,6,25,5,14,3,2,18,1801,99,1,20,3,3,5,79,3
14995,2021,6,25,5,21,4,3,5,509,99,1,60,11,11,13,79,3
14996,2021,6,25,5,23,4,3,5,509,99,1,19,2,2,4,24,3
14997,2021,6,26,6,16,3,2,1,105,99,1,22,3,3,5,79,3
14998,2021,6,26,6,13,3,2,1,101,13,1,22,3,3,5,24,3
14999,2021,6,26,6,19,4,3,1,101,12,1,24,3,3,5,24,3
15000,2021,6,26,6,5,1,1,5,514,99,2,27,4,4,6,24,3
15001,2021,6,26,6,18,4,3,5,507,99,1,39,6,6,8,24,3
15002,2021,6,26,6,4,1,1,10,1012,99,1,27,4,4,6,24,3
15003,2021,6,26,6,15,3,2,11,1102,99,1,36,6,6,8,24,3
15004,2021,6,26,6,17,3,2,1,101,7,1,51,9,9,11,24,3
15005,2021,6,26,6,20,4,3,19,1901,99,1,46,8,8,10,79,3
15006,2021,6,26,6,10,2,1,1,108,99,1,26,4,4,6,79,3
15007,2021,6,26,6,13,3,2,1,101,19,1,21,3,3,5,79,3
15008,2021,6,26,6,13,3,2,1,108,99,1,23,3,3,5,79,3
15009,2021,6,27,7,10,2,1,1,101,10,1,23,3,3,5,79,3
15010,2021,6,27,7,21,4,3,1,101,7,1,23,3,3,5,79,3
15011,2021,6,27,7,19,4,3,1,117,99,2,45,8,8,10,79,3
15012,2021,6,27,7,15,3,2,1,115,99,1,47,8,8,10,79,3
15013,2021,6,27,7,12,3,2,9,901,99,1,26,4,4,6,79,3
15014,2021,6,27,7,12,3,2,9,901,99,1,20,3,3,5,79,3
15015,2021,6,27,7,19,4,3,3,312,99,1,34,5,5,7,79,3
15016,2021,6,27,7,21,4,3,1,114,99,1,42,7,7,9,24,3
15017,2021,6,27,7,20,4,3,5,502,99,1,30,5,5,7,79,3
15018,2021,6,27,7,4,1,1,1,114,99,1,21,3,3,5,79,3
15019,2021,6,27,7,13,3,2,1,101,18,2,34,5,5,7,79,3
15020,2021,6,27,7,10,2,1,1,101,3,2,26,4,4,6,24,3
15021,2021,6,28,1,16,3,2,1,115,99,1,23,3,3,5,79,3
15022,2021,6,28,1,21,4,3,5,502,99,1,29,4,4,6,24,3
15023,2021,6,28,1,23,4,3,1,117,99,1,22,3,3,5,79,3
15024,2021,6,28,1,21,4,3,1,101,19,1,32,5,5,7,79,3
15025,2021,6,28,1,21,4,3,17,1708,99,2,33,5,5,7,79,3
15026,2021,6,28,1,21,4,3,18,1802,99,1,23,3,3,5,79,3
15027,2021,6,28,1,13,3,2,5,506,99,1,26,4,4,6,24,3
15028,2021,6,29,2,4,1,1,1,101,13,2,22,3,3,5,24,3
15029,2021,6,29,2,7,2,1,1,101,10,1,23,3,3,5,79,3
15030,2021,6,29,2,20,4,3,1,102,99,1,31,5,5,7,24,3
15031,2021,6,29,2,5,1,1,1,101,7,1,34,5,5,7,24,3
15032,2021,6,29,2,4,1,1,5,511,99,1,36,6,6,8,24,3
15033,2021,6,29,2,8,2,1,6,601,99,2,32,5,5,7,79,3
15034,2021,6,29,2,16,3,2,9,901,99,1,36,6,6,8,24,3
15035,2021,6,29,2,13,3,2,1,108,99,1,29,4,4,6,79,3
15036,2021,6,30,3,8,2,1,1,101,9,1,43,7,7,9,79,3
15037,2021,6,30,3,13,3,2,19,1901,99,1,31,5,5,7,79,3
15038,2021,6,30,3,17,3,2,5,503,99,1,25,4,4,6,24,3
15039,2021,6,30,3,18,4,3,5,502,99,1,29,4,4,6,24,3
15040,2021,6,30,3,11,2,1,5,514,99,1,25,4,4,6,79,3
15041,2021,6,30,3,16,3,2,16,1604,99,1,19,2,2,4,79,3
15042,2021,6,1,2,11,2,1,16,1601,99,2,15,2,2,4,68,7
15043,2021,6,2,3,20,4,3,1,114,99,2,13,1,1,3,68,7
15044,2021,6,2,3,2,1,1,5,514,99,2,15,2,2,4,68,7
15045,2021,6,4,5,17,3,2,16,1615,99,2,7,1,1,2,68,7
15046,2021,6,4,5,19,4,3,1,116,99,2,27,4,4,6,68,7
15047,2021,6,5,6,20,4,3,18,1801,99,2,13,1,1,3,68,7
15048,2021,6,5,6,22,4,3,1,117,99,2,7,1,1,2,68,7
15049,2021,6,6,7,19,4,3,4,401,99,2,10,1,1,3,68,7
15050,2021,6,8,2,14,3,2,22,2201,99,2,18,2,2,4,68,7
15051,2021,6,8,2,22,4,3,2,205,99,2,25,4,4,6,68,7
15052,2021,6,10,4,17,3,2,1,101,1,2,18,2,2,4,68,7
15053,2021,6,10,4,21,4,3,1,114,99,2,12,1,1,3,68,7
15054,2021,6,10,4,0,1,1,1,108,99,2,17,2,2,4,68,7
15055,2021,6,10,4,19,4,3,15,1501,99,2,999,12,16,18,68,7
15056,2021,6,11,5,2,1,1,14,1403,99,2,14,1,1,3,68,7
15057,2021,6,12,6,15,3,2,1,117,99,2,16,2,2,4,68,7
15058,2021,6,12,6,15,3,2,9,917,99,1,8,1,1,2,68,7
15059,2021,6,13,7,23,4,3,1,108,99,2,13,1,1,3,68,7
15060,2021,6,13,7,14,3,2,16,1601,99,2,13,1,1,3,68,7
15061,2021,6,14,1,17,3,2,16,1601,99,2,35,6,6,8,68,7
15062,2021,6,14,1,20,4,3,17,1710,99,2,18,2,2,4,68,7
15063,2021,6,15,2,11,2,1,4,401,99,2,15,2,2,4,68,7
15064,2021,6,17,4,21,4,3,11,1108,99,2,13,1,1,3,68,7
15065,2021,6,17,4,0,1,1,13,1301,99,2,13,1,1,3,68,7
15066,2021,6,19,6,15,3,2,1,114,99,2,31,5,5,7,68,7
15067,2021,6,20,7,23,4,3,5,501,99,2,33,5,5,7,68,7
15068,2021,6,20,7,2,1,1,17,1710,99,2,23,3,3,5,68,7
15069,2021,6,21,1,22,4,3,7,713,99,2,17,2,2,4,68,7
15070,2021,6,22,2,19,4,3,5,510,99,2,16,2,2,4,68,7
15071,2021,6,22,2,16,3,2,5,512,99,2,999,12,16,18,68,7
15072,2021,6,23,3,0,1,1,8,801,99,2,22,3,3,5,68,7
15073,2021,6,24,4,11,2,1,1,101,1,2,30,5,5,7,68,7
15074,2021,6,25,5,17,3,2,16,1616,99,1,7,1,1,2,68,7
15075,2021,6,25,5,11,2,1,18,1801,99,2,19,2,2,4,68,7
15076,2021,6,28,1,17,3,2,1,116,99,2,14,1,1,3,68,7
15077,2021,6,29,2,9,2,1,1,108,99,2,21,3,3,5,68,7
15078,2021,6,29,2,0,1,1,6,601,99,2,29,4,4,6,68,7
15079,2021,6,29,2,15,3,2,13,1311,99,2,11,1,1,3,68,7
15080,2021,6,1,2,14,3,2,1,101,14,1,42,7,7,9,22,3
15081,2021,6,1,2,23,4,3,1,101,5,1,39,6,6,8,83,3
15082,2021,6,1,2,13,3,2,1,101,14,1,40,7,7,9,83,3
15083,2021,6,1,2,14,3,2,1,101,11,2,34,5,5,7,83,3
15084,2021,6,1,2,6,2,1,1,101,11,1,37,6,6,8,22,3
15085,2021,6,1,2,8,2,1,1,101,12,1,32,5,5,7,83,3
15086,2021,6,1,2,8,2,1,1,114,99,1,29,4,4,6,83,3
15087,2021,6,1,2,18,4,3,1,108,99,1,35,6,6,8,22,3
15088,2021,6,1,2,14,3,2,1,108,99,1,34,5,5,7,83,3
15089,2021,6,1,2,13,3,2,6,606,99,1,45,8,8,10,83,3
15090,2021,6,2,3,6,2,1,1,101,11,1,37,6,6,8,83,3
15091,2021,6,2,3,22,4,3,1,101,7,1,28,4,4,6,22,3
15092,2021,6,2,3,4,1,1,1,101,19,1,46,8,8,10,83,3
15093,2021,6,2,3,5,1,1,1,108,99,1,27,4,4,6,22,3
15094,2021,6,3,4,18,4,3,1,101,1,1,61,11,11,13,83,3
15095,2021,6,3,4,21,4,3,1,101,11,2,39,6,6,8,22,3
15096,2021,6,3,4,5,1,1,1,115,99,1,30,5,5,7,83,3
15097,2021,6,3,4,16,3,2,5,509,99,1,48,8,8,10,83,3
15098,2021,6,3,4,11,2,1,3,301,99,2,33,5,5,7,83,3
15099,2021,6,4,5,16,3,2,1,101,9,1,55,10,10,12,22,3
15100,2021,6,4,5,16,3,2,1,101,9,1,40,7,7,9,83,3
15101,2021,6,4,5,16,3,2,1,101,12,1,49,8,8,10,83,3
15102,2021,6,4,5,6,2,1,1,101,7,1,31,5,5,7,83,3
15103,2021,6,4,5,4,1,1,1,108,99,1,41,7,7,9,22,3
15104,2021,6,4,5,15,3,2,5,501,99,1,28,4,4,6,83,3
15105,2021,6,4,5,7,2,1,6,601,99,1,48,8,8,10,83,3
15106,2021,6,4,5,16,3,2,2,203,99,1,48,8,8,10,22,3
15107,2021,6,4,5,11,2,1,3,308,99,1,25,4,4,6,22,3
15108,2021,6,5,6,22,4,3,1,101,6,1,58,10,10,12,22,3
15109,2021,6,5,6,5,1,1,1,101,7,1,48,8,8,10,83,3
15110,2021,6,5,6,17,3,2,1,101,11,1,73,11,13,15,22,3
15111,2021,6,5,6,20,4,3,1,114,99,1,21,3,3,5,83,3
15112,2021,6,6,7,17,3,2,1,117,99,2,33,5,5,7,83,3
15113,2021,6,6,7,9,2,1,3,304,99,1,56,10,10,12,83,3
15114,2021,6,7,1,16,3,2,1,101,24,1,62,11,11,13,83,3
15115,2021,6,7,1,15,3,2,1,103,99,1,30,5,5,7,83,3
15116,2021,6,7,1,21,4,3,1,109,99,1,44,7,7,9,22,3
15117,2021,6,7,1,13,3,2,5,501,99,1,43,7,7,9,22,3
15118,2021,6,7,1,5,1,1,5,501,99,1,63,11,11,13,83,3
15119,2021,6,7,1,8,2,1,7,701,99,1,35,6,6,8,83,3
15120,2021,6,8,2,5,1,1,1,101,11,1,65,11,12,14,22,3
15121,2021,6,8,2,8,2,1,1,101,11,2,33,5,5,7,83,3
15122,2021,6,8,2,10,2,1,1,101,11,1,56,10,10,12,83,3
15123,2021,6,8,2,11,2,1,1,101,11,1,33,5,5,7,83,3
15124,2021,6,9,3,23,4,3,1,101,3,1,42,7,7,9,83,3
15125,2021,6,9,3,22,4,3,1,105,99,1,35,6,6,8,83,3
15126,2021,6,9,3,20,4,3,1,108,99,1,18,2,2,4,83,3
15127,2021,6,9,3,23,4,3,2,208,99,1,37,6,6,8,83,3
15128,2021,6,10,4,20,4,3,1,101,3,1,30,5,5,7,22,3
15129,2021,6,10,4,19,4,3,1,101,11,1,31,5,5,7,83,3
15130,2021,6,10,4,23,4,3,1,101,7,2,38,6,6,8,83,3
15131,2021,6,10,4,4,1,1,1,117,99,1,27,4,4,6,83,3
15132,2021,6,10,4,12,3,2,1,108,99,1,38,6,6,8,83,3
15133,2021,6,10,4,20,4,3,1,108,99,1,44,7,7,9,22,3
15134,2021,6,10,4,23,4,3,1,108,99,1,46,8,8,10,22,3
15135,2021,6,10,4,21,4,3,1,108,99,1,38,6,6,8,83,3
15136,2021,6,10,4,3,1,1,5,501,99,1,29,4,4,6,83,3
15137,2021,6,10,4,12,3,2,3,301,99,1,29,4,4,6,83,3
15138,2021,6,11,5,3,1,1,1,101,25,1,48,8,8,10,22,3
15139,2021,6,11,5,23,4,3,1,101,11,2,32,5,5,7,83,3
15140,2021,6,11,5,19,4,3,1,101,12,2,25,4,4,6,83,3
15141,2021,6,11,5,17,3,2,1,115,99,2,47,8,8,10,83,3
15142,2021,6,11,5,21,4,3,1,101,19,1,19,2,2,4,22,3
15143,2021,6,11,5,16,3,2,19,1903,99,1,33,5,5,7,22,3
15144,2021,6,11,5,18,4,3,5,509,99,1,53,9,9,11,22,3
15145,2021,6,11,5,7,2,1,9,909,99,1,39,6,6,8,22,3
15146,2021,6,12,6,4,1,1,1,101,4,1,20,3,3,5,83,3
15147,2021,6,12,6,22,4,3,5,501,99,1,60,11,11,13,83,3
15148,2021,6,13,7,13,3,2,1,101,1,1,26,4,4,6,83,3
15149,2021,6,13,7,12,3,2,1,101,12,2,34,5,5,7,83,3
15150,2021,6,14,1,14,3,2,1,101,3,2,36,6,6,8,22,3
15151,2021,6,14,1,22,4,3,1,101,6,1,27,4,4,6,22,3
15152,2021,6,14,1,18,4,3,1,101,12,1,41,7,7,9,22,3
15153,2021,6,14,1,7,2,1,3,301,99,1,68,11,12,14,83,3
15154,2021,6,15,2,4,1,1,1,101,9,1,48,8,8,10,83,3
15155,2021,6,15,2,22,4,3,1,103,99,1,21,3,3,5,83,3
15156,2021,6,15,2,11,2,1,1,101,12,1,34,5,5,7,22,3
15157,2021,6,15,2,10,2,1,1,101,7,1,36,6,6,8,22,3
15158,2021,6,15,2,16,3,2,1,115,99,1,42,7,7,9,22,3
15159,2021,6,15,2,17,3,2,1,114,99,1,31,5,5,7,83,3
15160,2021,6,15,2,20,4,3,5,501,99,1,24,3,3,5,83,3
15161,2021,6,15,2,22,4,3,3,308,99,1,35,6,6,8,22,3
15162,2021,6,16,3,19,4,3,1,101,9,1,42,7,7,9,83,3
15163,2021,6,16,3,8,2,1,1,101,12,1,47,8,8,10,83,3
15164,2021,6,16,3,19,4,3,1,101,7,1,26,4,4,6,83,3
15165,2021,6,16,3,23,4,3,1,108,99,1,46,8,8,10,22,3
15166,2021,6,16,3,22,4,3,1,108,99,1,40,7,7,9,22,3
15167,2021,6,17,4,4,1,1,1,101,4,1,37,6,6,8,83,3
15168,2021,6,17,4,0,1,1,1,108,99,2,69,11,12,14,83,3
15169,2021,6,18,5,20,4,3,1,101,4,1,33,5,5,7,22,3
15170,2021,6,18,5,13,3,2,1,101,2,1,33,5,5,7,22,3
15171,2021,6,18,5,5,1,1,1,117,99,2,28,4,4,6,83,3
15172,2021,6,18,5,19,4,3,1,114,99,2,71,11,13,15,83,3
15173,2021,6,18,5,7,2,1,1,108,99,1,31,5,5,7,22,3
15174,2021,6,18,5,21,4,3,1,108,99,1,32,5,5,7,22,3
15175,2021,6,18,5,9,2,1,19,1901,99,1,51,9,9,11,83,3
15176,2021,6,18,5,7,2,1,3,301,99,1,33,5,5,7,83,3
15177,2021,6,18,5,20,4,3,3,301,99,1,40,7,7,9,83,3
15178,2021,6,19,6,11,2,1,1,101,6,1,45,8,8,10,83,3
15179,2021,6,19,6,23,4,3,1,101,11,1,54,9,9,11,22,3
15180,2021,6,19,6,18,4,3,1,115,99,1,33,5,5,7,83,3
15181,2021,6,19,6,20,4,3,1,101,11,2,59,10,10,12,83,3
15182,2021,6,19,6,13,3,2,1,110,99,1,40,7,7,9,83,3
15183,2021,6,19,6,14,3,2,1,108,99,1,31,5,5,7,83,3
15184,2021,6,20,7,18,4,3,1,101,12,1,34,5,5,7,83,3
15185,2021,6,20,7,4,1,1,1,101,7,1,25,4,4,6,83,3
15186,2021,6,20,7,8,2,1,1,101,19,1,57,10,10,12,83,3
15187,2021,6,20,7,6,2,1,1,115,99,1,44,7,7,9,83,3
15188,2021,6,20,7,8,2,1,1,115,99,2,31,5,5,7,83,3
15189,2021,6,20,7,22,4,3,1,117,99,1,58,10,10,12,83,3
15190,2021,6,21,1,19,4,3,1,101,1,1,34,5,5,7,22,3
15191,2021,6,21,1,10,2,1,1,101,1,1,47,8,8,10,22,3
15192,2021,6,21,2,10,2,1,1,101,17,1,26,4,4,6,83,3
15193,2021,6,21,1,1,1,1,1,101,18,1,34,5,5,7,22,3
15194,2021,6,21,1,22,4,3,1,108,99,1,31,5,5,7,22,3
15195,2021,6,22,2,21,4,3,1,101,6,1,36,6,6,8,83,3
15196,2021,6,22,2,11,2,1,10,1010,99,1,40,7,7,9,83,3
15197,2021,6,22,2,12,3,2,1,101,12,1,48,8,8,10,83,3
15198,2021,6,22,2,1,1,1,1,108,99,1,32,5,5,7,22,3
15199,2021,6,22,2,7,2,1,1,108,99,1,45,8,8,10,83,3
15200,2021,6,22,2,13,3,2,8,801,99,1,37,6,6,8,22,3
15201,2021,6,23,3,4,1,1,1,101,8,1,43,7,7,9,83,3
15202,2021,6,23,3,9,2,1,1,101,1,1,51,9,9,11,22,3
15203,2021,6,23,3,3,1,1,1,113,99,1,30,5,5,7,83,3
15204,2021,6,23,3,21,4,3,1,101,11,1,26,4,4,6,83,3
15205,2021,6,23,3,6,2,1,2,208,99,1,29,4,4,6,83,3
15206,2021,6,23,3,22,4,3,1,101,18,1,31,5,5,7,83,3
15207,2021,6,24,4,4,1,1,1,108,99,1,50,9,9,11,83,3
15208,2021,6,24,4,10,2,1,1,103,99,2,34,5,5,7,83,3
15209,2021,6,24,4,9,2,1,1,115,99,1,31,5,5,7,83,3
15210,2021,6,24,4,5,1,1,3,301,99,1,999,12,16,18,83,3
15211,2021,6,24,4,21,4,3,3,308,99,1,999,12,16,18,83,3
15212,2021,6,24,4,7,2,1,1,101,9,1,32,5,5,7,83,3
15213,2021,6,24,4,18,4,3,12,1223,99,1,35,6,6,8,22,3
15214,2021,6,24,4,13,3,2,1,101,11,1,28,4,4,6,83,3
15215,2021,6,25,5,4,1,1,1,105,99,1,52,9,9,11,83,3
15216,2021,6,25,5,19,4,3,1,101,4,1,28,4,4,6,83,3
15217,2021,6,25,5,11,2,1,1,101,14,1,58,10,10,12,83,3
15218,2021,6,25,5,4,1,1,1,101,12,1,54,9,9,11,22,3
15219,2021,6,25,5,5,1,1,1,114,99,1,44,7,7,9,22,3
15220,2021,6,25,5,15,3,2,9,917,99,1,999,12,16,18,22,3
15221,2021,6,25,5,20,4,3,5,502,99,1,48,8,8,10,22,3
15222,2021,6,25,5,6,2,1,1,108,99,1,54,9,9,11,83,3
15223,2021,6,25,5,9,2,1,1,101,9,1,63,11,11,13,83,3
15224,2021,6,25,5,17,3,2,19,1901,99,1,32,5,5,7,83,3
15225,2021,6,26,6,8,2,1,1,101,5,2,43,7,7,9,83,3
15226,2021,6,26,6,7,2,1,6,608,99,1,42,7,7,9,83,3
15227,2021,6,26,6,17,3,2,1,101,12,1,49,8,8,10,83,3
15228,2021,6,26,6,22,4,3,1,117,99,1,35,6,6,8,83,3
15229,2021,6,27,7,17,3,2,1,108,99,2,70,11,13,15,83,3
15230,2021,6,27,7,9,2,1,1,101,5,1,41,7,7,9,83,3
15231,2021,6,27,7,1,1,1,2,207,99,1,43,7,7,9,83,3
15232,2021,6,27,7,22,4,3,1,117,99,1,36,6,6,8,22,3
15233,2021,6,27,7,23,4,3,1,114,99,1,52,9,9,11,83,3
15234,2021,6,27,7,20,4,3,1,115,99,2,36,6,6,8,83,3
15235,2021,6,28,1,23,4,3,1,101,9,1,32,5,5,7,22,3
15236,2021,6,28,1,9,2,1,1,106,99,1,59,10,10,12,22,3
15237,2021,6,28,1,22,4,3,1,101,17,1,24,3,3,5,22,3
15238,2021,6,28,1,14,3,2,1,101,7,2,53,9,9,11,83,3
15239,2021,6,28,1,18,4,3,1,101,11,1,51,9,9,11,83,3
15240,2021,6,28,1,21,4,3,1,108,99,1,34,5,5,7,22,3
15241,2021,6,28,1,20,4,3,1,108,99,2,30,5,5,7,83,3
15242,2021,6,29,2,2,1,1,1,103,99,1,43,7,7,9,83,3
15243,2021,6,29,2,19,4,3,1,101,11,1,35,6,6,8,22,3
15244,2021,6,30,3,10,2,1,1,101,8,1,53,9,9,11,22,3
15245,2021,6,30,3,11,2,1,1,101,1,1,29,4,4,6,83,3
15246,2021,6,30,3,14,3,2,1,101,2,1,22,3,3,5,83,3
15247,2021,6,30,3,6,2,1,1,103,99,1,56,10,10,12,83,3
15248,2021,6,30,3,10,2,1,1,101,5,1,23,3,3,5,83,3
15249,2021,6,30,3,10,2,1,2,207,99,1,38,6,6,8,22,3
15250,2021,6,1,2,9,2,1,1,101,1,1,24,3,3,5,1,1
15251,2021,6,1,2,18,4,3,1,115,99,1,25,4,4,6,1,1
15252,2021,6,1,2,20,4,3,1,117,99,2,33,5,5,7,1,1
15253,2021,6,1,2,22,4,3,1,108,99,2,19,2,2,4,5,1
15254,2021,6,1,2,17,3,2,20,2007,99,1,36,6,6,8,1,1
15255,2021,6,1,2,19,4,3,6,608,99,1,25,4,4,6,1,1
15256,2021,6,1,2,21,4,3,9,919,99,2,25,4,4,6,2,1
15257,2021,6,1,2,21,4,3,9,919,99,1,45,8,8,10,2,1
15258,2021,6,1,2,13,3,2,12,1215,99,1,35,6,6,8,2,1
15259,2021,6,1,2,15,3,2,18,1803,99,1,18,2,2,4,1,1
15260,2021,6,1,2,6,2,1,17,1711,99,1,34,5,5,7,1,1
15261,2021,6,1,2,6,2,1,17,1711,99,1,32,5,5,7,1,1
15262,2021,6,1,2,19,4,3,4,403,99,1,19,2,2,4,2,1
15263,2021,6,1,2,21,4,3,1,117,99,1,27,4,4,6,7,2
15264,2021,6,1,2,18,4,3,1,115,99,1,40,7,7,9,7,2
15265,2021,6,1,2,22,4,3,5,506,99,1,19,2,2,4,7,2
15266,2021,6,1,2,12,3,2,9,901,99,1,30,5,5,7,7,2
15267,2021,6,1,2,22,4,3,1,101,1,1,27,4,4,6,8,2
15268,2021,6,2,3,8,2,1,1,101,1,1,25,4,4,6,1,1
15269,2021,6,2,3,7,2,1,1,107,99,1,52,9,9,11,1,1
15270,2021,6,2,3,20,4,3,1,115,99,1,40,7,7,9,1,1
15271,2021,6,2,3,18,4,3,19,1901,99,1,27,4,4,6,1,1
15272,2021,6,2,3,20,4,3,19,1909,99,1,21,3,3,5,1,1
15273,2021,6,2,3,19,4,3,1,101,4,1,39,6,6,8,9,2
15274,2021,6,2,3,19,4,3,1,101,6,1,28,4,4,6,9,2
15275,2021,6,2,3,21,4,3,1,101,11,1,26,4,4,6,8,2
15276,2021,6,2,3,18,4,3,21,2106,99,2,18,2,2,4,7,2
15277,2021,6,2,3,18,4,3,19,1901,99,1,28,4,4,6,7,2
15278,2021,6,2,3,0,1,1,3,303,99,1,28,4,4,6,7,2
15279,2021,6,3,4,16,3,2,1,101,6,1,42,7,7,9,1,1
15280,2021,6,3,4,15,3,2,21,2101,99,1,31,5,5,7,1,1
15281,2021,6,3,4,7,2,1,16,1617,99,1,67,11,12,14,2,1
15282,2021,6,3,4,21,4,3,16,1609,99,1,50,9,9,11,1,1
15283,2021,6,3,4,21,4,3,16,1609,99,1,30,5,5,7,1,1
15284,2021,6,3,4,9,2,1,18,1801,99,2,20,3,3,5,2,1
15285,2021,6,3,4,6,2,1,1,108,99,1,26,4,4,6,7,2
15286,2021,6,3,4,2,1,1,17,1705,99,1,43,7,7,9,8,2
15287,2021,6,3,4,18,4,3,1,101,1,1,18,2,2,4,7,2
15288,2021,6,3,4,20,4,3,1,101,18,2,19,2,2,4,7,2
15289,2021,6,3,4,0,1,1,1,101,4,1,32,5,5,7,8,2
15290,2021,6,3,4,23,4,3,1,116,99,1,49,8,8,10,8,2
15291,2021,6,3,4,19,4,3,6,608,99,1,25,4,4,6,8,2
15292,2021,6,4,5,23,4,3,1,114,99,1,35,6,6,8,1,1
15293,2021,6,4,5,17,3,2,21,2103,99,1,999,12,16,18,2,1
15294,2021,6,4,5,17,3,2,21,2103,99,2,999,12,16,18,2,1
15295,2021,6,4,5,19,4,3,20,2001,99,1,54,9,9,11,1,1
15296,2021,6,4,5,19,4,3,20,2001,99,1,22,3,3,5,1,1
15297,2021,6,4,5,16,3,2,5,513,99,1,40,7,7,9,1,1
15298,2021,6,4,5,20,4,3,6,602,99,1,23,3,3,5,1,1
15299,2021,6,4,5,20,4,3,6,602,99,2,28,4,4,6,1,1
15300,2021,6,4,5,19,4,3,2,207,99,1,25,4,4,6,1,1
15301,2021,6,4,5,16,3,2,5,501,99,2,35,6,6,8,7,2
15302,2021,6,4,5,16,3,2,5,501,99,2,55,10,10,12,1,1
15303,2021,6,4,5,16,3,2,5,501,99,1,26,4,4,6,7,2
15304,2021,6,4,5,2,1,1,12,1217,99,2,25,4,4,6,8,2
15305,2021,6,4,5,5,1,1,3,301,99,1,40,7,7,9,7,2
15306,2021,6,4,5,5,1,1,3,301,99,2,34,5,5,7,7,2
15307,2021,6,5,6,20,4,3,1,101,1,1,62,11,11,13,1,1
15308,2021,6,5,6,2,1,1,1,101,11,2,20,3,3,5,5,1
15309,2021,6,5,6,12,3,2,20,2001,99,1,30,5,5,7,1,1
15310,2021,6,5,6,17,3,2,5,513,99,1,48,8,8,10,1,1
15311,2021,6,5,6,18,4,3,5,506,99,1,34,5,5,7,1,1
15312,2021,6,5,6,22,4,3,5,513,99,1,999,12,16,18,2,1
15313,2021,6,5,6,20,4,3,16,1607,99,1,35,6,6,8,1,1
15314,2021,6,5,6,20,4,3,16,1607,99,1,23,3,3,5,1,1
15315,2021,6,5,6,9,2,1,1,101,21,1,30,5,5,7,7,2
15316,2021,6,5,6,9,2,1,1,101,21,1,20,3,3,5,7,2
15317,2021,6,5,6,20,4,3,1,101,1,1,25,4,4,6,7,2
15318,2021,6,5,6,20,4,3,16,1607,99,1,27,4,4,6,7,2
15319,2021,6,5,6,20,4,3,16,1607,99,1,18,2,2,4,7,2
15320,2021,6,5,6,20,4,3,16,1607,99,2,10,1,1,3,7,2
15321,2021,6,6,7,3,1,1,1,101,2,1,999,12,16,18,2,1
15322,2021,6,6,7,3,1,1,1,101,18,2,38,6,6,8,1,1
15323,2021,6,6,7,19,4,3,1,101,18,2,30,5,5,7,1,1
15324,2021,6,6,7,19,4,3,1,101,6,1,18,2,2,4,1,1
15325,2021,6,6,7,7,2,1,1,101,11,1,51,9,9,11,5,1
15326,2021,6,6,7,12,3,2,1,115,99,2,27,4,4,6,5,1
15327,2021,6,6,7,12,3,2,1,115,99,1,999,12,16,18,1,1
15328,2021,6,6,7,20,4,3,22,2201,99,1,40,7,7,9,1,1
15329,2021,6,6,7,18,4,3,19,1901,99,1,999,12,16,18,1,1
15330,2021,6,6,7,11,2,1,5,502,99,1,5,1,1,2,1,1
15331,2021,6,6,7,15,3,2,6,602,99,1,22,3,3,5,1,1
15332,2021,6,6,7,23,4,3,6,606,99,1,42,7,7,9,1,1
15333,2021,6,6,7,2,1,1,10,1006,99,1,18,2,2,4,1,1
15334,2021,6,6,7,23,4,3,1,101,8,1,19,2,2,4,8,2
15335,2021,6,6,7,0,1,1,1,101,18,1,30,5,5,7,8,2
15336,2021,6,6,7,4,1,1,1,106,99,1,28,4,4,6,8,2
15337,2021,6,6,7,17,3,2,1,105,99,2,21,3,3,5,9,2
15338,2021,6,6,7,10,2,1,1,103,99,2,30,5,5,7,7,2
15339,2021,6,6,7,20,4,3,1,101,5,1,27,4,4,6,8,2
15340,2021,6,6,7,23,4,3,1,115,99,1,18,2,2,4,8,2
15341,2021,6,6,7,15,3,2,1,117,99,1,32,5,5,7,7,2
15342,2021,6,6,7,20,4,3,22,2201,99,2,35,6,6,8,7,2
15343,2021,6,6,7,18,4,3,19,1901,99,1,30,5,5,7,7,2
15344,2021,6,6,7,11,2,1,5,502,99,2,29,4,4,6,7,2
15345,2021,6,6,7,11,2,1,5,502,99,2,27,4,4,6,7,2
15346,2021,6,6,7,8,2,1,9,917,99,1,81,11,15,17,7,2
15347,2021,6,6,7,8,2,1,9,917,99,1,69,11,12,14,7,2
15348,2021,6,6,7,19,4,3,18,1802,99,1,19,2,2,4,7,2
15349,2021,6,6,7,19,4,3,3,308,99,1,52,9,9,11,8,2
15350,2021,6,7,1,11,2,1,21,2101,99,1,38,6,6,8,1,1
15351,2021,6,7,1,5,1,1,16,1601,99,1,30,5,5,7,1,1
15352,2021,6,7,1,19,4,3,18,1801,99,1,60,11,11,13,1,1
15353,2021,6,7,1,20,4,3,1,107,99,1,36,6,6,8,7,2
15354,2021,6,7,1,20,4,3,1,107,99,2,36,6,6,8,7,2
15355,2021,6,7,1,21,4,3,1,101,11,1,23,3,3,5,7,2
15356,2021,6,7,1,22,4,3,6,612,99,1,52,9,9,11,7,2
15357,2021,6,7,1,6,2,1,1,105,99,1,22,3,3,5,1,1
15358,2021,6,8,2,15,3,2,1,101,18,2,20,3,3,5,1,1
15359,2021,6,8,2,16,3,2,1,101,18,1,68,11,12,14,1,1
15360,2021,6,8,2,10,2,1,1,108,99,1,25,4,4,6,1,1
15361,2021,6,8,2,14,3,2,20,2001,99,1,27,4,4,6,1,1
15362,2021,6,8,2,17,3,2,19,1904,99,2,24,3,3,5,2,1
15363,2021,6,8,2,17,3,2,19,1904,99,2,4,1,1,1,2,1
15364,2021,6,8,2,17,3,2,19,1904,99,1,3,1,1,1,2,1
15365,2021,6,8,2,7,2,1,5,506,99,1,65,11,12,14,1,1
15366,2021,6,8,2,6,2,1,1,101,3,1,27,4,4,6,8,2
15367,2021,6,8,2,11,2,1,1,101,7,1,34,5,5,7,7,2
15368,2021,6,8,2,7,2,1,1,114,99,1,49,8,8,10,8,2
15369,2021,6,8,2,0,1,1,1,115,99,2,29,4,4,6,9,2
15370,2021,6,8,2,17,3,2,19,1904,99,1,26,4,4,6,9,2
15371,2021,6,8,2,2,1,1,10,1014,99,1,27,4,4,6,7,2
15372,2021,6,8,2,21,4,3,17,1703,99,1,19,2,2,4,7,2
15373,2021,6,8,2,21,4,3,17,1703,99,1,20,3,3,5,7,2
15374,2021,6,9,3,22,4,3,1,115,99,1,25,4,4,6,1,1
15375,2021,6,9,3,20,4,3,1,116,99,1,18,2,2,4,1,1
15376,2021,6,9,3,21,4,3,5,501,99,1,26,4,4,6,1,1
15377,2021,6,9,3,17,3,2,6,611,99,1,67,11,12,14,2,1
15378,2021,6,9,3,7,2,1,18,1802,99,1,19,2,2,4,1,1
15379,2021,6,9,3,15,3,2,4,401,99,2,17,2,2,4,2,1
15380,2021,6,9,3,99,5,4,4,415,99,2,40,7,7,9,2,1
15381,2021,6,9,3,19,4,3,3,302,99,1,38,6,6,8,1,1
15382,2021,6,9,3,19,4,3,3,302,99,1,33,5,5,7,7,2
15383,2021,6,9,3,6,2,1,1,115,99,1,10,1,1,3,7,2
15384,2021,6,9,3,20,4,3,5,501,99,1,61,11,11,13,7,2
15385,2021,6,9,3,17,3,2,1,106,99,1,26,4,4,6,7,2
15386,2021,6,9,3,22,4,3,1,101,18,2,17,2,2,4,8,2
15387,2021,6,10,4,19,4,3,1,101,6,1,17,2,2,4,1,1
15388,2021,6,10,4,20,4,3,1,108,99,1,16,2,2,4,1,1
15389,2021,6,10,4,20,4,3,12,1217,99,1,39,6,6,8,1,1
15390,2021,6,10,4,20,4,3,17,1704,99,1,40,7,7,9,1,1
15391,2021,6,10,4,22,4,3,1,101,4,2,33,5,5,7,9,2
15392,2021,6,10,4,20,4,3,1,101,16,1,25,4,4,6,8,2
15393,2021,6,10,4,14,3,2,1,101,7,1,33,5,5,7,8,2
15394,2021,6,10,4,5,1,1,1,110,99,1,27,4,4,6,7,2
15395,2021,6,10,4,5,1,1,1,110,99,1,23,3,3,5,7,2
15396,2021,6,10,4,19,4,3,1,108,99,1,32,5,5,7,7,2
15397,2021,6,10,4,22,4,3,19,1908,99,2,50,9,9,11,8,2
15398,2021,6,10,4,21,4,3,10,1016,99,1,23,3,3,5,8,2
15399,2021,6,10,3,19,4,3,15,1501,99,1,58,10,10,12,8,2
15400,2021,6,11,5,14,3,2,1,101,2,2,33,5,5,7,1,1
15401,2021,6,11,5,0,1,1,1,101,14,2,24,3,3,5,2,1
15402,2021,6,11,5,12,3,2,1,115,99,1,23,3,3,5,1,1
15403,2021,6,11,5,16,3,2,1,115,99,1,22,3,3,5,1,1
15404,2021,6,11,5,2,1,1,21,2102,99,1,22,3,3,5,2,1
15405,2021,6,11,5,10,2,1,5,501,99,1,44,7,7,9,1,1
15406,2021,6,11,5,20,4,3,1,101,1,1,21,3,3,5,8,2
15407,2021,6,11,5,6,2,1,1,108,99,1,60,11,11,13,7,2
15408,2021,6,11,5,13,3,2,1,108,99,2,49,8,8,10,7,2
15409,2021,6,11,5,11,2,1,21,2106,99,1,25,4,4,6,7,2
15410,2021,6,11,5,11,2,1,21,2106,99,1,26,4,4,6,7,2
15411,2021,6,11,5,21,4,3,5,506,99,2,21,3,3,5,7,2
15412,2021,6,11,5,8,2,1,17,1701,99,1,76,11,14,16,8,2
15413,2021,6,11,5,15,3,2,5,509,99,1,28,4,4,6,7,2
15414,2021,6,12,6,6,2,1,1,101,9,1,55,10,10,12,1,1
15415,2021,6,12,6,13,3,2,1,101,1,1,21,3,3,5,1,1
15416,2021,6,12,6,3,1,1,1,101,12,1,30,5,5,7,1,1
15417,2021,6,12,6,23,4,3,1,115,99,1,74,11,13,15,3,1
15418,2021,6,12,6,12,3,2,22,2201,99,2,44,7,7,9,1,1
15419,2021,6,12,6,20,4,3,20,2001,99,1,26,4,4,6,1,1
15420,2021,6,12,6,13,3,2,19,1905,99,1,28,4,4,6,1,1
15421,2021,6,12,6,13,3,2,19,1905,99,1,51,9,9,11,1,1
15422,2021,6,12,6,13,3,2,19,1905,99,1,29,4,4,6,1,1
15423,2021,6,12,6,13,3,2,19,1905,99,1,32,5,5,7,1,1
15424,2021,6,12,6,13,3,2,19,1905,99,1,38,6,6,8,1,1
15425,2021,6,12,6,8,2,1,9,921,99,1,25,4,4,6,1,1
15426,2021,6,12,6,23,4,3,9,901,99,1,30,5,5,7,1,1
15427,2021,6,12,6,23,4,3,9,901,99,1,32,5,5,7,1,1
15428,2021,6,12,6,22,4,3,12,1202,99,1,47,8,8,10,2,1
15429,2021,6,12,6,2,1,1,16,1609,99,1,25,4,4,6,1,1
15430,2021,6,12,6,22,4,3,17,1712,99,1,30,5,5,7,1,1
15431,2021,6,12,6,18,4,3,1,101,25,1,37,6,6,8,8,2
15432,2021,6,12,6,18,4,3,1,101,25,1,22,3,3,5,8,2
15433,2021,6,12,6,23,4,3,1,101,18,2,20,3,3,5,7,2
15434,2021,6,12,6,23,4,3,1,102,99,1,18,2,2,4,7,2
15435,2021,6,12,6,23,4,3,1,102,99,2,21,3,3,5,7,2
15436,2021,6,12,6,19,4,3,1,113,99,1,26,4,4,6,8,2
15437,2021,6,12,6,20,4,3,1,101,21,1,41,7,7,9,7,2
15438,2021,6,12,6,20,4,3,1,101,21,1,20,3,3,5,1,1
15439,2021,6,12,6,20,4,3,1,101,21,1,29,4,4,6,7,2
15440,2021,6,12,6,18,4,3,1,116,99,1,60,11,11,13,9,2
15441,2021,6,12,6,23,4,3,1,116,99,1,22,3,3,5,8,2
15442,2021,6,12,6,21,4,3,1,110,99,2,22,3,3,5,7,2
15443,2021,6,12,6,4,1,1,1,108,99,1,20,3,3,5,7,2
15444,2021,6,12,6,20,4,3,20,2001,99,1,23,3,3,5,7,2
15445,2021,6,12,6,20,4,3,20,2001,99,1,18,2,2,4,7,2
15446,2021,6,12,6,21,4,3,5,505,99,1,30,5,5,7,8,2
15447,2021,6,12,6,2,1,1,16,1609,99,1,26,4,4,6,7,2
15448,2021,6,12,6,7,2,1,18,1801,99,1,44,7,7,9,7,2
15449,2021,6,13,7,2,1,1,1,101,1,1,15,2,2,4,1,1
15450,2021,6,13,7,19,4,3,1,105,99,1,30,5,5,7,1,1
15451,2021,6,13,7,15,3,2,10,1014,99,1,24,3,3,5,1,1
15452,2021,6,13,7,18,4,3,12,1217,99,1,45,8,8,10,1,1
15453,2021,6,13,7,19,4,3,2,207,99,1,42,7,7,9,1,1
15454,2021,6,13,7,18,4,3,1,101,7,1,30,5,5,7,7,2
15455,2021,6,13,7,0,1,1,1,114,99,1,21,3,3,5,9,2
15456,2021,6,13,7,1,1,1,5,502,99,2,21,3,3,5,8,2
15457,2021,6,13,7,1,1,1,5,502,99,1,68,11,12,14,8,2
15458,2021,6,13,7,1,1,1,5,502,99,2,62,11,11,13,8,2
15459,2021,6,13,7,15,3,2,10,1014,99,1,21,3,3,5,7,2
15460,2021,6,13,7,15,3,2,10,1014,99,1,999,12,16,18,7,2
15461,2021,6,13,7,5,1,1,18,1801,99,1,26,4,4,6,7,2
15462,2021,6,13,7,15,3,2,17,1705,99,1,20,3,3,5,8,2
15463,2021,6,13,7,0,1,1,17,1703,99,1,43,7,7,9,8,2
15464,2021,6,14,1,16,3,2,1,101,7,2,28,4,4,6,1,1
15465,2021,6,14,1,21,4,3,1,115,99,1,22,3,3,5,1,1
15466,2021,6,14,1,15,3,2,20,2004,99,1,20,3,3,5,1,1
15467,2021,6,14,1,5,1,1,19,1905,99,1,40,7,7,9,1,1
15468,2021,6,14,1,2,1,1,18,1804,99,1,22,3,3,5,1,1
15469,2021,6,14,1,2,1,1,18,1804,99,1,21,3,3,5,1,1
15470,2021,6,14,1,2,1,1,18,1804,99,1,27,4,4,6,1,1
15471,2021,6,14,1,7,2,1,1,108,99,1,29,4,4,6,8,2
15472,2021,6,14,1,19,4,3,14,1419,99,2,14,1,1,3,9,2
15473,2021,6,14,1,1,1,1,14,1413,99,1,73,11,13,15,8,2
15474,2021,6,15,2,13,3,2,1,101,5,1,27,4,4,6,1,1
15475,2021,6,15,2,8,2,1,1,115,99,1,22,3,3,5,1,1
15476,2021,6,15,2,23,4,3,1,101,7,1,25,4,4,6,1,1
15477,2021,6,15,2,23,4,3,1,101,7,1,48,8,8,10,7,2
15478,2021,6,16,3,20,4,3,1,107,99,1,39,6,6,8,1,1
15479,2021,6,16,3,20,4,3,1,108,99,1,35,6,6,8,1,1
15480,2021,6,16,3,19,4,3,1,108,99,1,30,5,5,7,1,1
15481,2021,6,16,3,11,2,1,20,2006,99,2,45,8,8,10,2,1
15482,2021,6,16,3,20,4,3,19,1911,99,1,26,4,4,6,1,1
15483,2021,6,16,3,7,2,1,12,1220,99,2,30,5,5,7,1,1
15484,2021,6,16,3,7,2,1,12,1220,99,2,17,2,2,4,1,1
15485,2021,6,16,3,7,2,1,12,1220,99,2,27,4,4,6,1,1
15486,2021,6,16,3,15,3,2,18,1803,99,1,38,6,6,8,3,1
15487,2021,6,16,3,15,3,2,1,101,6,1,31,5,5,7,7,2
15488,2021,6,16,3,6,2,1,1,101,25,1,33,5,5,7,7,2
15489,2021,6,16,3,8,2,1,1,101,18,1,39,6,6,8,7,2
15490,2021,6,16,3,15,3,2,1,115,99,1,39,6,6,8,7,2
15491,2021,6,16,3,21,4,3,1,110,99,1,22,3,3,5,8,2
15492,2021,6,16,3,20,4,3,19,1911,99,1,38,6,6,8,7,2
15493,2021,6,16,3,9,2,1,5,503,99,1,41,7,7,9,7,2
15494,2021,6,16,3,19,4,3,5,508,99,1,43,7,7,9,7,2
15495,2021,6,16,3,19,4,3,5,508,99,1,11,1,1,3,7,2
15496,2021,6,16,3,7,2,1,12,1220,99,1,22,3,3,5,7,2
15497,2021,6,16,3,7,2,1,12,1220,99,2,54,9,9,11,7,2
15498,2021,6,16,3,21,4,3,18,1804,99,1,18,2,2,4,8,2
15499,2021,6,17,4,17,3,2,1,101,5,2,24,3,3,5,1,1
15500,2021,6,17,4,23,4,3,1,102,99,1,38,6,6,8,1,1
15501,2021,6,17,4,16,3,2,6,602,99,2,22,3,3,5,1,1
15502,2021,6,17,4,18,4,3,10,1010,99,1,53,9,9,11,2,1
15503,2021,6,17,4,15,3,2,18,1805,99,1,40,7,7,9,1,1
15504,2021,6,17,4,15,3,2,18,1805,99,1,61,11,11,13,1,1
15505,2021,6,17,4,19,4,3,18,1801,99,1,20,3,3,5,1,1
15506,2021,6,17,4,5,1,1,1,108,99,1,21,3,3,5,7,2
15507,2021,6,17,4,17,3,2,19,1901,99,2,21,3,3,5,9,2
15508,2021,6,18,5,20,4,3,19,1901,99,1,47,8,8,10,1,1
15509,2021,6,18,5,20,4,3,1,101,6,1,62,11,11,13,1,1
15510,2021,6,18,5,9,2,1,1,101,5,1,45,8,8,10,1,1
15511,2021,6,18,5,20,4,3,1,101,11,2,30,5,5,7,1,1
15512,2021,6,18,5,10,2,1,22,2216,99,1,64,11,11,13,1,1
15513,2021,6,18,5,19,4,3,5,501,99,1,50,9,9,11,1,1
15514,2021,6,18,5,21,4,3,1,101,12,1,23,3,3,5,7,2
15515,2021,6,18,5,21,4,3,5,509,99,1,27,4,4,6,1,1
15516,2021,6,18,5,21,4,3,12,1219,99,1,16,2,2,4,7,2
15517,2021,6,18,5,17,3,2,13,1309,99,2,999,12,16,18,9,2
15518,2021,6,19,6,5,1,1,1,101,1,1,42,7,7,9,2,1
15519,2021,6,19,6,19,4,3,1,117,99,1,23,3,3,5,1,1
15520,2021,6,19,6,11,2,1,21,2101,99,1,41,7,7,9,1,1
15521,2021,6,19,6,20,4,3,20,2001,99,1,32,5,5,7,1,1
15522,2021,6,19,6,21,4,3,19,1901,99,1,18,2,2,4,1,1
15523,2021,6,19,6,20,4,3,5,501,99,2,17,2,2,4,1,1
15524,2021,6,19,6,12,3,2,14,1415,99,1,22,3,3,5,2,1
15525,2021,6,19,6,16,3,2,14,1420,99,1,73,11,13,15,2,1
15526,2021,6,19,6,1,1,1,7,716,99,2,28,4,4,6,1,1
15527,2021,6,19,6,22,4,3,1,101,1,1,25,4,4,6,7,2
15528,2021,6,19,6,6,2,1,1,101,18,1,45,8,8,10,7,2
15529,2021,6,19,6,19,4,3,1,106,99,1,30,5,5,7,8,2
15530,2021,6,19,6,2,1,1,1,101,5,1,25,4,4,6,9,2
15531,2021,6,19,6,12,3,2,1,101,7,1,20,3,3,5,7,2
15532,2021,6,19,6,4,1,1,1,101,11,1,32,5,5,7,7,2
15533,2021,6,19,6,18,4,3,1,115,99,2,71,11,13,15,9,2
15534,2021,6,19,6,0,1,1,1,108,99,1,24,3,3,5,7,2
15535,2021,6,19,6,15,3,2,1,110,99,1,24,3,3,5,8,2
15536,2021,6,19,6,21,4,3,1,108,99,1,21,3,3,5,7,2
15537,2021,6,19,6,22,4,3,21,2101,99,1,81,11,15,17,9,2
15538,2021,6,19,6,19,4,3,21,2102,99,1,45,8,8,10,7,2
15539,2021,6,19,6,20,4,3,5,505,99,1,21,3,3,5,7,2
15540,2021,6,19,6,22,4,3,5,505,99,1,23,3,3,5,8,2
15541,2021,6,19,6,19,4,3,2,204,99,1,17,2,2,4,8,2
15542,2021,6,19,6,18,4,3,2,203,99,1,60,11,11,13,8,2
15543,2021,6,19,6,23,4,3,14,1412,99,2,28,4,4,6,9,2
15544,2021,6,20,7,10,2,1,1,105,99,2,999,12,16,18,1,1
15545,2021,6,20,7,19,4,3,1,102,99,1,26,4,4,6,1,1
15546,2021,6,20,7,2,1,1,1,101,11,2,20,3,3,5,5,1
15547,2021,6,20,7,20,4,3,21,2107,99,1,27,4,4,6,1,1
15548,2021,6,20,7,5,1,1,5,508,99,1,73,11,13,15,2,1
15549,2021,6,20,7,9,2,1,17,1705,99,1,25,4,4,6,1,1
15550,2021,6,20,7,19,4,3,17,1704,99,1,29,4,4,6,1,1
15551,2021,6,20,7,19,4,3,17,1704,99,2,26,4,4,6,1,1
15552,2021,6,20,7,19,4,3,17,1704,99,1,2,1,1,1,1,1
15553,2021,6,20,7,18,4,3,1,115,99,1,25,4,4,6,7,2
15554,2021,6,20,7,2,1,1,1,116,99,1,21,3,3,5,7,2
15555,2021,6,20,7,2,1,1,1,116,99,1,999,12,16,18,9,2
15556,2021,6,20,7,22,4,3,1,108,99,1,37,6,6,8,8,2
15557,2021,6,20,7,20,4,3,21,2107,99,1,23,3,3,5,7,2
15558,2021,6,20,7,19,4,3,5,501,99,1,51,9,9,11,8,2
15559,2021,6,20,7,21,4,3,5,503,99,1,47,8,8,10,8,2
15560,2021,6,20,7,17,3,2,6,613,99,1,78,11,14,16,9,2
15561,2021,6,20,7,20,4,3,15,1507,99,2,24,3,3,5,9,2
15562,2021,6,20,7,9,2,1,17,1705,99,1,24,3,3,5,7,2
15563,2021,6,21,1,15,3,2,1,101,11,1,30,5,5,7,1,1
15564,2021,6,21,1,18,4,3,10,1021,99,1,52,9,9,11,2,1
15565,2021,6,21,1,9,2,1,9,916,99,2,999,12,16,18,1,1
15566,2021,6,21,1,23,4,3,18,1801,99,2,35,6,6,8,3,1
15567,2021,6,21,1,23,4,3,6,602,99,1,23,3,3,5,1,1
15568,2021,6,21,1,2,1,1,13,1326,99,1,39,6,6,8,7,2
15569,2021,6,22,2,0,1,1,1,101,18,1,22,3,3,5,1,1
15570,2021,6,22,2,19,4,3,1,107,99,2,45,8,8,10,1,1
15571,2021,6,22,2,22,4,3,1,106,99,1,17,2,2,4,1,1
15572,2021,6,22,2,19,4,3,5,506,99,1,18,2,2,4,1,1
15573,2021,6,22,2,23,4,3,6,602,99,1,40,7,7,9,2,1
15574,2021,6,22,2,7,2,1,4,413,99,1,999,12,16,18,1,1
15575,2021,6,22,2,7,2,1,1,101,18,1,22,3,3,5,7,2
15576,2021,6,22,2,12,3,2,1,101,5,1,78,11,14,16,7,2
15577,2021,6,22,2,20,4,3,22,2205,99,1,57,10,10,12,7,2
15578,2021,6,22,2,20,4,3,22,2205,99,1,56,10,10,12,7,2
15579,2021,6,22,2,0,1,1,18,1804,99,1,37,6,6,8,8,2
15580,2021,6,23,3,21,4,3,1,115,99,1,23,3,3,5,1,1
15581,2021,6,23,3,7,2,1,21,2103,99,2,42,7,7,9,1,1
15582,2021,6,23,3,7,2,1,21,2102,99,1,37,6,6,8,1,1
15583,2021,6,23,3,17,3,2,19,1901,99,1,31,5,5,7,1,1
15584,2021,6,23,3,23,4,3,9,920,99,1,23,3,3,5,1,1
15585,2021,6,23,3,6,2,1,13,1301,99,1,39,6,6,8,3,1
15586,2021,6,23,3,22,4,3,16,1601,99,1,50,9,9,11,2,1
15587,2021,6,23,3,14,3,2,18,1802,99,1,35,6,6,8,1,1
15588,2021,6,23,3,6,2,1,1,101,11,2,20,3,3,5,8,2
15589,2021,6,23,3,8,2,1,1,115,99,1,27,4,4,6,7,2
15590,2021,6,23,3,11,2,1,1,108,99,2,45,8,8,10,8,2
15591,2021,6,23,3,5,1,1,2,206,99,1,39,6,6,8,8,2
15592,2021,6,23,3,22,4,3,1,108,99,1,32,5,5,7,7,2
15593,2021,6,24,4,18,4,3,17,1703,99,2,9,1,1,2,1,1
15594,2021,6,24,4,18,4,3,17,1703,99,1,24,3,3,5,1,1
15595,2021,6,24,4,17,3,2,1,116,99,1,32,5,5,7,7,2
15596,2021,6,24,4,21,4,3,1,108,99,1,28,4,4,6,7,2
15597,2021,6,24,4,18,4,3,17,1703,99,2,60,11,11,13,7,2
15598,2021,6,24,4,18,4,3,17,1703,99,1,8,1,1,2,7,2
15599,2021,6,25,5,5,1,1,1,107,99,1,25,4,4,6,1,1
15600,2021,6,25,5,7,2,1,1,101,18,1,21,3,3,5,1,1
15601,2021,6,25,5,19,4,3,1,101,6,1,51,9,9,11,1,1
15602,2021,6,25,5,2,1,1,1,108,99,1,30,5,5,7,1,1
15603,2021,6,25,5,8,2,1,21,2102,99,1,22,3,3,5,2,1
15604,2021,6,25,5,6,2,1,20,2011,99,1,58,10,10,12,1,1
15605,2021,6,25,5,6,2,1,20,2011,99,1,28,4,4,6,1,1
15606,2021,6,25,5,6,2,1,20,2011,99,1,32,5,5,7,1,1
15607,2021,6,25,5,6,2,1,20,2011,99,1,26,4,4,6,1,1
15608,2021,6,25,5,6,2,1,20,2011,99,1,62,11,11,13,1,1
15609,2021,6,25,5,6,2,1,20,2011,99,1,54,9,9,11,1,1
15610,2021,6,25,5,20,4,3,4,406,99,1,34,5,5,7,3,1
15611,2021,6,25,5,19,4,3,3,301,99,1,33,5,5,7,1,1
15612,2021,6,25,5,19,4,3,3,301,99,1,25,4,4,6,1,1
15613,2021,6,25,5,18,4,3,1,101,9,1,25,4,4,6,7,2
15614,2021,6,25,5,19,4,3,1,101,16,1,20,3,3,5,8,2
15615,2021,6,25,5,22,4,3,18,1801,99,1,38,6,6,8,7,2
15616,2021,6,26,6,19,4,3,9,917,99,1,31,5,5,7,1,1
15617,2021,6,26,6,10,2,1,1,115,99,1,19,2,2,4,1,1
15618,2021,6,26,6,12,3,2,22,2211,99,1,42,7,7,9,1,1
15619,2021,6,26,6,19,4,3,12,1230,99,1,55,10,10,12,1,1
15620,2021,6,26,6,14,3,2,1,114,99,1,2,1,1,1,7,2
15621,2021,6,26,6,21,4,3,1,108,99,1,26,4,4,6,7,2
15622,2021,6,26,6,21,4,3,1,108,99,1,26,4,4,6,7,2
15623,2021,6,26,6,23,4,3,1,108,99,1,17,2,2,4,8,2
15624,2021,6,26,6,23,4,3,1,108,99,1,47,8,8,10,8,2
15625,2021,6,26,6,23,4,3,1,108,99,1,26,4,4,6,8,2
15626,2021,6,26,6,0,1,1,11,1101,99,1,44,7,7,9,8,2
15627,2021,6,26,6,0,1,1,11,1101,99,1,39,6,6,8,7,2
15628,2021,6,26,6,22,4,3,16,1616,99,1,28,4,4,6,8,2
15629,2021,6,26,6,5,1,1,17,1710,99,1,25,4,4,6,8,2
15630,2021,6,26,6,20,4,3,14,1412,99,2,33,5,5,7,9,2
15631,2021,6,27,7,12,3,2,1,116,99,1,45,8,8,10,1,1
15632,2021,6,27,7,12,3,2,1,116,99,1,58,10,10,12,1,1
15633,2021,6,27,7,12,3,2,1,116,99,1,17,2,2,4,1,1
15634,2021,6,27,7,12,3,2,1,116,99,2,20,3,3,5,1,1
15635,2021,6,27,7,21,4,3,1,108,99,1,25,4,4,6,1,1
15636,2021,6,27,7,0,1,1,19,1904,99,1,48,8,8,10,1,1
15637,2021,6,27,7,6,2,1,11,1103,99,1,34,5,5,7,1,1
15638,2021,6,27,7,5,1,1,13,1332,99,1,30,5,5,7,1,1
15639,2021,6,27,7,9,2,1,2,202,99,1,46,8,8,10,2,1
15640,2021,6,27,7,22,4,3,18,1801,99,1,19,2,2,4,1,1
15641,2021,6,27,7,22,4,3,18,1801,99,1,28,4,4,6,1,1
15642,2021,6,27,7,19,4,3,1,101,8,1,38,6,6,8,8,2
15643,2021,6,27,7,18,4,3,1,101,18,1,33,5,5,7,7,2
15644,2021,6,27,7,12,3,2,1,116,99,1,42,7,7,9,7,2
15645,2021,6,27,7,12,3,2,1,116,99,1,43,7,7,9,7,2
15646,2021,6,27,7,12,3,2,1,116,99,2,31,5,5,7,7,2
15647,2021,6,27,7,20,4,3,1,108,99,1,17,2,2,4,9,2
15648,2021,6,27,7,17,3,2,21,2101,99,1,21,3,3,5,7,2
15649,2021,6,27,7,5,1,1,13,1306,99,1,46,8,8,10,8,2
15650,2021,6,27,7,18,4,3,2,206,99,1,23,3,3,5,8,2
15651,2021,6,27,7,18,4,3,17,1703,99,1,38,6,6,8,9,2
15652,2021,6,27,7,23,4,3,4,409,99,1,40,7,7,9,9,2
15653,2021,6,28,1,11,2,1,1,105,99,1,30,5,5,7,2,1
15654,2021,6,28,1,7,2,1,1,101,21,1,28,4,4,6,5,1
15655,2021,6,28,1,20,4,3,22,2217,99,1,28,4,4,6,1,1
15656,2021,6,28,1,7,2,1,5,501,99,1,28,4,4,6,1,1
15657,2021,6,28,1,5,1,1,1,115,99,1,34,5,5,7,8,2
15658,2021,6,28,1,5,1,1,19,1909,99,1,999,12,16,18,8,2
15659,2021,6,28,1,16,3,2,17,1701,99,2,79,11,14,16,7,2
15660,2021,6,29,2,21,4,3,1,101,6,1,37,6,6,8,1,1
15661,2021,6,29,2,17,3,2,1,108,99,1,25,4,4,6,1,1
15662,2021,6,29,2,17,3,2,1,108,99,1,21,3,3,5,1,1
15663,2021,6,29,2,23,4,3,1,108,99,1,17,2,2,4,1,1
15664,2021,6,29,2,19,4,3,5,505,99,1,37,6,6,8,1,1
15665,2021,6,29,2,19,4,3,5,505,99,2,22,3,3,5,1,1
15666,2021,6,29,2,22,4,3,5,509,99,1,28,4,4,6,1,1
15667,2021,6,29,2,21,4,3,6,611,99,1,17,2,2,4,1,1
15668,2021,6,29,2,12,3,2,12,1217,99,1,48,8,8,10,1,1
15669,2021,6,29,2,21,4,3,2,207,99,1,30,5,5,7,1,1
15670,2021,6,29,2,14,3,2,1,101,18,1,13,1,1,3,7,2
15671,2021,6,29,2,14,3,2,1,101,18,1,38,6,6,8,7,2
15672,2021,6,29,2,14,3,2,1,101,6,2,46,8,8,10,9,2
15673,2021,6,29,2,21,4,3,1,101,6,1,22,3,3,5,7,2
15674,2021,6,29,2,17,3,2,1,108,99,1,21,3,3,5,7,2
15675,2021,6,29,2,21,4,3,6,611,99,1,13,1,1,3,7,2
15676,2021,6,30,3,20,4,3,1,116,99,1,21,3,3,5,1,1
15677,2021,6,30,3,23,4,3,18,1802,99,1,29,4,4,6,1,1
15678,2021,6,30,3,10,2,1,1,108,99,1,51,9,9,11,9,2
15679,2021,6,30,3,23,4,3,12,1224,99,1,41,7,7,9,8,2
15680,2021,6,30,3,1,1,1,16,1608,99,1,999,12,16,18,8,2
15681,2021,6,27,7,22,4,3,18,1801,99,1,31,5,5,7,7,2
15682,2021,6,1,2,1,1,1,13,1309,99,2,999,12,16,18,68,7
15683,2021,6,1,2,0,1,1,13,1301,99,2,999,12,16,18,68,7
15684,2021,6,2,3,20,4,3,2,207,99,2,24,3,3,5,68,7
15685,2021,6,2,3,19,4,3,13,1314,99,2,999,12,16,18,68,7
15686,2021,6,2,3,23,4,3,17,1705,99,2,28,4,4,6,68,7
15687,2021,6,3,4,17,3,2,1,101,13,2,32,5,5,7,68,7
15688,2021,6,3,4,17,3,2,10,1018,99,2,56,10,10,12,68,7
15689,2021,6,3,4,17,3,2,10,1018,99,2,33,5,5,7,68,7
15690,2021,6,3,4,6,2,1,16,1604,99,2,48,8,8,10,68,7
15691,2021,6,4,5,0,1,1,16,1601,99,2,44,7,7,9,68,7
15692,2021,6,4,5,2,1,1,12,1217,99,2,25,4,4,6,68,7
15693,2021,6,4,5,21,4,3,1,106,99,2,43,7,7,9,68,7
15694,2021,6,5,6,0,1,1,16,1613,99,2,47,8,8,10,68,7
15695,2021,6,5,6,0,1,1,16,1601,99,2,34,5,5,7,68,7
15696,2021,6,5,6,0,1,1,18,1803,99,1,999,12,16,18,68,7
15697,2021,6,6,7,18,4,3,1,101,6,2,32,5,5,7,68,7
15698,2021,6,6,7,17,3,2,1,105,99,2,21,3,3,5,68,7
15699,2021,6,6,7,22,4,3,1,115,99,2,24,3,3,5,68,7
15700,2021,6,6,7,21,4,3,1,108,99,2,34,5,5,7,68,7
15701,2021,6,6,7,15,3,2,1,108,99,2,23,3,3,5,68,7
15702,2021,6,6,7,21,4,3,21,2106,99,2,43,7,7,9,68,7
15703,2021,6,6,7,20,4,3,6,608,99,2,25,4,4,6,68,7
15704,2021,6,6,7,12,3,2,13,1301,99,2,20,3,3,5,68,7
15705,2021,6,6,7,17,3,2,16,1604,99,2,26,4,4,6,68,7
15706,2021,6,7,1,23,4,3,1,108,99,2,37,6,6,8,68,7
15707,2021,6,7,1,18,4,3,6,608,99,2,37,6,6,8,68,7
15708,2021,6,7,1,12,3,2,9,901,99,2,40,7,7,9,68,7
15709,2021,6,7,1,15,3,2,12,1203,99,2,999,12,16,18,68,7
15710,2021,6,7,1,0,1,1,16,1616,99,2,27,4,4,6,68,7
15711,2021,6,7,1,0,1,1,16,1606,99,2,26,4,4,6,68,7
15712,2021,6,7,1,23,4,3,2,203,99,2,999,12,16,18,68,7
15713,2021,6,8,2,15,3,2,1,115,99,2,29,4,4,6,68,7
15714,2021,6,9,3,15,3,2,1,108,99,1,71,11,13,15,68,7
15715,2021,6,9,3,13,3,2,6,602,99,2,33,5,5,7,68,7
15716,2021,6,9,3,13,3,2,12,1202,99,2,25,4,4,6,68,7
15717,2021,6,9,3,2,1,1,13,1301,99,2,14,1,1,3,68,7
15718,2021,6,9,3,22,4,3,4,410,99,2,32,5,5,7,68,7
15719,2021,6,10,4,19,4,3,9,920,99,2,53,9,9,11,68,7
15720,2021,6,11,5,18,4,3,16,1609,99,2,40,7,7,9,68,7
15721,2021,6,11,5,19,4,3,1,101,18,2,24,3,3,5,68,7
15722,2021,6,13,7,23,4,3,20,2001,99,2,41,7,7,9,68,7
15723,2021,6,13,7,23,4,3,20,2001,99,2,63,11,11,13,68,7
15724,2021,6,13,7,2,1,1,9,902,99,2,24,3,3,5,68,7
15725,2021,6,13,7,14,3,2,9,922,99,1,77,11,14,16,68,7
15726,2021,6,13,7,9,2,1,16,1615,99,2,999,12,16,18,68,7
15727,2021,6,13,7,20,4,3,7,715,99,2,37,6,6,8,68,7
15728,2021,6,14,1,0,1,1,17,1711,99,2,47,8,8,10,68,7
15729,2021,6,14,1,3,1,1,6,602,99,2,999,12,16,18,68,7
15730,2021,6,14,1,1,1,1,12,1229,99,1,29,4,4,6,68,7
15731,2021,6,14,1,19,4,3,13,1307,99,2,14,1,1,3,68,7
15732,2021,6,15,2,0,1,1,7,702,99,2,27,4,4,6,68,7
15733,2021,6,16,3,18,4,3,1,101,7,2,28,4,4,6,68,7
15734,2021,6,16,3,19,4,3,13,1305,99,2,999,12,16,18,68,7
15735,2021,6,16,3,20,4,3,18,1804,99,1,18,2,2,4,68,7
15736,2021,6,16,3,0,1,1,14,1420,99,2,999,12,16,18,68,7
15737,2021,6,17,4,23,4,3,11,1102,99,2,35,6,6,8,68,7
15738,2021,6,17,4,14,3,2,9,919,99,2,36,6,6,8,68,7
15739,2021,6,17,4,23,4,3,15,1503,99,2,46,8,8,10,68,7
15740,2021,6,18,5,17,3,2,13,1309,99,2,999,12,16,18,68,7
15741,2021,6,18,5,21,4,3,16,1604,99,2,24,3,3,5,68,7
15742,2021,6,18,5,22,4,3,2,207,99,2,45,8,8,10,68,7
15743,2021,6,18,5,23,4,3,3,301,99,2,29,4,4,6,68,7
15744,2021,6,18,5,23,4,3,3,301,99,2,50,9,9,11,68,7
15745,2021,6,19,6,1,1,1,1,101,18,2,30,5,5,7,68,7
15746,2021,6,19,6,19,4,3,5,504,99,2,26,4,4,6,68,7
15747,2021,6,19,6,13,3,2,15,1503,99,2,24,3,3,5,68,7
15748,2021,6,19,6,23,4,3,14,1412,99,2,26,4,4,6,68,7
15749,2021,6,20,7,1,1,1,1,101,1,2,58,10,10,12,68,7
15750,2021,6,20,7,0,1,1,5,511,99,2,32,5,5,7,68,7
15751,2021,6,20,7,0,1,1,5,511,99,1,2,1,1,1,68,7
15752,2021,6,20,7,17,3,2,6,613,99,1,78,11,14,16,68,7
15753,2021,6,20,7,18,4,3,13,1307,99,1,45,8,8,10,68,7
15754,2021,6,20,7,21,4,3,15,1503,99,2,999,12,16,18,68,7
15755,2021,6,20,7,21,4,3,15,1503,99,1,999,12,16,18,68,7
15756,2021,6,20,7,20,4,3,15,1507,99,2,24,3,3,5,68,7
15757,2021,6,21,1,6,2,1,3,315,99,2,24,3,3,5,68,7
15758,2021,6,22,2,9,2,1,10,1008,99,2,31,5,5,7,68,7
15759,2021,6,24,4,20,4,3,1,101,5,2,51,9,9,11,68,7
15760,2021,6,24,4,1,1,1,13,1302,99,2,36,6,6,8,68,7
15761,2021,6,24,4,20,4,3,16,1616,99,2,42,7,7,9,68,7
15762,2021,6,24,4,20,4,3,16,1616,99,2,19,2,2,4,68,7
15763,2021,6,25,5,0,1,1,6,602,99,2,33,5,5,7,68,7
15764,2021,6,25,5,19,4,3,17,1703,99,2,22,3,3,5,68,7
15765,2021,6,25,5,21,4,3,16,1601,99,2,34,5,5,7,68,7
15766,2021,6,26,6,21,4,3,1,101,1,2,999,12,16,18,68,7
15767,2021,6,26,6,20,4,3,21,2101,99,2,33,5,5,7,68,7
15768,2021,6,26,6,0,1,1,16,1601,99,1,999,12,16,18,68,7
15769,2021,6,26,6,0,1,1,16,1601,99,2,999,12,16,18,68,7
15770,2021,6,26,6,3,1,1,16,1609,99,2,34,5,5,7,68,7
15771,2021,6,27,7,20,4,3,20,2008,99,2,29,4,4,6,68,7
15772,2021,6,27,7,19,4,3,5,511,99,2,999,12,16,18,68,7
15773,2021,6,27,7,13,3,2,6,612,99,1,53,9,9,11,68,7
15774,2021,6,27,7,13,3,2,6,612,99,1,33,5,5,7,68,7
15775,2021,6,27,7,22,4,3,12,1220,99,2,37,6,6,8,68,7
15776,2021,6,27,7,2,1,1,16,1608,99,2,23,3,3,5,68,7
15777,2021,6,28,1,2,1,1,21,2101,99,2,38,6,6,8,68,7
15778,2021,6,28,1,20,4,3,7,706,99,2,999,12,16,18,68,7
15779,2021,6,29,2,14,3,2,1,101,6,2,46,8,8,10,68,7
15780,2021,6,29,2,15,3,2,14,1413,99,2,53,9,9,11,68,7
15781,2021,6,29,2,15,3,2,14,1413,99,2,29,4,4,6,68,7
15782,2021,6,29,2,15,3,2,14,1413,99,2,26,4,4,6,68,7
15783,2021,6,30,3,19,4,3,13,1303,99,2,24,3,3,5,68,7
15784,2021,6,30,3,18,4,3,9,901,99,2,25,4,4,6,68,7
15785,2021,6,30,3,21,4,3,16,1611,99,2,33,5,5,7,68,7
15786,2021,6,1,2,1,1,1,1,101,21,1,19,2,2,4,88,7
15787,2021,6,1,2,8,2,1,11,1105,99,1,24,3,3,5,88,7
15788,2021,6,2,3,11,2,1,1,115,99,1,57,10,10,12,89,7
15789,2021,6,2,3,14,3,2,4,407,99,1,22,3,3,5,88,7
15790,2021,6,3,4,6,2,1,11,1101,99,1,35,6,6,8,89,7
15791,2021,6,3,4,0,1,1,12,1201,99,1,41,7,7,9,88,7
15792,2021,6,4,5,7,2,1,1,110,99,1,27,4,4,6,88,7
15793,2021,6,4,5,15,3,2,3,309,99,2,14,1,1,3,88,7
15794,2021,6,5,6,18,4,3,17,1714,99,2,22,3,3,5,88,7
15795,2021,6,6,7,19,4,3,1,117,99,1,27,4,4,6,88,7
15796,2021,6,6,7,21,4,3,1,116,99,1,58,10,10,12,87,7
15797,2021,6,6,7,2,1,1,1,110,99,1,21,3,3,5,86,7
15798,2021,6,6,7,12,3,2,1,108,99,1,29,4,4,6,88,7
15799,2021,6,7,1,16,3,2,1,106,99,1,88,11,15,17,88,7
15800,2021,6,7,1,7,2,1,11,1107,99,1,39,6,6,8,88,7
15801,2021,6,9,3,10,2,1,5,502,99,1,55,10,10,12,88,7
15802,2021,6,10,4,18,4,3,22,2203,99,1,16,2,2,4,88,7
15803,2021,6,12,6,19,4,3,1,114,99,1,22,3,3,5,109,7
15804,2021,6,13,7,9,2,1,1,110,99,1,58,10,10,12,106,7
15805,2021,6,13,7,13,3,2,14,1406,99,1,34,5,5,7,88,7
15806,2021,6,13,7,21,4,3,12,1210,99,1,24,3,3,5,88,7
15807,2021,6,17,4,10,2,1,1,115,99,1,15,2,2,4,88,7
15808,2021,6,18,5,8,2,1,1,103,99,2,58,10,10,12,88,7
15809,2021,6,18,5,9,2,1,1,115,99,1,75,11,14,16,88,7
15810,2021,6,18,5,9,2,1,11,1103,99,2,50,9,9,11,88,7
15811,2021,6,18,5,8,2,1,7,701,99,1,43,7,7,9,88,7
15812,2021,6,19,6,1,1,1,7,716,99,1,31,5,5,7,87,7
15813,2021,6,20,7,7,2,1,19,1901,99,1,63,11,11,13,88,7
15814,2021,6,21,1,9,2,1,17,1710,99,1,16,2,2,4,88,7
15815,2021,6,22,2,7,2,1,19,1908,99,1,23,3,3,5,88,7
15816,2021,6,22,2,11,2,1,5,511,99,1,20,3,3,5,88,7
15817,2021,6,23,3,9,2,1,12,1202,99,1,34,5,5,7,88,7
15818,2021,6,24,4,14,3,2,12,1213,99,1,14,1,1,3,88,7
15819,2021,6,26,6,18,4,3,1,115,99,1,23,3,3,5,86,7
15820,2021,6,26,6,7,2,1,18,1801,99,1,66,11,12,14,88,7
15821,2021,6,27,7,13,3,2,1,102,99,1,65,11,12,14,88,7
15822,2021,6,27,7,17,3,2,1,116,99,1,18,2,2,4,88,7
15823,2021,6,26,6,3,1,1,20,2001,99,1,14,1,1,3,88,7
15824,2021,6,26,6,11,2,1,5,511,99,2,53,9,9,11,116,7
15825,2021,6,28,1,9,2,1,6,612,99,2,22,3,3,5,91,7
15826,2021,6,28,1,6,2,1,11,1102,99,1,28,4,4,6,88,7
15827,2021,6,29,2,12,3,2,1,117,99,2,21,3,3,5,88,7
15828,2021,6,30,3,0,1,1,1,117,99,2,21,3,3,5,88,7
15829,2021,6,2,3,13,3,2,3,315,99,1,22,3,3,5,74,6
15830,2021,6,2,3,22,4,3,3,306,99,1,26,4,4,6,74,6
15831,2021,6,5,6,11,2,1,3,316,99,1,43,7,7,9,74,6
15832,2021,6,5,6,16,3,2,3,308,99,2,41,7,7,9,74,6
15833,2021,6,7,1,12,3,2,3,302,99,1,33,5,5,7,74,6
15834,2021,6,3,4,11,2,1,19,1901,99,1,48,8,8,10,104,6
15835,2021,6,4,5,12,3,2,19,1901,99,2,46,8,8,10,97,6
15836,2021,6,4,5,11,2,1,19,1909,99,2,46,8,8,10,97,6
15837,2021,6,4,5,10,2,1,19,1909,99,2,24,3,3,5,97,6
15838,2021,6,4,5,9,2,1,19,1909,99,2,30,5,5,7,74,6
15839,2021,6,4,5,12,3,2,19,1909,99,2,24,3,3,5,97,6
15840,2021,6,4,5,11,2,1,19,1909,99,2,34,5,5,7,97,6
15841,2021,6,1,2,13,3,2,1,114,99,1,33,5,5,7,104,6
15842,2021,6,1,2,16,3,2,1,114,99,1,26,4,4,6,104,6
15843,2021,6,1,2,17,3,2,1,117,99,2,39,6,6,8,104,6
15844,2021,6,3,4,15,3,2,1,117,99,1,43,7,7,9,97,6
15845,2021,6,1,2,12,3,2,1,116,99,2,26,4,4,6,104,6
15846,2021,6,5,6,99,5,4,1,115,99,1,999,12,16,18,104,6
15847,2021,6,9,3,10,2,1,20,2001,99,2,28,4,4,6,97,6
15848,2021,6,9,3,10,2,1,20,2001,99,1,20,3,3,5,74,6
15849,2021,6,9,3,10,2,1,20,2001,99,2,22,3,3,5,74,6
15850,2021,6,19,6,16,3,2,20,2011,99,1,23,3,3,5,97,6
15851,2021,6,19,6,15,3,2,20,2010,99,2,34,5,5,7,74,6
15852,2021,6,1,2,16,3,2,12,1201,99,2,999,12,16,18,104,6
15853,2021,6,1,2,13,3,2,12,1201,99,2,999,12,16,18,104,6
15854,2021,6,2,3,14,3,2,12,1202,99,2,999,12,16,18,74,6
15855,2021,6,9,3,17,3,2,12,1215,99,1,42,7,7,9,104,6
15856,2021,6,16,3,16,3,2,12,1204,99,1,43,7,7,9,74,6
15857,2021,6,16,3,17,3,2,12,1205,99,1,33,5,5,7,104,6
15858,2021,6,17,4,10,2,1,12,1207,99,1,999,12,16,18,104,6
15859,2021,6,17,4,9,2,1,12,1226,99,1,43,7,7,9,104,6
15860,2021,6,18,5,11,2,1,12,1213,99,1,62,11,11,13,104,6
15861,2021,6,19,6,16,3,2,12,1210,99,1,24,3,3,5,104,6
15862,2021,6,21,1,17,3,2,12,1205,99,1,23,3,3,5,97,6
15863,2021,6,6,7,14,3,2,13,1327,99,1,22,3,3,5,104,6
15864,2021,6,6,7,12,3,2,13,1301,99,1,37,6,6,8,104,6
15865,2021,6,7,1,20,4,3,13,1327,99,1,50,9,9,11,97,6
15866,2021,6,8,2,14,3,2,13,1307,99,2,26,4,4,6,97,6
15867,2021,6,11,5,19,4,3,13,1302,99,1,48,8,8,10,74,6
15868,2021,6,11,5,20,4,3,13,1307,99,2,20,3,3,5,74,6
15869,2021,6,2,3,13,3,2,14,1410,99,2,29,4,4,6,74,6
15870,2021,6,2,3,17,3,2,14,1402,99,2,54,9,9,11,74,6
15871,2021,6,2,3,17,3,2,14,1404,99,1,24,3,3,5,74,6
15872,2021,6,4,5,17,3,2,14,1403,99,1,50,9,9,11,74,6
15873,2021,6,4,5,14,3,2,14,1413,99,2,38,6,6,8,74,6
15874,2021,6,5,6,11,2,1,14,1405,99,1,43,7,7,9,74,6
15875,2021,6,7,1,21,4,3,14,1405,99,1,34,5,5,7,74,6
15876,2021,6,8,2,15,3,2,14,1412,99,2,20,3,3,5,74,6
15877,2021,6,10,4,14,3,2,14,1412,99,1,39,6,6,8,74,6
15878,2021,6,10,4,13,3,2,14,1418,99,1,58,10,10,12,74,6
15879,2021,6,11,5,19,4,3,14,1404,99,1,29,4,4,6,74,6
15880,2021,6,12,6,10,2,1,14,1401,99,1,28,4,4,6,74,6
15881,2021,6,12,6,19,4,3,14,1401,99,1,54,9,9,11,74,6
15882,2021,6,13,7,11,2,1,14,1401,99,2,26,4,4,6,74,6
15883,2021,6,15,2,16,3,2,14,1406,99,1,37,6,6,8,74,6
15884,2021,6,15,2,17,3,2,14,1412,99,1,47,8,8,10,74,6
15885,2021,6,15,2,17,3,2,14,1416,99,2,39,6,6,8,74,6
15886,2021,6,16,3,20,4,3,14,1416,99,1,38,6,6,8,74,6
15887,2021,6,17,4,17,3,2,14,1401,99,2,48,8,8,10,74,6
15888,2021,6,17,4,17,3,2,14,1414,99,2,45,8,8,10,74,6
15889,2021,6,18,5,19,4,3,14,1406,99,1,56,10,10,12,74,6
15890,2021,6,21,1,13,3,2,14,1401,99,1,40,7,7,9,74,6
15891,2021,6,21,1,13,3,2,14,1401,99,2,23,3,3,5,74,6
15892,2021,6,21,1,13,3,2,14,1401,99,1,30,5,5,7,74,6
15893,2021,6,21,1,13,3,2,14,1401,99,1,21,3,3,5,74,6
15894,2021,6,21,1,13,3,2,14,1401,99,1,30,5,5,7,74,6
15895,2021,6,7,1,18,4,3,3,308,99,1,27,4,4,6,74,6
15896,2021,6,8,2,16,3,2,3,307,99,1,32,5,5,7,74,6
15897,2021,6,9,3,12,3,2,3,301,99,1,43,7,7,9,74,6
15898,2021,6,10,4,10,2,1,3,302,99,1,62,11,11,13,74,6
15899,2021,6,10,4,17,3,2,3,303,99,1,57,10,10,12,74,6
15900,2021,6,13,7,17,3,2,3,306,99,1,44,7,7,9,74,6
15901,2021,6,14,1,18,4,3,3,301,99,1,39,6,6,8,74,6
15902,2021,6,16,3,17,3,2,3,301,99,2,22,3,3,5,74,6
15903,2021,6,18,5,15,3,2,3,312,99,1,23,3,3,5,74,6
15904,2021,6,19,6,12,3,2,3,301,99,1,49,8,8,10,74,6
15905,2021,6,13,7,12,3,2,1,117,99,2,22,3,3,5,97,6
15906,2021,6,18,5,99,5,4,1,115,99,1,999,12,16,18,104,6
15907,2021,6,24,4,12,3,2,1,114,99,1,28,4,4,6,104,6
15908,2021,6,19,6,99,5,4,1,115,99,2,42,7,7,9,104,6
15909,2021,6,17,4,99,5,4,1,114,99,2,41,7,7,9,104,6
15910,2021,6,7,1,11,2,1,1,108,99,2,44,7,7,9,97,6
15911,2021,6,7,1,10,2,1,1,108,99,1,36,6,6,8,97,6
15912,2021,6,13,7,99,5,4,1,108,99,1,999,12,16,18,97,6
15913,2021,6,8,2,12,3,2,2,204,99,1,29,4,4,6,74,6
15914,2021,6,15,2,16,3,2,2,202,99,2,26,4,4,6,97,6
15915,2021,6,17,4,17,3,2,2,202,99,2,26,4,4,6,97,6
15916,2021,6,19,6,9,2,1,2,207,99,2,22,3,3,5,74,6
15917,2021,6,21,1,14,3,2,8,801,99,1,54,9,9,11,104,6
15918,2021,6,21,1,18,4,3,8,801,99,1,42,7,7,9,97,6
15919,2021,6,21,1,18,4,3,8,806,99,2,35,6,6,8,104,6
15920,2021,6,23,3,11,2,1,1,116,99,2,35,6,6,8,104,6
15921,2021,6,23,3,11,2,1,1,115,99,1,52,9,9,11,104,6
15922,2021,6,23,3,13,3,2,1,114,99,1,26,4,4,6,104,6
15923,2021,6,22,2,10,2,1,20,2011,99,2,31,5,5,7,97,6
15924,2021,6,23,3,16,3,2,20,2006,99,1,40,7,7,9,74,6
15925,2021,6,24,4,11,2,1,13,1301,99,1,22,3,3,5,74,6
15926,2021,6,26,6,12,3,2,13,1301,99,2,31,5,5,7,74,6
15927,2021,6,27,7,11,2,1,13,1327,99,1,38,6,6,8,74,6
15928,2021,6,9,3,13,3,2,17,1705,99,2,35,6,6,8,104,6
15929,2021,6,24,4,13,3,2,17,1711,99,1,50,9,9,11,104,6
15930,2021,6,21,1,16,3,2,14,1419,99,2,44,7,7,9,74,6
15931,2021,6,24,4,10,2,1,14,1419,99,2,50,9,9,11,74,6
15932,2021,6,24,4,15,3,2,14,1416,99,1,27,4,4,6,74,6
15933,2021,6,24,4,15,3,2,14,1416,99,2,26,4,4,6,74,6
15934,2021,6,25,5,15,3,2,14,1412,99,1,23,3,3,5,74,6
15935,2021,6,21,1,19,4,3,3,301,99,1,33,5,5,7,74,6
15936,2021,6,21,1,9,2,1,3,312,99,2,49,8,8,10,74,6
15937,2021,6,21,1,18,4,3,3,311,99,1,40,7,7,9,74,6
15938,2021,6,22,2,17,3,2,3,308,99,2,56,10,10,12,74,6
15939,2021,6,24,4,9,2,1,3,302,99,1,31,5,5,7,74,6
15940,2021,6,24,4,13,3,2,3,302,99,1,37,6,6,8,74,6
15941,2021,6,22,2,14,3,2,12,1202,99,2,999,12,16,18,104,6
15942,2021,6,22,2,14,3,2,12,1201,99,2,35,6,6,8,104,6
15943,2021,6,22,2,14,3,2,12,1202,99,2,24,3,3,5,104,6
15944,2021,6,23,3,1,1,1,12,1215,99,2,29,4,4,6,104,6
15945,2021,6,24,4,12,3,2,12,1207,99,2,53,9,9,11,104,6
15946,2021,6,25,5,11,2,1,12,1201,99,1,31,5,5,7,104,6
15947,2021,6,26,6,17,3,2,12,1215,99,1,999,12,16,18,104,6
15948,2021,6,10,4,9,2,1,7,711,99,1,47,8,8,10,104,6
15949,2021,6,15,2,10,2,1,7,704,99,1,40,7,7,9,104,6
15950,2021,6,21,1,11,2,1,7,713,99,1,37,6,6,8,104,6
15951,2021,6,21,1,15,3,2,7,701,99,1,22,3,3,5,104,6
15952,2021,6,23,3,10,2,1,7,717,99,1,46,8,8,10,104,6
15953,2021,6,23,3,8,2,1,8,801,99,1,55,10,10,12,104,6
15954,2021,6,25,5,15,3,2,8,801,99,1,22,3,3,5,104,6
15955,2021,6,24,4,14,3,2,8,801,99,2,39,6,6,8,104,6
15956,2021,6,23,3,9,2,1,8,801,99,1,17,2,2,4,104,6
15957,2021,6,24,4,8,2,1,19,1902,99,1,53,9,9,11,74,6
15958,2021,6,28,1,11,2,1,19,1901,99,1,22,3,3,5,74,6
15959,2021,6,29,2,20,4,3,1,114,99,2,55,10,10,12,104,6
15960,2021,6,29,2,15,3,2,1,115,99,1,27,4,4,6,74,6
15961,2021,6,29,2,10,2,1,12,1205,99,1,999,12,16,18,104,6
15962,2021,6,29,2,17,3,2,7,704,99,1,32,5,5,7,104,6
15963,2021,6,29,2,9,2,1,7,706,99,1,30,5,5,7,104,6
15964,2021,6,30,3,17,3,2,14,1416,99,1,52,9,9,11,74,6
15965,2021,6,30,3,17,3,2,14,1412,99,1,42,7,7,9,74,6
15966,2021,6,1,2,0,1,1,1,101,16,2,30,5,5,7,104,6
15967,2021,6,1,2,9,2,1,1,102,99,1,25,4,4,6,97,6
15968,2021,6,1,2,10,2,1,1,101,11,1,35,6,6,8,104,6
15969,2021,6,1,2,13,3,2,1,101,99,2,58,10,10,12,97,6
15970,2021,6,1,2,13,3,2,1,113,99,1,27,4,4,6,97,6
15971,2021,6,1,2,99,5,4,1,101,21,1,46,8,8,10,104,6
15972,2021,6,1,2,18,4,3,1,103,99,2,27,4,4,6,104,6
15973,2021,6,1,2,20,4,3,1,101,1,2,20,3,3,5,104,6
15974,2021,6,1,2,20,4,3,1,101,12,1,45,8,8,10,97,6
15975,2021,6,1,2,20,4,3,1,101,6,1,43,7,7,9,97,6
15976,2021,6,1,2,21,4,3,1,107,99,1,41,7,7,9,104,6
15977,2021,6,1,2,21,4,3,1,101,6,2,22,3,3,5,97,6
15978,2021,6,1,2,22,4,3,1,113,99,1,24,3,3,5,104,6
15979,2021,6,1,2,22,4,3,1,101,1,2,28,4,4,6,74,6
15980,2021,6,2,3,8,2,1,1,101,1,2,28,4,4,6,74,6
15981,2021,6,2,3,13,3,2,1,105,99,1,34,5,5,7,104,6
15982,2021,6,2,3,14,3,2,1,101,99,2,40,7,7,9,104,6
15983,2021,6,2,3,14,3,2,1,101,5,1,24,3,3,5,97,6
15984,2021,6,2,3,18,4,3,1,101,18,1,33,5,5,7,97,6
15985,2021,6,2,3,21,4,3,1,101,18,1,34,5,5,7,99,6
15986,2021,6,2,3,21,4,3,1,101,2,1,32,5,5,7,97,6
15987,2021,6,2,3,22,4,3,1,101,21,2,33,5,5,7,97,6
15988,2021,6,3,4,8,2,1,1,103,99,2,35,6,6,8,104,6
15989,2021,6,3,4,13,3,2,1,101,3,1,28,4,4,6,104,6
15990,2021,6,3,4,14,3,2,1,101,7,1,28,4,4,6,97,6
15991,2021,6,3,4,14,3,2,1,101,10,2,33,5,5,7,104,6
15992,2021,6,3,4,15,3,2,1,101,5,2,25,4,4,6,97,6
15993,2021,6,3,4,16,3,2,1,101,17,2,27,4,4,6,97,6
15994,2021,6,3,4,17,3,2,1,101,5,2,48,8,8,10,99,6
15995,2021,6,3,4,17,3,2,1,101,9,1,81,11,15,17,104,6
15996,2021,6,3,4,18,4,3,1,101,1,2,28,4,4,6,74,6
15997,2021,6,3,4,18,4,3,2,203,99,2,35,6,6,8,97,6
15998,2021,6,4,5,8,2,1,1,101,6,1,37,6,6,8,97,6
15999,2021,6,4,5,9,2,1,1,106,99,1,24,3,3,5,97,6
16000,2021,6,4,5,14,3,2,1,101,21,2,32,5,5,7,97,6
16001,2021,6,4,5,15,3,2,1,101,18,2,41,7,7,9,97,6
16002,2021,6,4,5,15,3,2,1,101,5,2,45,8,8,10,97,6
16003,2021,6,4,5,17,3,2,1,101,6,1,999,12,16,18,97,6
16004,2021,6,4,5,17,3,2,1,101,21,2,29,4,4,6,104,6
16005,2021,6,4,5,20,4,3,1,101,21,2,36,6,6,8,104,6
16006,2021,6,4,5,21,4,3,14,1409,99,1,22,3,3,5,104,6
16007,2021,6,5,6,8,2,1,1,101,16,1,34,5,5,7,104,6
16008,2021,6,5,6,11,2,1,1,101,7,1,53,9,9,11,97,6
16009,2021,6,5,6,11,2,1,1,117,99,2,19,2,2,4,104,6
16010,2021,6,5,6,12,3,2,1,101,4,1,30,5,5,7,104,6
16011,2021,6,5,6,12,3,2,1,101,12,2,25,4,4,6,104,6
16012,2021,6,5,6,12,3,2,1,113,99,1,37,6,6,8,97,6
16013,2021,6,5,6,14,3,2,1,101,18,2,36,6,6,8,104,6
16014,2021,6,5,6,20,4,3,1,101,1,1,47,8,8,10,97,6
16015,2021,6,6,7,8,2,1,1,113,99,2,47,8,8,10,104,6
16016,2021,6,6,7,12,3,2,1,101,5,1,23,3,3,5,104,6
16017,2021,6,7,1,8,2,1,1,101,21,2,33,5,5,7,104,6
16018,2021,6,7,1,12,3,2,1,101,6,2,32,5,5,7,97,6
16019,2021,6,7,1,15,3,2,1,101,10,1,23,3,3,5,97,6
16020,2021,6,7,1,15,3,2,1,101,2,2,65,11,12,14,97,6
16021,2021,6,7,1,17,3,2,1,101,6,2,39,6,6,8,97,6
16022,2021,6,7,1,20,4,3,1,101,10,1,49,8,8,10,104,6
16023,2021,6,7,1,21,4,3,1,101,21,1,52,9,9,11,104,6
16024,2021,6,7,1,21,4,3,1,101,21,2,43,7,7,9,104,6
16025,2021,6,8,2,10,2,1,1,101,6,1,42,7,7,9,104,6
16026,2021,6,8,2,14,3,2,1,101,7,1,74,11,13,15,97,6
16027,2021,6,8,2,18,4,3,1,101,7,2,53,9,9,11,104,6
16028,2021,6,8,2,21,4,3,1,101,17,2,42,7,7,9,97,6
16029,2021,6,8,2,21,4,3,1,101,5,2,23,3,3,5,104,6
16030,2021,6,8,2,22,4,3,1,101,15,2,31,5,5,7,104,6
16031,2021,6,8,2,22,4,3,1,101,18,2,32,5,5,7,104,6
16032,2021,6,8,2,23,4,3,1,101,13,1,32,5,5,7,97,6
16033,2021,6,9,3,14,3,2,1,101,16,2,50,9,9,11,97,6
16034,2021,6,9,3,12,3,2,1,101,15,1,50,9,9,11,104,6
16035,2021,6,9,3,12,3,2,1,101,7,1,26,4,4,6,104,6
16036,2021,6,9,3,16,3,2,1,101,99,1,999,12,16,18,84,6
16037,2021,6,9,3,16,3,2,1,101,11,1,44,7,7,9,97,6
16038,2021,6,9,3,19,4,3,1,108,99,1,33,5,5,7,97,6
16039,2021,6,9,3,19,4,3,1,101,16,2,62,11,11,13,97,6
16040,2021,6,9,3,19,4,3,1,102,99,1,33,5,5,7,97,6
16041,2021,6,9,3,19,4,3,1,101,18,2,32,5,5,7,104,6
16042,2021,6,9,3,21,4,3,1,101,9,2,28,4,4,6,104,6
16043,2021,6,10,4,13,3,2,1,101,11,2,50,9,9,11,97,6
16044,2021,6,10,4,16,3,2,1,116,99,1,44,7,7,9,103,6
16045,2021,6,10,4,16,3,2,1,101,1,2,21,3,3,5,104,6
16046,2021,6,10,4,18,4,3,1,103,99,2,42,7,7,9,97,6
16047,2021,6,10,4,20,4,3,1,101,1,1,27,4,4,6,74,6
16048,2021,6,11,5,11,2,1,1,101,18,1,38,6,6,8,104,6
16049,2021,6,11,5,13,3,2,1,102,99,1,31,5,5,7,97,6
16050,2021,6,11,5,14,3,2,1,101,18,1,39,6,6,8,104,6
16051,2021,6,11,5,14,3,2,1,117,99,2,61,11,11,13,104,6
16052,2021,6,11,5,14,3,2,1,101,13,1,43,7,7,9,97,6
16053,2021,6,11,5,16,3,2,1,101,11,1,48,8,8,10,97,6
16054,2021,6,11,5,20,4,3,1,101,3,1,20,3,3,5,104,6
16055,2021,6,11,5,20,4,3,1,101,21,2,37,6,6,8,97,6
16056,2021,6,11,5,20,4,3,1,102,99,2,27,4,4,6,104,6
16057,2021,6,11,5,22,4,3,1,103,99,1,31,5,5,7,97,6
16058,2021,6,12,6,11,2,1,1,101,19,1,26,4,4,6,97,6
16059,2021,6,12,6,11,2,1,1,101,18,1,31,5,5,7,97,6
16060,2021,6,12,6,16,3,2,1,116,99,2,31,5,5,7,104,6
16061,2021,6,12,6,17,3,2,1,101,18,1,66,11,12,14,104,6
16062,2021,6,12,6,17,3,2,1,101,16,1,27,4,4,6,97,6
16063,2021,6,12,6,17,3,2,1,101,1,2,48,8,8,10,97,6
16064,2021,6,12,6,17,3,2,1,101,7,1,34,5,5,7,97,6
16065,2021,6,12,6,18,4,3,1,101,18,1,42,7,7,9,97,6
16066,2021,6,12,6,19,4,3,1,107,99,2,21,3,3,5,97,6
16067,2021,6,12,6,20,4,3,1,101,16,1,42,7,7,9,104,6
16068,2021,6,12,6,20,4,3,1,101,12,2,37,6,6,8,97,6
16069,2021,6,13,7,8,2,1,1,101,18,1,40,7,7,9,104,6
16070,2021,6,13,7,14,3,2,1,101,16,1,38,6,6,8,104,6
16071,2021,6,13,7,17,3,2,1,101,6,2,48,8,8,10,97,6
16072,2021,6,13,7,20,4,3,1,101,1,2,61,11,11,13,97,6
16073,2021,6,14,1,12,3,2,1,101,11,2,20,3,3,5,104,6
16074,2021,6,14,1,13,3,2,1,101,11,2,34,5,5,7,104,6
16075,2021,6,14,1,16,3,2,1,117,99,2,35,6,6,8,97,6
16076,2021,6,14,1,16,3,2,1,101,11,1,58,10,10,12,97,6
16077,2021,6,14,1,16,3,2,1,101,5,1,999,12,16,18,104,6
16078,2021,6,14,1,21,4,3,1,101,5,1,81,11,15,17,97,6
16079,2021,6,14,1,21,4,3,1,101,7,1,32,5,5,7,104,6
16080,2021,6,14,1,21,4,3,1,101,7,2,49,8,8,10,97,6
16081,2021,6,14,1,22,4,3,1,101,1,2,33,5,5,7,97,6
16082,2021,6,14,1,23,4,3,1,101,99,2,999,12,16,18,104,6
16083,2021,6,15,2,10,2,1,6,603,99,1,28,4,4,6,104,6
16084,2021,6,15,2,11,2,1,1,101,1,1,52,9,9,11,97,6
16085,2021,6,15,2,12,3,2,1,101,7,1,25,4,4,6,97,6
16086,2021,6,15,2,13,3,2,1,101,5,2,42,7,7,9,97,6
16087,2021,6,15,2,20,4,3,20,2001,99,1,38,6,6,8,104,6
16088,2021,6,15,2,20,4,3,1,106,99,2,32,5,5,7,104,6
16089,2021,6,16,3,7,2,1,1,115,99,1,30,5,5,7,104,6
16090,2021,6,16,3,9,2,1,1,101,16,1,25,4,4,6,104,6
16091,2021,6,16,3,10,2,1,1,107,99,1,47,8,8,10,99,6
16092,2021,6,16,3,15,3,2,1,105,99,1,26,4,4,6,104,6
16093,2021,6,16,3,15,3,2,1,101,15,1,56,10,10,12,104,6
16094,2021,6,16,3,16,3,2,1,101,7,1,38,6,6,8,104,6
16095,2021,6,16,3,17,3,2,1,101,18,2,66,11,12,14,104,6
16096,2021,6,16,3,17,3,2,1,101,6,1,48,8,8,10,104,6
16097,2021,6,16,3,18,4,3,1,101,12,1,40,7,7,9,104,6
16098,2021,6,16,3,19,4,3,1,101,18,1,51,9,9,11,104,6
16099,2021,6,16,3,19,4,3,1,108,99,2,31,5,5,7,104,6
16100,2021,6,16,3,19,4,3,1,101,99,2,39,6,6,8,97,6
16101,2021,6,16,3,20,4,3,1,101,18,2,29,4,4,6,104,6
16102,2021,6,16,3,21,4,3,1,105,99,1,28,4,4,6,99,6
16103,2021,6,16,3,21,4,3,1,101,9,2,40,7,7,9,104,6
16104,2021,6,16,3,22,4,3,1,101,1,1,18,2,2,4,104,6
16105,2021,6,17,4,9,2,1,1,106,99,1,28,4,4,6,95,6
16106,2021,6,17,4,11,2,1,1,101,13,2,43,7,7,9,104,6
16107,2021,6,17,4,11,2,1,1,101,12,1,44,7,7,9,97,6
16108,2021,6,17,4,14,3,2,1,101,7,1,36,6,6,8,104,6
16109,2021,6,17,4,15,3,2,1,101,7,1,28,4,4,6,97,6
16110,2021,6,17,4,16,3,2,1,101,16,1,38,6,6,8,97,6
16111,2021,6,17,4,17,3,2,1,106,99,2,28,4,4,6,104,6
16112,2021,6,17,4,18,4,3,1,101,6,1,29,4,4,6,97,6
16113,2021,6,17,4,18,4,3,1,101,12,1,29,4,4,6,97,6
16114,2021,6,17,4,19,4,3,1,102,99,2,20,3,3,5,104,6
16115,2021,6,17,4,20,4,3,1,101,1,2,28,4,4,6,74,6
16116,2021,6,18,5,10,2,1,1,101,7,1,39,6,6,8,104,6
16117,2021,6,18,5,16,3,2,1,101,7,2,37,6,6,8,104,6
16118,2021,6,18,5,21,4,3,1,101,17,2,55,10,10,12,97,6
16119,2021,6,19,6,9,2,1,1,101,3,1,32,5,5,7,97,6
16120,2021,6,19,6,10,2,1,1,101,7,2,29,4,4,6,104,6
16121,2021,6,19,6,12,3,2,1,101,16,1,42,7,7,9,104,6
16122,2021,6,19,6,13,3,2,1,101,7,2,44,7,7,9,104,6
16123,2021,6,19,6,21,4,3,1,101,6,1,999,12,16,18,104,6
16124,2021,6,20,7,15,3,2,1,101,2,2,45,8,8,10,97,6
16125,2021,6,21,1,8,2,1,1,101,14,1,51,9,9,11,97,6
16126,2021,6,21,1,12,3,2,1,101,18,2,26,4,4,6,97,6
16127,2021,6,21,1,13,3,2,1,101,7,2,33,5,5,7,104,6
16128,2021,6,21,1,13,3,2,1,101,6,2,29,4,4,6,104,6
16129,2021,6,21,1,16,3,2,1,101,18,2,20,3,3,5,104,6
16130,2021,6,21,1,16,3,2,1,101,7,1,57,10,10,12,104,6
16131,2021,6,21,1,17,3,2,1,101,18,2,25,4,4,6,97,6
16132,2021,6,21,1,22,4,3,1,101,18,1,33,5,5,7,104,6
16133,2021,6,21,1,22,4,3,1,101,18,2,43,7,7,9,104,6
16134,2021,6,22,2,12,3,2,1,101,10,1,26,4,4,6,97,6
16135,2021,6,22,2,12,3,2,1,101,5,1,33,5,5,7,97,6
16136,2021,6,22,2,15,3,2,1,101,99,1,32,5,5,7,104,6
16137,2021,6,22,2,15,3,2,1,101,15,1,62,11,11,13,97,6
16138,2021,6,22,2,16,3,2,1,101,5,2,29,4,4,6,104,6
16139,2021,6,22,2,17,3,2,1,101,18,1,45,8,8,10,95,6
16140,2021,6,22,2,18,4,3,1,105,99,2,999,12,16,18,104,6
16141,2021,6,22,2,20,4,3,1,101,7,2,28,4,4,6,97,6
16142,2021,6,22,2,21,4,3,1,107,99,1,41,7,7,9,104,6
16143,2021,6,22,2,21,4,3,1,101,16,2,44,7,7,9,104,6
16144,2021,6,22,2,21,4,3,1,103,99,1,38,6,6,8,104,6
16145,2021,6,23,3,13,3,2,1,106,99,1,27,4,4,6,104,6
16146,2021,6,23,3,14,3,2,1,114,99,1,33,5,5,7,97,6
16147,2021,6,23,3,16,3,2,1,105,99,1,25,4,4,6,104,6
16148,2021,6,23,3,16,3,2,1,106,99,2,18,2,2,4,104,6
16149,2021,6,23,3,18,4,3,1,106,99,2,50,9,9,11,104,6
16150,2021,6,23,3,19,4,3,1,101,1,1,999,12,16,18,95,6
16151,2021,6,23,3,19,4,3,1,101,1,2,26,4,4,6,97,6
16152,2021,6,23,3,19,4,3,1,101,18,2,41,7,7,9,97,6
16153,2021,6,23,3,19,4,3,1,101,18,2,36,6,6,8,104,6
16154,2021,6,24,4,8,2,1,1,106,99,1,32,5,5,7,97,6
16155,2021,6,24,4,12,3,2,1,101,1,1,52,9,9,11,99,6
16156,2021,6,24,4,14,3,2,1,101,9,2,38,6,6,8,104,6
16157,2021,6,24,4,16,3,2,1,101,11,2,22,3,3,5,104,6
16158,2021,6,24,4,18,4,3,1,101,5,1,30,5,5,7,104,6
16159,2021,6,24,4,5,1,1,1,101,19,2,58,10,10,12,96,6
16160,2021,6,25,5,8,2,1,1,102,99,1,46,8,8,10,104,6
16161,2021,6,25,5,8,2,1,1,101,6,2,20,3,3,5,104,6
16162,2021,6,25,5,11,2,1,1,101,21,1,34,5,5,7,97,6
16163,2021,6,25,5,11,2,1,1,103,99,2,30,5,5,7,104,6
16164,2021,6,25,5,12,3,2,1,101,18,1,59,10,10,12,104,6
16165,2021,6,25,5,13,3,2,1,101,11,1,26,4,4,6,104,6
16166,2021,6,25,5,14,3,2,1,107,99,2,73,11,13,15,104,6
16167,2021,6,25,5,15,3,2,1,116,99,2,33,5,5,7,104,6
16168,2021,6,25,5,15,3,2,1,101,7,1,67,11,12,14,95,6
16169,2021,6,25,5,16,3,2,1,101,18,2,47,8,8,10,104,6
16170,2021,6,25,5,16,3,2,1,101,14,1,39,6,6,8,97,6
16171,2021,6,25,5,18,4,3,1,101,9,1,33,5,5,7,97,6
16172,2021,6,25,5,18,4,3,1,101,8,1,51,9,9,11,104,6
16173,2021,6,25,5,18,4,3,1,101,1,2,50,9,9,11,74,6
16174,2021,6,25,5,18,4,3,1,108,99,1,64,11,11,13,97,6
16175,2021,6,25,5,17,3,2,1,101,18,2,38,6,6,8,104,6
16176,2021,6,25,5,20,4,3,1,101,12,2,19,2,2,4,104,6
16177,2021,6,25,5,20,4,3,1,101,18,1,22,3,3,5,104,6
16178,2021,6,25,5,20,4,3,1,101,99,1,50,9,9,11,104,6
16179,2021,6,25,5,22,4,3,1,101,21,2,40,7,7,9,104,6
16180,2021,6,26,6,7,2,1,1,101,21,1,26,4,4,6,97,6
16181,2021,6,26,6,14,3,2,1,101,1,1,22,3,3,5,97,6
16182,2021,6,26,6,18,4,3,1,101,7,2,34,5,5,7,104,6
16183,2021,6,26,6,18,4,3,1,101,6,2,26,4,4,6,104,6
16184,2021,6,26,6,20,4,3,1,106,99,2,42,7,7,9,104,6
16185,2021,6,26,6,21,4,3,1,101,14,2,29,4,4,6,97,6
16186,2021,6,28,1,12,3,2,1,101,15,1,47,8,8,10,97,6
16187,2021,6,28,1,16,3,2,1,101,18,2,43,7,7,9,97,6
16188,2021,6,28,1,18,4,3,1,106,99,1,20,3,3,5,104,6
16189,2021,6,28,1,18,4,3,1,101,25,1,65,11,12,14,97,6
16190,2021,6,28,1,18,4,3,1,101,4,1,70,11,13,15,99,6
16191,2021,6,28,1,18,4,3,1,108,99,1,23,3,3,5,104,6
16192,2021,6,28,1,18,4,3,1,101,21,1,32,5,5,7,104,6
16193,2021,6,28,1,18,4,3,1,101,11,1,31,5,5,7,104,6
16194,2021,6,29,2,17,3,2,1,101,16,1,37,6,6,8,104,6
16195,2021,6,29,2,19,4,3,1,101,18,1,47,8,8,10,104,6
16196,2021,6,29,2,19,4,3,1,101,5,1,33,5,5,7,104,6
16197,2021,6,29,2,19,4,3,1,101,2,2,28,4,4,6,104,6
16198,2021,6,29,2,21,4,3,1,101,19,1,33,5,5,7,97,6
16199,2021,6,29,2,22,4,3,1,101,13,1,63,11,11,13,104,6
16200,2021,6,30,3,8,2,1,1,108,99,1,36,6,6,8,104,6
16201,2021,6,30,3,11,2,1,1,101,18,2,41,7,7,9,97,6
16202,2021,6,30,3,11,2,1,1,101,18,1,34,5,5,7,97,6
16203,2021,6,30,3,16,3,2,1,101,10,2,54,9,9,11,104,6
16204,2021,6,30,3,17,3,2,1,101,99,2,999,12,16,18,104,6
16205,2021,6,30,3,0,1,1,1,101,18,2,35,6,6,8,97,6
16206,2021,6,1,2,8,2,1,1,101,18,1,39,6,6,8,97,6
16207,2021,6,1,2,15,3,2,9,914,99,2,52,9,9,11,104,6
16208,2021,6,2,3,16,3,2,9,901,99,1,42,7,7,9,97,6
16209,2021,6,4,5,16,3,2,9,901,99,2,42,7,7,9,104,6
16210,2021,6,5,6,13,3,2,12,1217,99,2,999,12,16,18,104,6
16211,2021,6,5,6,18,4,3,9,914,99,2,25,4,4,6,104,6
16212,2021,6,8,2,9,2,1,12,1221,99,1,47,8,8,10,104,6
16213,2021,6,8,2,16,3,2,9,901,99,1,999,12,16,18,104,6
16214,2021,6,9,3,12,3,2,9,910,99,1,17,2,2,4,104,6
16215,2021,6,10,4,10,2,1,12,1222,99,2,25,4,4,6,104,6
16216,2021,6,11,5,15,3,2,9,913,99,1,19,2,2,4,104,6
16217,2021,6,14,1,11,2,1,12,1222,99,2,27,4,4,6,104,6
16218,2021,6,14,1,13,3,2,9,910,99,2,29,4,4,6,97,6
16219,2021,6,16,3,17,3,2,9,909,99,2,34,5,5,7,104,6
16220,2021,6,16,3,9,2,1,12,1221,99,2,21,3,3,5,97,6
16221,2021,6,19,6,17,3,2,9,901,99,2,52,9,9,11,97,6
16222,2021,6,21,1,12,3,2,9,919,99,1,28,4,4,6,97,6
16223,2021,6,21,1,17,3,2,9,901,99,1,999,12,16,18,104,6
16224,2021,6,22,2,16,3,2,9,901,99,2,57,10,10,12,95,6
16225,2021,6,22,2,17,3,2,12,1219,99,1,36,6,6,8,97,6
16226,2021,6,22,2,23,4,3,9,901,99,2,28,4,4,6,97,6
16227,2021,6,23,3,11,2,1,12,1221,99,2,24,3,3,5,104,6
16228,2021,6,23,3,16,3,2,12,1221,99,1,77,11,14,16,104,6
16229,2021,6,24,4,17,3,2,9,914,99,1,25,4,4,6,97,6
16230,2021,6,24,4,17,3,2,12,1220,99,2,59,10,10,12,97,6
16231,2021,6,25,5,12,3,2,9,901,99,2,28,4,4,6,104,6
16232,2021,6,25,5,12,3,2,12,1221,99,1,23,3,3,5,104,6
16233,2021,6,25,5,18,4,3,12,1230,99,1,28,4,4,6,104,6
16234,2021,6,27,7,8,2,1,8,806,99,1,17,2,2,4,104,6
16235,2021,6,27,7,8,2,1,8,806,99,1,24,3,3,5,104,6
16236,2021,6,27,7,11,2,1,9,907,99,1,31,5,5,7,104,6
16237,2021,6,29,2,11,2,1,9,901,99,1,37,6,6,8,104,6
16238,2021,6,29,2,17,3,2,12,1222,99,2,41,7,7,9,104,6
16239,2021,6,30,3,15,3,2,9,901,99,1,69,11,12,14,97,6
16240,2021,6,1,2,10,2,1,21,2101,99,1,40,7,7,9,97,6
16241,2021,6,2,3,12,3,2,21,2106,99,1,23,3,3,5,104,6
16242,2021,6,2,3,20,4,3,21,2101,99,2,46,8,8,10,97,6
16243,2021,6,6,7,11,2,1,21,2101,99,1,28,4,4,6,97,6
16244,2021,6,6,7,17,3,2,21,2101,99,1,23,3,3,5,97,6
16245,2021,6,6,7,20,4,3,21,2101,99,1,22,3,3,5,97,6
16246,2021,6,9,3,11,2,1,21,2101,99,1,65,11,12,14,104,6
16247,2021,6,9,3,16,3,2,21,2101,99,1,42,7,7,9,104,6
16248,2021,6,9,3,16,3,2,21,2101,99,1,74,11,13,15,104,6
16249,2021,6,10,4,10,2,1,21,2101,99,1,32,5,5,7,104,6
16250,2021,6,10,4,12,3,2,21,2101,99,2,22,3,3,5,97,6
16251,2021,6,10,4,17,3,2,21,2101,99,2,38,6,6,8,104,6
16252,2021,6,11,5,10,2,1,21,2101,99,1,34,5,5,7,97,6
16253,2021,6,14,1,9,2,1,21,2101,99,1,44,7,7,9,104,6
16254,2021,6,16,3,10,2,1,21,2101,99,1,37,6,6,8,104,6
16255,2021,6,17,4,15,3,2,21,2101,99,1,34,5,5,7,97,6
16256,2021,6,18,5,0,1,1,21,2101,99,1,53,9,9,11,104,6
16257,2021,6,18,5,18,4,3,21,2106,99,1,28,4,4,6,104,6
16258,2021,6,19,6,19,4,3,21,2101,99,2,27,4,4,6,97,6
16259,2021,6,20,7,15,3,2,21,2101,99,1,40,7,7,9,97,6
16260,2021,6,21,1,8,2,1,21,2101,99,1,26,4,4,6,97,6
16261,2021,6,21,1,0,1,1,21,2101,99,2,35,6,6,8,104,6
16262,2021,6,23,3,9,2,1,21,2101,99,2,54,9,9,11,104,6
16263,2021,6,27,7,11,2,1,21,2101,99,1,26,4,4,6,104,6
16264,2021,6,27,7,11,2,1,21,2101,99,1,30,5,5,7,104,6
16265,2021,6,27,7,13,3,2,21,2101,99,1,36,6,6,8,104,6
16266,2021,6,29,2,19,4,3,21,2101,99,1,36,6,6,8,97,6
16267,2021,6,2,3,16,3,2,16,1603,99,2,54,9,9,11,97,6
16268,2021,6,2,3,16,3,2,16,1603,99,2,38,6,6,8,104,6
16269,2021,6,2,3,16,3,2,16,1603,99,1,49,8,8,10,97,6
16270,2021,6,2,3,16,3,2,15,1504,99,2,50,9,9,11,104,6
16271,2021,6,2,3,19,4,3,16,1603,99,1,40,7,7,9,104,6
16272,2021,6,3,4,16,3,2,16,1603,99,1,30,5,5,7,97,6
16273,2021,6,3,4,17,3,2,16,1603,99,2,29,4,4,6,97,6
16274,2021,6,3,4,19,4,3,16,1601,99,1,37,6,6,8,104,6
16275,2021,6,4,5,11,2,1,16,1601,99,2,23,3,3,5,104,6
16276,2021,6,4,5,12,3,2,16,1609,99,1,37,6,6,8,104,6
16277,2021,6,4,5,17,3,2,15,1503,99,1,24,3,3,5,104,6
16278,2021,6,5,6,18,4,3,16,1608,99,1,25,4,4,6,104,6
16279,2021,6,7,1,17,3,2,15,1505,99,1,33,5,5,7,104,6
16280,2021,6,7,1,20,4,3,14,1420,99,2,24,3,3,5,104,6
16281,2021,6,8,2,12,3,2,16,1615,99,2,28,4,4,6,104,6
16282,2021,6,8,2,12,3,2,15,1503,99,1,38,6,6,8,104,6
16283,2021,6,8,2,16,3,2,16,1601,99,1,20,3,3,5,104,6
16284,2021,6,9,3,15,3,2,15,1502,99,1,20,3,3,5,99,6
16285,2021,6,10,4,12,3,2,16,1601,99,2,28,4,4,6,104,6
16286,2021,6,10,4,12,3,2,16,1601,99,2,52,9,9,11,104,6
16287,2021,6,10,4,12,3,2,16,1601,99,2,42,7,7,9,104,6
16288,2021,6,10,4,14,3,2,16,1609,99,1,50,9,9,11,104,6
16289,2021,6,10,4,17,3,2,16,1617,99,1,23,3,3,5,99,6
16290,2021,6,10,4,22,4,3,15,1503,99,1,32,5,5,7,97,6
16291,2021,6,11,5,14,3,2,15,1502,99,2,40,7,7,9,104,6
16292,2021,6,11,5,14,3,2,16,1615,99,1,999,12,16,18,104,6
16293,2021,6,11,5,16,3,2,16,1601,99,1,30,5,5,7,104,6
16294,2021,6,14,1,12,3,2,15,1504,99,1,35,6,6,8,104,6
16295,2021,6,14,1,17,3,2,15,1503,99,2,37,6,6,8,97,6
16296,2021,6,15,2,14,3,2,16,1607,99,2,31,5,5,7,104,6
16297,2021,6,15,2,14,3,2,16,1609,99,2,23,3,3,5,104,6
16298,2021,6,16,3,10,2,1,16,1610,99,2,37,6,6,8,104,6
16299,2021,6,16,3,11,2,1,14,1420,99,1,22,3,3,5,104,6
16300,2021,6,16,3,11,2,1,14,1420,99,1,30,5,5,7,104,6
16301,2021,6,16,3,15,3,2,15,1501,99,1,999,12,16,18,104,6
16302,2021,6,16,3,16,3,2,15,1507,99,2,18,2,2,4,104,6
16303,2021,6,16,3,19,4,3,15,1501,99,1,35,6,6,8,104,6
16304,2021,6,17,4,12,3,2,14,1420,99,2,26,4,4,6,104,6
16305,2021,6,18,5,10,2,1,16,1601,99,1,28,4,4,6,104,6
16306,2021,6,18,5,16,3,2,15,1502,99,1,62,11,11,13,104,6
16307,2021,6,19,6,17,3,2,15,1502,99,1,36,6,6,8,104,6
16308,2021,6,20,7,20,4,3,16,1601,99,1,24,3,3,5,104,6
16309,2021,6,21,1,11,2,1,16,1602,99,1,37,6,6,8,104,6
16310,2021,6,22,2,17,3,2,14,1420,99,2,21,3,3,5,104,6
16311,2021,6,23,3,9,2,1,15,1503,99,2,23,3,3,5,104,6
16312,2021,6,23,3,9,2,1,15,1503,99,1,23,3,3,5,104,6
16313,2021,6,23,3,9,2,1,15,1503,99,1,29,4,4,6,104,6
16314,2021,6,23,3,14,3,2,15,1508,99,2,29,4,4,6,97,6
16315,2021,6,23,3,18,4,3,16,1601,99,2,28,4,4,6,104,6
16316,2021,6,24,4,15,3,2,16,1617,99,2,22,3,3,5,104,6
16317,2021,6,24,4,15,3,2,15,1507,99,2,65,11,12,14,104,6
16318,2021,6,25,5,10,2,1,16,1609,99,1,37,6,6,8,95,6
16319,2021,6,25,5,12,3,2,16,1601,99,2,43,7,7,9,104,6
16320,2021,6,25,5,15,3,2,15,1501,99,1,36,6,6,8,104,6
16321,2021,6,25,5,17,3,2,16,1601,99,2,48,8,8,10,104,6
16322,2021,6,26,6,17,3,2,16,1615,99,1,60,11,11,13,104,6
16323,2021,6,26,6,17,3,2,15,1501,99,2,19,2,2,4,104,6
16324,2021,6,28,1,16,3,2,16,1601,99,1,38,6,6,8,104,6
16325,2021,6,29,2,12,3,2,15,1502,99,2,19,2,2,4,97,6
16326,2021,6,30,3,17,3,2,15,1501,99,1,49,8,8,10,104,6
16327,2021,6,30,3,17,3,2,15,1501,99,2,33,5,5,7,104,6
16328,2021,6,30,3,17,3,2,15,1501,99,1,21,3,3,5,104,6
16329,2021,6,30,3,18,4,3,16,1601,99,2,35,6,6,8,104,6
16330,2021,6,30,3,20,4,3,15,1501,99,1,26,4,4,6,104,6
16331,2021,6,1,2,12,3,2,11,1104,99,1,55,10,10,12,97,6
16332,2021,6,1,2,10,2,1,10,1016,99,2,20,3,3,5,97,6
16333,2021,6,1,2,12,3,2,10,1001,99,1,999,12,16,18,104,6
16334,2021,6,1,2,13,3,2,10,1021,99,2,22,3,3,5,104,6
16335,2021,6,2,3,12,3,2,10,1001,99,1,21,3,3,5,104,6
16336,2021,6,2,3,15,3,2,11,1101,99,1,61,11,11,13,97,6
16337,2021,6,2,3,15,3,2,11,1101,99,1,36,6,6,8,104,6
16338,2021,6,2,3,15,3,2,11,1101,99,1,25,4,4,6,104,6
16339,2021,6,2,3,15,3,2,11,1109,99,1,44,7,7,9,104,6
16340,2021,6,3,4,11,2,1,10,1012,99,1,53,9,9,11,95,6
16341,2021,6,3,4,11,2,1,11,1107,99,2,39,6,6,8,97,6
16342,2021,6,3,4,13,3,2,10,1014,99,1,41,7,7,9,104,6
16343,2021,6,3,4,17,3,2,11,1101,99,1,36,6,6,8,95,6
16344,2021,6,3,4,17,3,2,11,1106,99,2,30,5,5,7,104,6
16345,2021,6,3,4,17,3,2,10,1016,99,1,23,3,3,5,104,6
16346,2021,6,3,4,20,4,3,11,1108,99,1,45,8,8,10,104,6
16347,2021,6,4,5,11,2,1,10,1021,99,1,32,5,5,7,104,6
16348,2021,6,4,5,17,3,2,10,1001,99,2,30,5,5,7,97,6
16349,2021,6,4,5,13,3,2,11,1102,99,2,19,2,2,4,97,6
16350,2021,6,4,5,22,4,3,11,1101,99,1,30,5,5,7,104,6
16351,2021,6,5,6,12,3,2,10,1001,99,1,62,11,11,13,95,6
16352,2021,6,5,6,21,4,3,11,1101,99,2,49,8,8,10,104,6
16353,2021,6,6,7,13,3,2,10,1013,99,1,53,9,9,11,95,6
16354,2021,6,8,2,9,2,1,11,1109,99,2,37,6,6,8,104,6
16355,2021,6,8,2,10,2,1,11,1101,99,1,25,4,4,6,95,6
16356,2021,6,8,2,16,3,2,11,1109,99,1,34,5,5,7,104,6
16357,2021,6,9,3,11,2,1,10,1014,99,1,25,4,4,6,97,6
16358,2021,6,10,4,13,3,2,10,1016,99,2,25,4,4,6,104,6
16359,2021,6,10,4,10,2,1,11,1109,99,2,30,5,5,7,97,6
16360,2021,6,10,4,20,4,3,11,1102,99,1,27,4,4,6,104,6
16361,2021,6,10,4,15,3,2,10,1020,99,2,48,8,8,10,97,6
16362,2021,6,11,5,11,2,1,10,1001,99,1,33,5,5,7,97,6
16363,2021,6,11,5,19,4,3,11,1102,99,1,29,4,4,6,104,6
16364,2021,6,11,5,10,2,1,10,1021,99,1,50,9,9,11,104,6
16365,2021,6,11,5,18,4,3,11,1109,99,2,25,4,4,6,104,6
16366,2021,6,12,6,10,2,1,11,1101,99,1,22,3,3,5,104,6
16367,2021,6,12,6,8,2,1,11,1101,99,2,36,6,6,8,97,6
16368,2021,6,12,6,11,2,1,11,1101,99,2,21,3,3,5,104,6
16369,2021,6,12,6,14,3,2,10,1008,99,2,28,4,4,6,97,6
16370,2021,6,13,7,12,3,2,11,1109,99,2,60,11,11,13,97,6
16371,2021,6,14,1,13,3,2,11,1108,99,2,39,6,6,8,97,6
16372,2021,6,15,2,14,3,2,10,1019,99,2,20,3,3,5,97,6
16373,2021,6,15,2,15,3,2,10,1001,99,1,21,3,3,5,97,6
16374,2021,6,16,3,11,2,1,10,1014,99,2,55,10,10,12,97,6
16375,2021,6,16,3,15,3,2,10,1009,99,1,40,7,7,9,104,6
16376,2021,6,16,3,17,3,2,11,1101,99,1,21,3,3,5,104,6
16377,2021,6,17,4,12,3,2,11,1109,99,1,46,8,8,10,104,6
16378,2021,6,18,5,11,2,1,10,1009,99,2,32,5,5,7,104,6
16379,2021,6,19,6,12,3,2,10,1021,99,2,40,7,7,9,104,6
16380,2021,6,21,1,12,3,2,10,1014,99,2,56,10,10,12,104,6
16381,2021,6,21,1,14,3,2,10,1016,99,2,30,5,5,7,104,6
16382,2021,6,21,1,14,3,2,11,1101,99,2,29,4,4,6,97,6
16383,2021,6,22,2,9,2,1,11,1101,99,2,29,4,4,6,97,6
16384,2021,6,22,2,12,3,2,11,1101,99,1,64,11,11,13,104,6
16385,2021,6,22,2,12,3,2,11,1101,99,2,19,2,2,4,104,6
16386,2021,6,22,2,12,3,2,11,1105,99,1,40,7,7,9,104,6
16387,2021,6,22,2,12,3,2,10,1020,99,2,29,4,4,6,104,6
16388,2021,6,22,2,12,3,2,10,1001,99,1,31,5,5,7,104,6
16389,2021,6,22,2,12,3,2,11,1101,99,1,28,4,4,6,104,6
16390,2021,6,22,2,12,3,2,10,1013,99,2,42,7,7,9,104,6
16391,2021,6,22,2,19,4,3,11,1109,99,1,28,4,4,6,104,6
16392,2021,6,24,4,9,2,1,10,1016,99,2,24,3,3,5,104,6
16393,2021,6,24,4,14,3,2,10,1001,99,2,30,5,5,7,104,6
16394,2021,6,24,4,14,3,2,11,1107,99,1,24,3,3,5,104,6
16395,2021,6,24,4,0,1,1,10,1021,99,1,63,11,11,13,104,6
16396,2021,6,25,5,18,4,3,11,1106,99,1,59,10,10,12,97,6
16397,2021,6,25,5,18,4,3,10,1012,99,1,44,7,7,9,97,6
16398,2021,6,25,5,18,4,3,10,1016,99,2,36,6,6,8,104,6
16399,2021,6,26,6,17,3,2,11,1101,99,1,22,3,3,5,104,6
16400,2021,6,26,6,12,3,2,10,1001,99,2,39,6,6,8,97,6
16401,2021,6,26,6,14,3,2,11,1101,99,1,45,8,8,10,104,6
16402,2021,6,28,1,12,3,2,10,1001,99,2,51,9,9,11,104,6
16403,2021,6,28,1,18,4,3,11,1105,99,1,32,5,5,7,104,6
16404,2021,6,28,1,13,3,2,11,1109,99,1,31,5,5,7,104,6
16405,2021,6,29,2,15,3,2,10,1014,99,1,18,2,2,4,104,6
16406,2021,6,29,2,12,3,2,11,1104,99,2,41,7,7,9,104,6
16407,2021,6,29,2,18,4,3,10,1007,99,1,27,4,4,6,104,6
16408,2021,6,30,3,10,2,1,10,1001,99,1,42,7,7,9,104,6
16409,2021,6,30,3,15,3,2,10,1016,99,2,44,7,7,9,104,6
16410,2021,6,1,2,9,2,1,4,413,99,1,48,8,8,10,97,6
16411,2021,6,1,2,16,3,2,4,402,99,1,28,4,4,6,97,6
16412,2021,6,2,3,16,3,2,4,407,99,1,24,3,3,5,104,6
16413,2021,6,4,5,9,2,1,4,401,99,1,44,7,7,9,97,6
16414,2021,6,7,1,15,3,2,4,414,99,1,44,7,7,9,97,6
16415,2021,6,8,2,18,4,3,4,403,99,2,23,3,3,5,104,6
16416,2021,6,9,3,14,3,2,4,415,99,1,37,6,6,8,97,6
16417,2021,6,9,3,15,3,2,4,402,99,2,43,7,7,9,104,6
16418,2021,6,10,4,10,2,1,4,403,99,2,41,7,7,9,104,6
16419,2021,6,10,4,11,2,1,4,413,99,2,22,3,3,5,104,6
16420,2021,6,10,4,10,2,1,4,402,99,2,28,4,4,6,104,6
16421,2021,6,10,4,14,3,2,4,407,99,2,43,7,7,9,97,6
16422,2021,6,11,5,14,3,2,4,415,99,1,31,5,5,7,97,6
16423,2021,6,14,1,9,2,1,4,406,99,1,47,8,8,10,97,6
16424,2021,6,14,1,14,3,2,4,403,99,2,24,3,3,5,97,6
16425,2021,6,17,4,7,2,1,4,407,99,2,26,4,4,6,104,6
16426,2021,6,18,5,17,3,2,4,401,99,1,24,3,3,5,104,6
16427,2021,6,20,7,0,1,1,4,411,99,2,41,7,7,9,104,6
16428,2021,6,20,7,14,3,2,4,416,99,2,22,3,3,5,97,6
16429,2021,6,20,7,17,3,2,4,401,99,1,32,5,5,7,97,6
16430,2021,6,22,2,15,3,2,4,401,99,1,54,9,9,11,97,6
16431,2021,6,22,2,19,4,3,4,401,99,1,27,4,4,6,104,6
16432,2021,6,23,3,22,4,3,4,401,99,1,44,7,7,9,97,6
16433,2021,6,24,4,9,2,1,4,403,99,1,37,6,6,8,97,6
16434,2021,6,24,4,13,3,2,4,409,99,1,30,5,5,7,97,6
16435,2021,6,24,4,15,3,2,4,407,99,1,56,10,10,12,74,6
16436,2021,6,25,5,11,2,1,4,404,99,1,50,9,9,11,97,6
16437,2021,6,26,6,9,2,1,4,403,99,1,30,5,5,7,97,6
16438,2021,6,26,6,10,2,1,4,409,99,1,51,9,9,11,97,6
16439,2021,6,26,6,17,3,2,4,402,99,1,50,9,9,11,97,6
16440,2021,6,26,6,17,3,2,4,402,99,1,48,8,8,10,97,6
16441,2021,6,26,6,23,4,3,4,416,99,1,51,9,9,11,104,6
16442,2021,6,29,2,21,4,3,4,404,99,1,46,8,8,10,104,6
16443,2021,6,29,2,21,4,3,4,401,99,1,29,4,4,6,97,6
16444,2021,6,30,3,8,2,1,4,409,99,1,999,12,16,18,97,6
16445,2021,6,2,3,19,4,3,22,2211,99,2,999,12,16,18,104,6
16446,2021,6,7,1,9,2,1,22,2201,99,1,999,12,16,18,104,6
16447,2021,6,7,1,15,3,2,22,2214,99,1,28,4,4,6,104,6
16448,2021,6,10,4,11,2,1,22,2203,99,2,35,6,6,8,104,6
16449,2021,6,10,4,16,3,2,22,2203,99,1,38,6,6,8,104,6
16450,2021,6,12,6,8,2,1,22,2201,99,2,37,6,6,8,97,6
16451,2021,6,12,6,9,2,1,22,2202,99,2,28,4,4,6,97,6
16452,2021,6,12,6,12,3,2,22,2201,99,1,22,3,3,5,104,6
16453,2021,6,14,1,8,2,1,10,1001,99,2,37,6,6,8,104,6
16454,2021,6,14,1,8,2,1,22,2202,99,2,32,5,5,7,104,6
16455,2021,6,15,2,8,2,1,22,2214,99,1,48,8,8,10,97,6
16456,2021,6,15,2,13,3,2,22,2201,99,1,44,7,7,9,104,6
16457,2021,6,16,3,10,2,1,22,2201,99,2,35,6,6,8,104,6
16458,2021,6,20,7,19,4,3,22,2212,99,1,24,3,3,5,104,6
16459,2021,6,21,1,16,3,2,22,2205,99,1,45,8,8,10,104,6
16460,2021,6,21,1,15,3,2,22,2205,99,1,35,6,6,8,104,6
16461,2021,6,23,3,12,3,2,22,2214,99,1,25,4,4,6,104,6
16462,2021,6,23,3,18,4,3,22,2202,99,2,23,3,3,5,104,6
16463,2021,6,24,4,12,3,2,22,2212,99,2,30,5,5,7,104,6
16464,2021,6,24,4,14,3,2,22,2201,99,2,21,3,3,5,104,6
16465,2021,6,28,1,9,2,1,22,2201,99,1,31,5,5,7,104,6
16466,2021,6,28,1,10,2,1,20,2011,99,2,31,5,5,7,97,6
16467,2021,6,28,1,10,2,1,20,2011,99,1,34,5,5,7,97,6
16468,2021,6,28,1,10,2,1,20,2011,99,1,23,3,3,5,104,6
16469,2021,6,29,2,0,1,1,22,2217,99,2,20,3,3,5,104,6
16470,2021,6,30,3,20,4,3,21,2107,99,2,40,7,7,9,104,6
16471,2021,6,30,3,12,3,2,22,2214,99,1,26,4,4,6,104,6
16472,2021,6,30,3,15,3,2,22,2215,99,2,32,5,5,7,104,6
16473,2021,6,30,3,16,3,2,22,2212,99,1,33,5,5,7,104,6
16474,2021,6,1,2,10,2,1,5,501,99,1,48,8,8,10,104,6
16475,2021,6,1,2,13,3,2,5,501,99,2,26,4,4,6,104,6
16476,2021,6,1,2,16,3,2,5,505,99,2,27,4,4,6,104,6
16477,2021,6,1,2,16,3,2,5,511,99,2,41,7,7,9,104,6
16478,2021,6,2,3,9,2,1,5,511,99,1,24,3,3,5,104,6
16479,2021,6,2,3,13,3,2,5,505,99,2,26,4,4,6,104,6
16480,2021,6,2,3,15,3,2,5,507,99,1,26,4,4,6,104,6
16481,2021,6,2,3,16,3,2,5,509,99,1,32,5,5,7,104,6
16482,2021,6,3,4,12,3,2,5,501,99,2,26,4,4,6,104,6
16483,2021,6,3,4,16,3,2,5,511,99,2,25,4,4,6,104,6
16484,2021,6,4,5,10,2,1,5,502,99,1,33,5,5,7,104,6
16485,2021,6,4,5,11,2,1,5,511,99,2,58,10,10,12,104,6
16486,2021,6,4,5,12,3,2,5,502,99,2,29,4,4,6,104,6
16487,2021,6,4,5,17,3,2,5,511,99,1,22,3,3,5,104,6
16488,2021,6,4,5,19,4,3,5,501,99,1,38,6,6,8,97,6
16489,2021,6,5,6,10,2,1,5,506,99,2,35,6,6,8,104,6
16490,2021,6,7,1,15,3,2,5,509,99,2,28,4,4,6,104,6
16491,2021,6,7,1,15,3,2,5,506,99,1,17,2,2,4,97,6
16492,2021,6,7,1,16,3,2,5,507,99,1,33,5,5,7,104,6
16493,2021,6,7,1,18,4,3,5,503,99,2,23,3,3,5,104,6
16494,2021,6,8,2,18,4,3,5,511,99,1,22,3,3,5,104,6
16495,2021,6,8,2,18,4,3,5,503,99,1,31,5,5,7,104,6
16496,2021,6,9,3,7,2,1,5,501,99,1,31,5,5,7,104,6
16497,2021,6,9,3,12,3,2,5,503,99,1,28,4,4,6,104,6
16498,2021,6,9,3,16,3,2,5,509,99,1,28,4,4,6,104,6
16499,2021,6,9,3,17,3,2,5,505,99,1,36,6,6,8,104,6
16500,2021,6,9,3,17,3,2,5,511,99,1,32,5,5,7,95,6
16501,2021,6,10,4,11,2,1,5,511,99,1,61,11,11,13,97,6
16502,2021,6,10,4,15,3,2,5,501,99,1,41,7,7,9,97,6
16503,2021,6,10,4,16,3,2,5,502,99,1,73,11,13,15,104,6
16504,2021,6,11,5,15,3,2,5,511,99,1,68,11,12,14,97,6
16505,2021,6,11,5,23,4,3,5,502,99,2,26,4,4,6,104,6
16506,2021,6,12,6,12,3,2,5,501,99,2,33,5,5,7,104,6
16507,2021,6,12,6,12,3,2,5,511,99,1,38,6,6,8,97,6
16508,2021,6,14,1,12,3,2,5,502,99,2,37,6,6,8,104,6
16509,2021,6,14,1,14,3,2,5,501,99,1,28,4,4,6,104,6
16510,2021,6,15,2,11,2,1,5,502,99,1,29,4,4,6,104,6
16511,2021,6,15,2,11,2,1,5,501,99,2,73,11,13,15,104,6
16512,2021,6,15,2,12,3,2,5,511,99,1,35,6,6,8,97,6
16513,2021,6,15,2,18,4,3,5,502,99,2,23,3,3,5,104,6
16514,2021,6,16,3,16,3,2,5,502,99,2,28,4,4,6,104,6
16515,2021,6,17,4,9,2,1,5,511,99,1,28,4,4,6,104,6
16516,2021,6,18,5,22,4,3,5,502,99,1,59,10,10,12,104,6
16517,2021,6,18,5,16,3,2,5,501,99,2,23,3,3,5,104,6
16518,2021,6,20,7,10,2,1,5,502,99,1,51,9,9,11,104,6
16519,2021,6,20,7,15,3,2,5,502,99,2,27,4,4,6,104,6
16520,2021,6,21,1,12,3,2,5,502,99,2,27,4,4,6,104,6
16521,2021,6,21,1,16,3,2,5,512,99,1,24,3,3,5,97,6
16522,2021,6,21,1,18,4,3,5,502,99,1,46,8,8,10,97,6
16523,2021,6,21,1,21,4,3,5,505,99,1,34,5,5,7,104,6
16524,2021,6,22,2,9,2,1,5,501,99,1,33,5,5,7,104,6
16525,2021,6,22,2,13,3,2,5,505,99,1,29,4,4,6,104,6
16526,2021,6,22,2,14,3,2,5,511,99,1,46,8,8,10,97,6
16527,2021,6,22,2,15,3,2,5,501,99,2,39,6,6,8,104,6
16528,2021,6,22,2,20,4,3,5,501,99,1,23,3,3,5,104,6
16529,2021,6,23,3,12,3,2,5,501,99,1,46,8,8,10,104,6
16530,2021,6,23,3,15,3,2,5,503,99,2,39,6,6,8,104,6
16531,2021,6,24,4,12,3,2,5,509,99,1,28,4,4,6,97,6
16532,2021,6,24,4,15,3,2,5,501,99,2,29,4,4,6,104,6
16533,2021,6,24,4,15,3,2,5,501,99,1,25,4,4,6,104,6
16534,2021,6,24,4,16,3,2,5,506,99,1,33,5,5,7,104,6
16535,2021,6,25,5,9,2,1,5,512,99,2,47,8,8,10,97,6
16536,2021,6,25,5,12,3,2,5,502,99,2,31,5,5,7,104,6
16537,2021,6,25,5,12,3,2,5,502,99,1,34,5,5,7,104,6
16538,2021,6,25,5,16,3,2,5,510,99,2,52,9,9,11,97,6
16539,2021,6,26,6,11,2,1,5,509,99,1,39,6,6,8,97,6
16540,2021,6,26,6,13,3,2,5,505,99,1,36,6,6,8,104,6
16541,2021,6,26,6,17,3,2,5,501,99,1,25,4,4,6,97,6
16542,2021,6,28,1,15,3,2,5,506,99,1,44,7,7,9,104,6
16543,2021,6,29,2,9,2,1,5,501,99,1,52,9,9,11,97,6
16544,2021,6,29,2,11,2,1,6,609,99,2,35,6,6,8,104,6
16545,2021,6,29,2,12,3,2,5,505,99,2,48,8,8,10,97,6
16546,2021,6,29,2,10,2,1,18,1801,99,1,999,12,16,18,104,6
16547,2021,6,3,4,11,2,1,18,1801,99,2,27,4,4,6,97,6
16548,2021,6,3,4,15,3,2,18,1801,99,2,23,3,3,5,104,6
16549,2021,6,7,1,14,3,2,18,1801,99,1,22,3,3,5,97,6
16550,2021,6,7,1,14,3,2,18,1801,99,1,999,12,16,18,97,6
16551,2021,6,7,1,16,3,2,18,1802,99,2,31,5,5,7,104,6
16552,2021,6,8,2,14,3,2,18,1805,99,1,33,5,5,7,104,6
16553,2021,6,12,6,10,2,1,18,1803,99,1,31,5,5,7,104,6
16554,2021,6,14,1,12,3,2,18,1803,99,1,41,7,7,9,104,6
16555,2021,6,15,2,11,2,1,18,1801,99,2,21,3,3,5,104,6
16556,2021,6,16,3,14,3,2,18,1801,99,2,25,4,4,6,104,6
16557,2021,6,17,4,18,4,3,18,1801,99,2,29,4,4,6,97,6
16558,2021,6,17,4,15,3,2,18,1801,99,1,34,5,5,7,104,6
16559,2021,6,18,5,16,3,2,18,1801,99,2,50,9,9,11,104,6
16560,2021,6,20,7,10,2,1,18,1801,99,2,29,4,4,6,104,6
16561,2021,6,21,1,12,3,2,18,1801,99,1,28,4,4,6,104,6
16562,2021,6,22,2,12,3,2,18,1801,99,2,18,2,2,4,104,6
16563,2021,6,24,4,12,3,2,18,1801,99,2,30,5,5,7,97,6
16564,2021,6,25,5,8,2,1,18,1805,99,1,32,5,5,7,97,6
16565,2021,6,25,5,18,4,3,18,1801,99,2,59,10,10,12,104,6
16566,2021,6,1,2,19,4,3,6,604,99,1,29,4,4,6,104,6
16567,2021,6,3,4,15,3,2,6,607,99,2,47,8,8,10,104,6
16568,2021,6,4,5,19,4,3,6,602,99,1,32,5,5,7,104,6
16569,2021,6,7,1,11,2,1,6,603,99,1,54,9,9,11,97,6
16570,2021,6,7,1,20,4,3,6,612,99,2,28,4,4,6,104,6
16571,2021,6,8,2,12,3,2,6,602,99,1,20,3,3,5,97,6
16572,2021,6,11,5,13,3,2,6,614,99,1,49,8,8,10,104,6
16573,2021,6,12,6,15,3,2,6,603,99,1,36,6,6,8,97,6
16574,2021,6,14,1,11,2,1,6,608,99,2,46,8,8,10,97,6
16575,2021,6,14,1,11,2,1,6,609,99,1,57,10,10,12,104,6
16576,2021,6,14,1,12,3,2,6,608,99,2,39,6,6,8,97,6
16577,2021,6,14,1,15,3,2,6,602,99,1,28,4,4,6,97,6
16578,2021,6,15,2,16,3,2,6,608,99,2,43,7,7,9,104,6
16579,2021,6,16,3,9,2,1,6,608,99,2,35,6,6,8,104,6
16580,2021,6,17,4,15,3,2,6,604,99,2,23,3,3,5,104,6
16581,2021,6,22,2,12,3,2,6,608,99,1,31,5,5,7,104,6
16582,2021,6,22,2,17,3,2,6,609,99,2,18,2,2,4,97,6
16583,2021,6,22,2,17,3,2,6,605,99,1,44,7,7,9,97,6
16584,2021,6,23,3,12,3,2,6,601,99,1,27,4,4,6,97,6
16585,2021,6,23,3,12,3,2,6,608,99,2,37,6,6,8,97,6
16586,2021,6,23,3,17,3,2,6,614,99,1,21,3,3,5,104,6
16587,2021,6,23,3,22,4,3,6,610,99,1,26,4,4,6,104,6
16588,2021,6,1,2,17,3,2,1,117,99,2,39,6,6,8,104,6
16589,2021,6,2,3,15,3,2,1,115,99,1,33,5,5,7,104,6
16590,2021,6,3,4,11,2,1,1,115,99,2,46,8,8,10,104,6
16591,2021,6,3,4,14,3,2,1,115,99,2,23,3,3,5,97,6
16592,2021,6,3,4,16,3,2,1,115,99,2,31,5,5,7,104,6
16593,2021,6,3,4,16,3,2,1,117,99,2,26,4,4,6,97,6
16594,2021,6,3,4,15,3,2,1,117,99,1,43,7,7,9,97,6
16595,2021,6,4,5,10,2,1,1,117,99,1,32,5,5,7,104,6
16596,2021,6,4,5,11,2,1,1,115,99,2,31,5,5,7,97,6
16597,2021,6,4,5,16,3,2,1,115,99,1,41,7,7,9,104,6
16598,2021,6,5,6,9,2,1,1,115,99,1,31,5,5,7,104,6
16599,2021,6,5,6,13,3,2,1,115,99,1,20,3,3,5,104,6
16600,2021,6,5,6,17,3,2,1,115,99,1,29,4,4,6,104,6
16601,2021,6,6,7,13,3,2,1,115,99,2,25,4,4,6,104,6
16602,2021,6,6,7,19,4,3,1,115,99,2,27,4,4,6,104,6
16603,2021,6,7,1,16,3,2,1,115,99,2,24,3,3,5,104,6
16604,2021,6,8,2,13,3,2,1,114,99,1,23,3,3,5,104,6
16605,2021,6,8,2,12,3,2,1,115,99,1,34,5,5,7,96,6
16606,2021,6,8,2,15,3,2,1,115,99,1,43,7,7,9,104,6
16607,2021,6,9,3,16,3,2,1,115,99,1,23,3,3,5,104,6
16608,2021,6,9,3,12,3,2,1,115,99,1,64,11,11,13,97,6
16609,2021,6,9,3,14,3,2,1,115,99,1,69,11,12,14,104,6
16610,2021,6,9,3,16,3,2,1,115,99,1,49,8,8,10,104,6
16611,2021,6,9,3,19,4,3,1,116,99,1,33,5,5,7,104,6
16612,2021,6,10,4,14,3,2,1,115,99,1,23,3,3,5,104,6
16613,2021,6,10,4,13,3,2,1,115,99,1,49,8,8,10,104,6
16614,2021,6,10,4,22,4,3,1,115,99,2,39,6,6,8,104,6
16615,2021,6,11,5,11,2,1,1,115,99,1,30,5,5,7,104,6
16616,2021,6,11,5,14,3,2,1,115,99,1,25,4,4,6,104,6
16617,2021,6,13,7,17,3,2,1,117,99,2,26,4,4,6,97,6
16618,2021,6,14,1,10,2,1,1,114,99,1,49,8,8,10,104,6
16619,2021,6,14,1,17,3,2,1,115,99,1,34,5,5,7,104,6
16620,2021,6,15,2,9,2,1,1,115,99,2,31,5,5,7,97,6
16621,2021,6,15,2,9,2,1,1,115,99,1,40,7,7,9,104,6
16622,2021,6,15,2,14,3,2,1,115,99,2,25,4,4,6,104,6
16623,2021,6,15,2,13,3,2,1,115,99,1,31,5,5,7,104,6
16624,2021,6,15,2,11,2,1,1,115,99,1,58,10,10,12,97,6
16625,2021,6,15,2,14,3,2,1,116,99,2,42,7,7,9,97,6
16626,2021,6,16,3,11,2,1,1,115,99,2,33,5,5,7,104,6
16627,2021,6,16,3,17,3,2,1,116,99,1,50,9,9,11,104,6
16628,2021,6,16,3,15,3,2,1,116,99,1,62,11,11,13,104,6
16629,2021,6,16,3,14,3,2,1,115,99,2,48,8,8,10,104,6
16630,2021,6,18,5,10,2,1,1,117,99,1,42,7,7,9,104,6
16631,2021,6,19,6,10,2,1,1,117,99,1,51,9,9,11,97,6
16632,2021,6,19,6,22,4,3,1,115,99,1,24,3,3,5,104,6
16633,2021,6,20,7,10,2,1,1,115,99,2,40,7,7,9,104,6
16634,2021,6,20,7,16,3,2,1,114,99,2,33,5,5,7,97,6
16635,2021,6,21,1,14,3,2,1,115,99,1,37,6,6,8,97,6
16636,2021,6,22,2,15,3,2,1,115,99,2,36,6,6,8,104,6
16637,2021,6,22,2,11,2,1,1,115,99,1,22,3,3,5,97,6
16638,2021,6,23,3,15,3,2,1,115,99,1,28,4,4,6,104,6
16639,2021,6,24,4,20,4,3,1,115,99,2,54,9,9,11,104,6
16640,2021,6,24,4,12,3,2,1,117,99,2,22,3,3,5,104,6
16641,2021,6,24,4,11,2,1,1,115,99,2,42,7,7,9,95,6
16642,2021,6,24,4,12,3,2,1,115,99,1,34,5,5,7,97,6
16643,2021,6,24,4,13,3,2,1,115,99,1,37,6,6,8,104,6
16644,2021,6,25,5,16,3,2,1,117,99,1,27,4,4,6,104,6
16645,2021,6,25,5,18,4,3,1,115,99,2,24,3,3,5,104,6
16646,2021,6,25,5,19,4,3,1,114,99,1,31,5,5,7,97,6
16647,2021,6,26,6,13,3,2,1,115,99,2,42,7,7,9,104,6
16648,2021,6,26,6,0,1,1,1,115,99,1,32,5,5,7,104,6
16649,2021,6,26,6,21,4,3,1,115,99,2,23,3,3,5,104,6
16650,2021,6,26,6,13,3,2,1,116,99,1,31,5,5,7,104,6
16651,2021,6,27,7,12,3,2,1,115,99,1,25,4,4,6,104,6
16652,2021,6,27,7,12,3,2,1,115,99,1,25,4,4,6,104,6
16653,2021,6,28,1,9,2,1,1,114,99,1,28,4,4,6,97,6
16654,2021,6,28,1,12,3,2,1,117,99,2,46,8,8,10,104,6
16655,2021,6,29,2,20,4,3,1,115,99,1,42,7,7,9,104,6
16656,2021,6,29,2,15,3,2,1,115,99,2,27,4,4,6,95,6
16657,2021,6,29,2,9,2,1,1,115,99,1,30,5,5,7,104,6
16658,2021,6,29,2,9,2,1,1,115,99,2,43,7,7,9,104,6
16659,2021,6,29,2,17,3,2,1,115,99,1,38,6,6,8,97,6
16660,2021,6,30,3,15,3,2,1,117,99,1,29,4,4,6,104,6
16661,2021,6,30,3,21,4,3,1,114,99,1,30,5,5,7,97,6
16662,2021,6,30,3,17,3,2,1,115,99,1,30,5,5,7,99,6
16663,2021,6,1,2,18,4,3,1,110,99,1,34,5,5,7,104,6
16664,2021,6,1,2,18,4,3,1,108,99,1,36,6,6,8,104,6
16665,2021,6,2,3,9,2,1,1,109,99,1,25,4,4,6,99,6
16666,2021,6,3,4,10,2,1,1,108,99,1,50,9,9,11,104,6
16667,2021,6,3,4,11,2,1,1,111,99,1,28,4,4,6,104,6
16668,2021,6,3,4,16,3,2,1,108,99,1,32,5,5,7,104,6
16669,2021,6,3,4,17,3,2,1,110,99,1,28,4,4,6,97,6
16670,2021,6,3,4,20,4,3,1,108,99,1,31,5,5,7,97,6
16671,2021,6,3,4,21,4,3,1,101,7,2,37,6,6,8,104,6
16672,2021,6,4,5,13,3,2,1,101,7,2,37,6,6,8,104,6
16673,2021,6,4,5,13,3,2,1,109,99,1,33,5,5,7,97,6
16674,2021,6,6,7,20,4,3,1,108,99,2,20,3,3,5,97,6
16675,2021,6,7,1,10,2,1,1,108,99,1,29,4,4,6,97,6
16676,2021,6,8,2,0,1,1,1,108,99,2,30,5,5,7,97,6
16677,2021,6,8,2,12,3,2,1,110,99,1,32,5,5,7,104,6
16678,2021,6,8,2,13,3,2,1,108,99,1,36,6,6,8,104,6
16679,2021,6,8,2,16,3,2,1,108,99,1,43,7,7,9,95,6
16680,2021,6,8,2,18,4,3,1,108,99,2,52,9,9,11,97,6
16681,2021,6,9,3,12,3,2,1,108,99,2,42,7,7,9,97,6
16682,2021,6,10,4,10,2,1,1,108,99,1,37,6,6,8,104,6
16683,2021,6,10,4,12,3,2,1,108,99,1,29,4,4,6,104,6
16684,2021,6,10,4,19,4,3,1,108,99,2,58,10,10,12,97,6
16685,2021,6,10,4,19,4,3,1,108,99,1,41,7,7,9,95,6
16686,2021,6,10,4,23,4,3,1,110,99,1,44,7,7,9,104,6
16687,2021,6,11,5,19,4,3,1,110,99,1,33,5,5,7,104,6
16688,2021,6,15,2,15,3,2,1,110,99,2,29,4,4,6,104,6
16689,2021,6,16,3,8,2,1,1,111,99,1,41,7,7,9,104,6
16690,2021,6,16,3,11,2,1,1,101,18,1,36,6,6,8,95,6
16691,2021,6,17,4,12,3,2,1,110,99,2,30,5,5,7,104,6
16692,2021,6,18,5,11,2,1,1,108,99,2,33,5,5,7,104,6
16693,2021,6,19,6,11,2,1,1,108,99,2,38,6,6,8,97,6
16694,2021,6,19,6,12,3,2,1,108,99,1,49,8,8,10,97,6
16695,2021,6,20,7,15,3,2,1,108,99,2,52,9,9,11,97,6
16696,2021,6,21,1,8,2,1,1,110,99,1,38,6,6,8,97,6
16697,2021,6,21,1,9,2,1,3,312,99,1,37,6,6,8,104,6
16698,2021,6,21,1,16,3,2,1,108,99,1,60,11,11,13,97,6
16699,2021,6,22,2,12,3,2,1,108,99,1,40,7,7,9,97,6
16700,2021,6,23,3,23,4,3,1,101,19,1,27,4,4,6,97,6
16701,2021,6,25,5,12,3,2,1,108,99,1,32,5,5,7,104,6
16702,2021,6,25,5,14,3,2,1,109,99,1,35,6,6,8,97,6
16703,2021,6,26,6,12,3,2,1,108,99,1,52,9,9,11,97,6
16704,2021,6,28,1,10,2,1,1,108,99,1,41,7,7,9,104,6
16705,2021,6,28,1,18,4,3,1,108,99,1,38,6,6,8,97,6
16706,2021,6,29,2,9,2,1,1,110,99,1,38,6,6,8,97,6
16707,2021,6,29,2,11,2,1,1,110,99,2,44,7,7,9,97,6
16708,2021,6,29,2,12,3,2,1,109,99,2,39,6,6,8,104,6
16709,2021,6,29,2,14,3,2,1,108,99,2,41,7,7,9,104,6
16710,2021,6,29,2,14,3,2,1,108,99,2,25,4,4,6,104,6
16711,2021,6,29,2,23,4,3,1,110,99,1,26,4,4,6,104,6
16712,2021,6,30,3,8,2,1,3,304,99,1,26,4,4,6,104,6
16713,2021,6,1,2,16,3,2,9,920,99,2,31,5,5,7,104,6
16714,2021,6,2,3,13,3,2,9,920,99,1,30,5,5,7,95,6
16715,2021,6,4,5,15,3,2,9,917,99,1,46,8,8,10,97,6
16716,2021,6,5,6,18,4,3,9,920,99,1,48,8,8,10,95,6
16717,2021,6,7,1,17,3,2,9,920,99,2,22,3,3,5,104,6
16718,2021,6,15,2,19,4,3,9,920,99,1,29,4,4,6,97,6
16719,2021,6,17,4,0,1,1,9,917,99,1,44,7,7,9,97,6
16720,2021,6,17,4,11,2,1,9,920,99,1,38,6,6,8,104,6
16721,2021,6,18,5,12,3,2,9,920,99,2,39,6,6,8,104,6
16722,2021,6,19,6,13,3,2,9,920,99,1,74,11,13,15,97,6
16723,2021,6,22,2,15,3,2,9,920,99,2,18,2,2,4,97,6
16724,2021,6,22,2,16,3,2,9,920,99,1,22,3,3,5,104,6
16725,2021,6,22,2,16,3,2,9,920,99,1,999,12,16,18,97,6
16726,2021,6,24,4,11,2,1,9,920,99,2,35,6,6,8,104,6
16727,2021,6,24,4,15,3,2,9,920,99,1,63,11,11,13,95,6
16728,2021,6,24,4,15,3,2,9,920,99,1,63,11,11,13,95,6
16729,2021,6,24,4,16,3,2,9,920,99,2,21,3,3,5,97,6
16730,2021,6,24,4,16,3,2,9,920,99,1,23,3,3,5,104,6
16731,2021,6,25,5,17,3,2,9,920,99,2,29,4,4,6,104,6
16732,2021,6,25,5,18,4,3,9,917,99,1,22,3,3,5,104,6
16733,2021,6,26,6,10,2,1,9,920,99,1,51,9,9,11,97,6
16734,2021,6,30,3,16,3,2,9,920,99,2,25,4,4,6,104,6
16735,2021,6,21,1,99,5,4,13,1301,99,2,6,1,1,2,15,5
16736,2021,7,1,4,13,3,2,1,117,99,1,40,7,7,9,75,3
16737,2021,7,2,5,20,4,3,1,115,99,1,34,5,5,7,69,3
16738,2021,7,3,6,4,1,1,1,114,99,1,27,4,4,6,69,3
16739,2021,7,3,6,19,4,3,10,1009,99,2,26,4,4,6,75,3
16740,2021,7,3,6,14,3,2,17,1711,99,1,999,12,16,18,69,3
16741,2021,7,3,6,14,3,2,17,1711,99,1,999,12,16,18,69,3
16742,2021,7,5,1,7,2,1,1,117,99,1,32,5,5,7,75,3
16743,2021,7,5,1,18,4,3,19,1911,99,1,32,5,5,7,75,3
16744,2021,7,5,1,10,2,1,5,501,99,1,50,9,9,11,75,3
16745,2021,7,6,2,17,3,2,5,513,99,1,25,4,4,6,75,3
16746,2021,7,7,3,13,3,2,20,2011,99,1,38,6,6,8,75,3
16747,2021,7,7,3,16,3,2,5,501,99,1,54,9,9,11,75,3
16748,2021,7,7,3,16,3,2,17,1707,99,1,27,4,4,6,75,3
16749,2021,7,8,4,9,2,1,1,101,17,1,44,7,7,9,75,3
16750,2021,7,9,5,19,4,3,1,117,99,1,38,6,6,8,75,3
16751,2021,7,10,6,9,2,1,1,101,11,1,40,7,7,9,75,3
16752,2021,7,10,6,19,4,3,1,115,99,1,40,7,7,9,75,3
16753,2021,7,11,7,8,2,1,1,108,99,1,23,3,3,5,72,3
16754,2021,7,11,7,8,2,1,19,1901,99,1,55,10,10,12,75,3
16755,2021,7,11,7,10,2,1,10,1010,99,1,33,5,5,7,75,3
16756,2021,7,12,1,2,1,1,1,115,99,1,49,8,8,10,69,3
16757,2021,7,12,1,22,4,3,1,115,99,1,41,7,7,9,69,3
16758,2021,7,12,1,5,1,1,16,1601,99,1,20,3,3,5,69,3
16759,2021,7,12,1,2,1,1,16,1602,99,1,57,10,10,12,72,3
16760,2021,7,13,2,10,2,1,5,509,99,1,51,9,9,11,69,3
16761,2021,7,13,2,13,3,2,1,115,99,1,61,11,11,13,69,3
16762,2021,7,13,2,14,3,2,1,101,10,1,37,6,6,8,75,3
16763,2021,7,16,5,17,3,2,1,101,10,1,52,9,9,11,75,3
16764,2021,7,16,5,9,2,1,1,117,99,1,29,4,4,6,75,3
16765,2021,7,16,5,16,3,2,19,1904,99,1,72,11,13,15,75,3
16766,2021,7,19,1,16,3,2,1,110,99,1,42,7,7,9,75,3
16767,2021,7,19,1,12,3,2,17,1711,99,1,29,4,4,6,75,3
16768,2021,7,20,2,14,3,2,1,115,99,1,29,4,4,6,69,3
16769,2021,7,20,2,14,3,2,1,115,99,1,29,4,4,6,69,3
16770,2021,7,21,3,17,3,2,1,101,12,1,20,3,3,5,75,3
16771,2021,7,21,3,14,3,2,1,114,99,1,67,11,12,14,75,3
16772,2021,7,21,3,18,4,3,1,117,99,1,39,6,6,8,69,3
16773,2021,7,23,5,6,2,1,1,110,99,1,24,3,3,5,75,3
16774,2021,7,23,5,10,2,1,1,116,99,1,27,4,4,6,75,3
16775,2021,7,24,6,23,4,3,1,101,10,1,31,5,5,7,69,3
16776,2021,7,25,7,2,1,1,18,1801,99,1,47,8,8,10,69,3
16777,2021,7,26,1,10,2,1,6,614,99,1,58,10,10,12,75,3
16778,2021,7,29,4,15,3,2,5,507,99,1,64,11,11,13,75,3
16779,2021,7,29,4,18,4,3,1,101,7,1,39,6,6,8,69,3
16780,2021,8,1,7,9,2,1,19,1905,99,1,30,5,5,7,75,3
16781,2021,8,1,7,18,4,3,5,511,99,1,21,3,3,5,69,3
16782,2021,8,2,1,14,3,2,1,101,11,1,43,7,7,9,69,3
16783,2021,8,2,1,8,2,1,2,201,99,1,60,11,11,13,75,3
16784,2021,8,3,2,11,2,1,1,115,99,1,53,9,9,11,69,3
16785,2021,8,4,3,20,4,3,5,501,99,1,38,6,6,8,75,3
16786,2021,8,6,5,11,2,1,1,101,3,1,42,7,7,9,69,3
16787,2021,8,6,5,20,4,3,1,101,11,1,45,8,8,10,75,3
16788,2021,8,7,6,11,2,1,1,101,7,1,70,11,13,15,75,3
16789,2021,8,7,6,9,2,1,5,514,99,1,38,6,6,8,75,3
16790,2021,8,8,7,23,4,3,1,108,99,1,29,4,4,6,69,3
16791,2021,8,8,7,23,4,3,1,108,99,2,27,4,4,6,69,3
16792,2021,8,8,7,8,2,1,21,2101,99,1,48,8,8,10,69,3
16793,2021,8,8,7,4,1,1,5,506,99,1,28,4,4,6,69,3
16794,2021,8,9,1,13,3,2,1,108,99,1,40,7,7,9,75,3
16795,2021,8,9,1,10,2,1,1,101,11,1,27,4,4,6,75,3
16796,2021,8,11,3,10,2,1,1,116,99,1,79,11,14,16,75,3
16797,2021,8,12,4,12,3,2,1,115,99,1,38,6,6,8,75,3
16798,2021,8,13,5,17,3,2,10,1010,99,1,35,6,6,8,72,3
16799,2021,8,13,5,15,3,2,17,1705,99,2,20,3,3,5,75,3
16800,2021,8,13,5,0,1,1,2,203,99,1,32,5,5,7,75,3
16801,2021,8,15,7,17,3,2,6,613,99,1,62,11,11,13,75,3
16802,2021,8,15,7,17,3,2,6,613,99,1,62,11,11,13,75,3
16803,2021,8,15,7,17,3,2,6,613,99,1,68,11,12,14,75,3
16804,2021,8,16,1,4,1,1,1,101,8,1,27,4,4,6,75,3
16805,2021,8,16,1,16,3,2,21,2101,99,1,61,11,11,13,75,3
16806,2021,8,16,1,8,2,1,16,1607,99,1,56,10,10,12,75,3
16807,2021,8,16,1,13,3,2,18,1805,99,1,38,6,6,8,75,3
16808,2021,8,16,1,9,2,1,6,610,99,1,62,11,11,13,75,3
16809,2021,8,17,2,14,3,2,1,116,99,1,44,7,7,9,75,3
16810,2021,8,17,2,12,3,2,19,1904,99,1,65,11,12,14,75,3
16811,2021,8,17,2,21,4,3,1,108,99,1,47,8,8,10,75,3
16812,2021,8,17,2,17,3,2,5,501,99,1,73,11,13,15,69,3
16813,2021,8,19,4,14,3,2,18,1801,99,1,32,5,5,7,69,3
16814,2021,8,19,4,21,4,3,1,101,15,1,32,5,5,7,75,3
16815,2021,8,20,5,14,3,2,1,106,99,1,28,4,4,6,75,3
16816,2021,8,20,5,13,3,2,17,1701,99,1,19,2,2,4,75,3
16817,2021,8,21,6,23,4,3,9,901,99,1,26,4,4,6,75,3
16818,2021,8,21,6,8,2,1,17,1711,99,1,999,12,16,18,75,3
16819,2021,8,21,6,10,2,1,6,601,99,1,19,2,2,4,75,3
16820,2021,8,21,6,22,4,3,18,1801,99,1,28,4,4,6,75,3
16821,2021,8,23,1,12,3,2,2,201,99,1,45,8,8,10,75,3
16822,2021,8,24,2,16,3,2,1,115,99,1,27,4,4,6,75,3
16823,2021,8,24,2,12,3,2,19,1901,99,1,49,8,8,10,75,3
16824,2021,8,25,3,8,2,1,1,101,16,1,49,8,8,10,69,3
16825,2021,8,25,3,8,2,1,1,101,16,1,49,8,8,10,69,3
16826,2021,8,25,3,18,4,3,1,108,99,1,44,7,7,9,75,3
16827,2021,8,25,3,10,2,1,18,1803,99,1,62,11,11,13,75,3
16828,2021,8,26,4,20,4,3,1,101,7,1,24,3,3,5,69,3
16829,2021,8,26,4,10,2,1,6,601,99,1,55,10,10,12,75,3
16830,2021,8,26,4,20,4,3,18,1805,99,1,42,7,7,9,75,3
16831,2021,8,27,5,10,2,1,17,1701,99,2,39,6,6,8,69,3
16832,2021,8,27,5,10,2,1,17,1701,99,2,39,6,6,8,69,3
16833,2021,8,27,5,19,4,3,1,108,99,1,35,6,6,8,69,3
16834,2021,8,28,6,9,2,1,1,115,99,1,49,8,8,10,69,3
16835,2021,8,29,7,13,3,2,18,1802,99,1,38,6,6,8,69,3
16836,2021,8,30,1,9,2,1,1,101,16,1,46,8,8,10,69,3
16837,2021,8,30,1,5,1,1,5,511,99,1,31,5,5,7,75,3
16838,2021,8,30,1,12,3,2,2,201,99,1,55,10,10,12,75,3
16839,2021,7,1,4,13,3,2,1,102,99,1,54,9,9,11,19,3
16840,2021,7,1,4,19,4,3,1,103,99,1,24,3,3,5,81,3
16841,2021,7,1,4,14,3,2,1,115,99,1,30,5,5,7,21,3
16842,2021,7,2,5,7,2,1,1,109,99,1,32,5,5,7,21,3
16843,2021,7,2,5,0,1,1,9,920,99,1,999,12,16,18,21,3
16844,2021,7,2,5,11,2,1,4,407,99,2,999,12,16,18,20,3
16845,2021,7,3,6,23,4,3,1,101,7,1,35,6,6,8,19,3
16846,2021,7,3,6,14,3,2,5,509,99,2,26,4,4,6,81,3
16847,2021,7,3,6,19,4,3,10,1009,99,2,26,4,4,6,81,3
16848,2021,7,3,6,14,3,2,17,1711,99,1,999,12,16,18,19,3
16849,2021,7,4,7,14,3,2,1,114,99,1,41,7,7,9,81,3
16850,2021,7,4,7,20,4,3,12,1201,99,1,999,12,16,18,81,3
16851,2021,7,4,7,8,2,1,15,1503,99,1,999,12,16,18,81,3
16852,2021,7,5,1,1,1,1,17,1703,99,1,999,12,16,18,21,3
16853,2021,7,6,2,17,3,2,1,101,12,1,44,7,7,9,20,3
16854,2021,7,6,2,11,2,1,22,2205,99,1,24,3,3,5,81,3
16855,2021,7,6,2,17,3,2,5,513,99,1,25,4,4,6,81,3
16856,2021,7,6,2,5,1,1,9,901,99,1,27,4,4,6,20,3
16857,2021,7,7,3,11,2,1,1,101,6,2,51,9,9,11,19,3
16858,2021,7,7,3,19,4,3,16,1612,99,2,46,8,8,10,19,3
16859,2021,7,8,4,8,2,1,22,2202,99,1,39,6,6,8,20,3
16860,2021,7,8,4,12,3,2,11,1101,99,2,47,8,8,10,19,3
16861,2021,7,8,4,12,3,2,12,1221,99,1,999,12,16,18,81,3
16862,2021,7,8,4,17,3,2,16,1601,99,2,59,10,10,12,20,3
16863,2021,7,8,4,14,3,2,14,1404,99,2,28,4,4,6,81,3
16864,2021,7,8,4,11,2,1,4,401,99,1,30,5,5,7,21,3
16865,2021,7,9,5,10,2,1,12,1215,99,2,21,3,3,5,20,3
16866,2021,7,10,6,1,1,1,1,115,99,1,38,6,6,8,81,3
16867,2021,7,10,6,9,2,1,9,901,99,2,25,4,4,6,81,3
16868,2021,7,10,6,19,4,3,18,1802,99,1,999,12,16,18,21,3
16869,2021,7,10,6,15,3,2,7,717,99,1,34,5,5,7,21,3
16870,2021,7,11,7,8,2,1,1,101,4,1,50,9,9,11,20,3
16871,2021,7,11,7,7,2,1,1,101,18,1,44,7,7,9,20,3
16872,2021,7,11,7,9,2,1,1,116,99,1,999,12,16,18,21,3
16873,2021,7,11,7,22,4,3,1,114,99,1,33,5,5,7,19,3
16874,2021,7,11,7,14,3,2,5,501,99,1,999,12,16,18,19,3
16875,2021,7,11,7,14,3,2,6,602,99,1,999,12,16,18,20,3
16876,2021,7,11,7,4,1,1,3,309,99,1,999,12,16,18,20,3
16877,2021,7,12,1,8,2,1,12,1202,99,2,999,12,16,18,19,3
16878,2021,7,12,1,21,4,3,13,1301,99,1,33,5,5,7,20,3
16879,2021,7,13,2,8,2,1,7,701,99,2,999,12,16,18,20,3
16880,2021,7,13,2,23,4,3,20,2001,99,2,25,4,4,6,20,3
16881,2021,7,14,3,21,4,3,1,113,99,2,39,6,6,8,19,3
16882,2021,7,14,3,1,1,1,9,917,99,2,999,12,16,18,19,3
16883,2021,7,14,3,4,1,1,13,1307,99,1,999,12,16,18,20,3
16884,2021,7,14,3,17,3,2,4,411,99,1,23,3,3,5,81,3
16885,2021,7,15,4,10,2,1,16,1602,99,2,18,2,2,4,21,3
16886,2021,7,15,4,18,4,3,17,1701,99,1,29,4,4,6,19,3
16887,2021,7,16,5,20,4,3,5,504,99,1,24,3,3,5,19,3
16888,2021,7,17,6,2,1,1,6,602,99,1,34,5,5,7,21,3
16889,2021,7,17,6,0,1,1,5,511,99,1,31,5,5,7,19,3
16890,2021,7,17,6,4,1,1,5,501,99,1,54,9,9,11,20,3
16891,2021,7,18,7,12,3,2,15,1504,99,2,33,5,5,7,20,3
16892,2021,7,18,7,16,3,2,9,922,99,1,49,8,8,10,19,3
16893,2021,7,19,1,7,2,1,1,101,8,2,42,7,7,9,21,3
16894,2021,7,19,1,9,2,1,1,101,10,1,44,7,7,9,21,3
16895,2021,7,19,1,12,3,2,17,1711,99,1,29,4,4,6,81,3
16896,2021,7,20,2,10,2,1,1,101,15,2,31,5,5,7,20,3
16897,2021,7,20,2,12,3,2,1,101,7,2,999,12,16,18,19,3
16898,2021,7,20,2,14,3,2,5,501,99,2,19,2,2,4,20,3
16899,2021,7,20,2,15,3,2,6,611,99,2,41,7,7,9,81,3
16900,2021,7,20,2,14,3,2,1,115,99,1,29,4,4,6,21,3
16901,2021,7,21,3,17,3,2,1,101,21,2,41,7,7,9,20,3
16902,2021,7,21,3,19,4,3,1,117,99,1,39,6,6,8,20,3
16903,2021,7,21,3,5,1,1,11,1105,99,1,999,12,16,18,20,3
16904,2021,7,21,3,11,2,1,11,1102,99,2,40,7,7,9,19,3
16905,2021,7,21,3,3,1,1,16,1601,99,1,22,3,3,5,21,3
16906,2021,7,22,4,3,1,1,22,2201,99,2,29,4,4,6,20,3
16907,2021,7,22,4,9,2,1,9,901,99,1,26,4,4,6,20,3
16908,2021,7,23,5,12,3,2,1,101,4,1,21,3,3,5,21,3
16909,2021,7,23,5,13,3,2,1,105,99,1,32,5,5,7,32,3
16910,2021,7,23,5,11,2,1,1,101,15,1,34,5,5,7,21,3
16911,2021,7,23,5,21,4,3,1,103,99,1,44,7,7,9,19,3
16912,2021,7,23,5,20,4,3,11,1101,99,1,26,4,4,6,19,3
16913,2021,7,23,5,11,2,1,9,901,99,2,38,6,6,8,21,3
16914,2021,7,23,5,10,2,1,1,116,99,1,27,4,4,6,19,3
16915,2021,7,23,5,16,3,2,3,309,99,1,48,8,8,10,19,3
16916,2021,7,24,6,17,3,2,1,101,11,1,999,12,16,18,20,3
16917,2021,7,24,6,20,4,3,1,101,12,1,999,12,16,18,32,3
16918,2021,7,24,6,18,4,3,1,114,99,2,19,2,2,4,81,3
16919,2021,7,24,6,10,2,1,20,2001,99,1,44,7,7,9,19,3
16920,2021,7,24,6,15,3,2,13,1301,99,1,999,12,16,18,21,3
16921,2021,7,24,6,19,4,3,4,406,99,1,999,12,16,18,32,3
16922,2021,7,25,7,22,4,3,1,116,99,1,27,4,4,6,21,3
16923,2021,7,25,7,0,1,1,19,1908,99,1,999,12,16,18,21,3
16924,2021,7,26,1,8,2,1,1,101,18,1,35,6,6,8,20,3
16925,2021,7,26,1,17,3,2,1,102,99,2,55,10,10,12,19,3
16926,2021,7,26,1,13,3,2,1,101,7,1,24,3,3,5,21,3
16927,2021,7,27,2,8,2,1,1,101,1,1,25,4,4,6,21,3
16928,2021,7,27,2,10,2,1,2,204,99,2,45,8,8,10,81,3
16929,2021,7,27,2,10,2,1,2,203,99,1,999,12,16,18,21,3
16930,2021,7,28,3,11,2,1,5,508,99,1,31,5,5,7,32,3
16931,2021,7,28,3,15,3,2,12,1201,99,1,999,12,16,18,81,3
16932,2021,7,28,3,2,1,1,7,701,99,2,57,10,10,12,20,3
16933,2021,7,29,4,19,4,3,1,101,4,1,21,3,3,5,21,3
16934,2021,7,29,4,9,2,1,1,110,99,1,27,4,4,6,81,3
16935,2021,7,29,4,16,3,2,1,108,99,1,35,6,6,8,21,3
16936,2021,7,29,4,17,3,2,21,2102,99,2,24,3,3,5,21,3
16937,2021,7,30,5,6,2,1,1,101,7,1,19,2,2,4,20,3
16938,2021,7,31,6,18,4,3,5,501,99,1,38,6,6,8,81,3
16939,2021,7,31,6,2,1,1,12,1201,99,1,33,5,5,7,19,3
16940,2021,7,31,6,11,2,1,8,801,99,1,37,6,6,8,20,3
16941,2021,8,1,7,11,2,1,1,101,9,1,30,5,5,7,20,3
16942,2021,8,1,7,17,3,2,1,101,7,1,999,12,16,18,21,3
16943,2021,8,1,7,17,3,2,20,2001,99,1,999,12,16,18,21,3
16944,2021,8,1,7,9,2,1,19,1905,99,1,30,5,5,7,81,3
16945,2021,8,1,7,2,1,1,5,513,99,1,47,8,8,10,81,3
16946,2021,8,2,1,14,3,2,22,2201,99,1,999,12,16,18,78,3
16947,2021,8,2,1,13,3,2,21,2103,99,1,999,12,16,18,21,3
16948,2021,8,2,1,8,2,1,11,1102,99,2,33,5,5,7,20,3
16949,2021,8,2,1,11,2,1,12,1202,99,2,999,12,16,18,21,3
16950,2021,8,3,2,6,2,1,12,1217,99,1,999,12,16,18,20,3
16951,2021,8,4,3,19,4,3,1,101,1,1,29,4,4,6,21,3
16952,2021,8,4,3,20,4,3,5,501,99,1,38,6,6,8,21,3
16953,2021,8,4,3,14,3,2,12,1215,99,1,999,12,16,18,21,3
16954,2021,8,4,3,19,4,3,12,1201,99,1,36,6,6,8,21,3
16955,2021,8,5,4,19,4,3,1,106,99,2,50,9,9,11,78,3
16956,2021,8,5,4,11,2,1,16,1609,99,1,43,7,7,9,21,3
16957,2021,8,6,5,17,3,2,22,2207,99,2,999,12,16,18,19,3
16958,2021,8,6,5,3,1,1,12,1215,99,2,55,10,10,12,81,3
16959,2021,8,6,5,7,2,1,16,1604,99,1,47,8,8,10,81,3
16960,2021,8,7,6,7,2,1,1,103,99,1,47,8,8,10,21,3
16961,2021,8,7,6,18,4,3,1,103,99,2,37,6,6,8,19,3
16962,2021,8,7,6,11,2,1,1,101,7,1,70,11,13,15,81,3
16963,2021,8,7,6,19,4,3,1,108,99,2,999,12,16,18,19,3
16964,2021,8,7,6,19,4,3,1,108,99,2,999,12,16,18,19,3
16965,2021,8,7,6,21,4,3,11,1101,99,1,57,10,10,12,19,3
16966,2021,8,7,6,8,2,1,15,1507,99,2,999,12,16,18,19,3
16967,2021,8,8,7,9,2,1,1,114,99,2,31,5,5,7,19,3
16968,2021,8,8,7,8,2,1,5,511,99,1,999,12,16,18,21,3
16969,2021,8,8,7,14,3,2,10,1010,99,1,999,12,16,18,21,3
16970,2021,8,8,7,13,3,2,11,1101,99,2,24,3,3,5,21,3
16971,2021,8,8,7,5,1,1,17,1702,99,2,999,12,16,18,81,3
16972,2021,8,8,7,15,3,2,14,1401,99,2,40,7,7,9,81,3
16973,2021,8,8,7,15,3,2,4,415,99,1,999,12,16,18,81,3
16974,2021,8,9,1,13,3,2,1,101,12,1,999,12,16,18,32,3
16975,2021,8,9,1,12,3,2,1,108,99,2,56,10,10,12,21,3
16976,2021,8,9,1,16,3,2,10,1001,99,1,999,12,16,18,19,3
16977,2021,8,9,1,2,1,1,13,1320,99,1,22,3,3,5,35,3
16978,2021,8,10,2,23,4,3,1,101,12,1,20,3,3,5,20,3
16979,2021,8,10,2,6,2,1,1,108,99,2,18,2,2,4,20,3
16980,2021,8,10,2,16,3,2,9,904,99,2,26,4,4,6,20,3
16981,2021,8,10,2,13,3,2,8,801,99,2,28,4,4,6,81,3
16982,2021,8,11,3,12,3,2,1,108,99,2,28,4,4,6,19,3
16983,2021,8,11,3,3,1,1,8,802,99,1,51,9,9,11,19,3
16984,2021,8,11,3,17,3,2,4,416,99,1,17,2,2,4,20,3
16985,2021,8,12,4,12,3,2,1,115,99,1,38,6,6,8,81,3
16986,2021,8,12,4,12,3,2,5,510,99,2,46,8,8,10,81,3
16987,2021,8,12,4,19,4,3,4,401,99,1,39,6,6,8,21,3
16988,2021,8,12,4,0,1,1,9,920,99,1,18,2,2,4,19,3
16989,2021,8,12,4,12,3,2,1,114,99,2,31,5,5,7,81,3
16990,2021,8,12,4,17,3,2,1,108,99,2,33,5,5,7,81,3
16991,2021,8,12,4,14,3,2,1,101,4,2,41,7,7,9,21,3
16992,2021,8,13,5,16,3,2,1,101,9,1,39,6,6,8,19,3
16993,2021,8,13,5,18,4,3,7,717,99,2,41,7,7,9,81,3
16994,2021,8,14,6,11,2,1,1,101,4,1,999,12,16,18,20,3
16995,2021,8,14,6,7,2,1,3,307,99,1,25,4,4,6,21,3
16996,2021,8,15,7,20,4,3,1,103,99,2,41,7,7,9,19,3
16997,2021,8,15,7,20,4,3,1,108,99,1,36,6,6,8,19,3
16998,2021,8,15,7,21,4,3,21,2101,99,2,46,8,8,10,20,3
16999,2021,8,15,7,9,2,1,6,608,99,1,30,5,5,7,21,3
17000,2021,8,15,7,17,3,2,6,613,99,1,62,11,11,13,81,3
17001,2021,8,15,7,19,4,3,12,1205,99,1,43,7,7,9,19,3
17002,2021,8,15,7,15,3,2,1,101,10,2,53,9,9,11,21,3
17003,2021,8,16,1,16,3,2,21,2101,99,1,61,11,11,13,81,3
17004,2021,8,16,1,8,2,1,16,1607,99,1,56,10,10,12,81,3
17005,2021,8,16,1,0,1,1,17,1710,99,1,57,10,10,12,81,3
17006,2021,8,16,1,13,3,2,18,1805,99,1,38,6,6,8,81,3
17007,2021,8,16,1,21,4,3,1,106,99,1,20,3,3,5,81,3
17008,2021,8,16,1,7,2,1,1,115,99,1,40,7,7,9,21,3
17009,2021,8,16,1,8,2,1,1,115,99,1,36,6,6,8,21,3
17010,2021,8,16,1,7,2,1,1,101,10,2,36,6,6,8,21,3
17011,2021,8,17,2,12,3,2,1,116,99,1,40,7,7,9,81,3
17012,2021,8,17,2,15,3,2,1,116,99,1,44,7,7,9,81,3
17013,2021,8,17,2,12,3,2,19,1904,99,1,65,11,12,14,81,3
17014,2021,8,18,3,9,2,1,1,108,99,2,35,6,6,8,21,3
17015,2021,8,18,3,14,3,2,9,920,99,1,999,12,16,18,20,3
17016,2021,8,18,3,19,4,3,7,715,99,1,60,11,11,13,19,3
17017,2021,8,19,4,13,3,2,1,101,24,1,36,6,6,8,81,3
17018,2021,8,19,4,7,2,1,1,117,99,2,28,4,4,6,81,3
17019,2021,8,19,4,19,4,3,1,110,99,1,999,12,16,18,81,3
17020,2021,8,19,4,18,4,3,21,2107,99,2,29,4,4,6,20,3
17021,2021,8,19,4,19,4,3,5,501,99,1,999,12,16,18,32,3
17022,2021,8,19,4,21,4,3,17,1704,99,1,30,5,5,7,20,3
17023,2021,8,21,6,21,4,3,1,102,99,2,29,4,4,6,19,3
17024,2021,8,21,6,3,1,1,13,1301,99,1,29,4,4,6,19,3
17025,2021,8,22,7,13,3,2,1,101,9,1,39,6,6,8,20,3
17026,2021,8,23,1,19,4,3,1,108,99,2,67,11,12,14,81,3
17027,2021,8,23,1,1,1,1,13,1309,99,1,999,12,16,18,20,3
17028,2021,8,23,1,13,3,2,16,1613,99,2,44,7,7,9,19,3
17029,2021,8,23,1,17,3,2,14,1412,99,1,33,5,5,7,81,3
17030,2021,8,24,2,13,3,2,21,2106,99,1,999,12,16,18,21,3
17031,2021,8,24,2,17,3,2,12,1201,99,1,999,12,16,18,19,3
17032,2021,8,25,3,12,3,2,1,101,18,1,999,12,16,18,81,3
17033,2021,8,25,3,8,2,1,1,101,16,1,49,8,8,10,19,3
17034,2021,8,25,3,20,4,3,5,506,99,1,33,5,5,7,20,3
17035,2021,8,25,3,17,3,2,12,1204,99,1,999,12,16,18,21,3
17036,2021,8,26,4,5,1,1,1,101,1,1,32,5,5,7,20,3
17037,2021,8,26,4,4,1,1,1,103,99,1,38,6,6,8,20,3
17038,2021,8,26,4,13,3,2,1,115,99,1,39,6,6,8,21,3
17039,2021,8,26,4,18,4,3,11,1108,99,1,999,12,16,18,19,3
17040,2021,8,27,5,7,2,1,5,501,99,1,29,4,4,6,20,3
17041,2021,8,27,5,10,2,1,17,1701,99,2,39,6,6,8,20,3
17042,2021,8,27,5,21,4,3,12,1222,99,1,999,12,16,18,19,3
17043,2021,8,27,5,8,2,1,5,501,99,1,29,4,4,6,20,3
17044,2021,8,27,5,18,4,3,16,1601,99,1,29,4,4,6,20,3
17045,2021,8,27,5,8,2,1,15,1501,99,1,999,12,16,18,20,3
17046,2021,8,27,5,5,1,1,12,1220,99,1,999,12,16,18,20,3
17047,2021,8,28,6,7,2,1,1,101,18,1,47,8,8,10,21,3
17048,2021,8,28,6,9,2,1,1,115,99,1,49,8,8,10,19,3
17049,2021,8,28,6,0,1,1,1,108,99,1,41,7,7,9,81,3
17050,2021,8,28,6,14,3,2,9,917,99,1,999,12,16,18,19,3
17051,2021,8,28,6,17,3,2,9,918,99,2,38,6,6,8,19,3
17052,2021,8,28,6,0,1,1,17,1708,99,2,999,12,16,18,81,3
17053,2021,8,29,7,12,3,2,1,106,99,1,19,2,2,4,20,3
17054,2021,8,29,7,13,3,2,18,1801,99,1,41,7,7,9,20,3
17055,2021,8,29,7,6,2,1,12,1202,99,2,50,9,9,11,20,3
17056,2021,8,29,7,17,3,2,9,901,99,2,999,12,16,18,20,3
17057,2021,8,30,1,15,3,2,9,920,99,1,999,12,16,18,20,3
17058,2021,8,30,1,22,4,3,13,1320,99,1,33,5,5,7,20,3
17059,2021,8,30,1,10,2,1,18,1801,99,1,42,7,7,9,20,3
17060,2021,7,1,4,18,4,3,21,2101,99,1,19,2,2,4,30,3
17061,2021,7,1,4,14,3,2,19,1901,99,1,20,3,3,5,30,3
17062,2021,7,2,5,17,3,2,1,101,3,1,43,7,7,9,30,3
17063,2021,7,2,5,7,2,1,1,101,1,1,17,2,2,4,30,3
17064,2021,7,3,6,10,2,1,1,101,8,2,38,6,6,8,30,3
17065,2021,7,3,6,4,1,1,1,101,17,1,17,2,2,4,30,3
17066,2021,7,3,6,14,3,2,1,115,99,1,999,12,16,18,30,3
17067,2021,7,3,6,4,1,1,1,114,99,1,27,4,4,6,30,3
17068,2021,7,3,6,21,4,3,1,114,99,1,32,5,5,7,30,3
17069,2021,7,3,6,17,3,2,13,1301,99,1,22,3,3,5,30,3
17070,2021,7,4,7,7,2,1,1,101,18,2,27,4,4,6,30,3
17071,2021,7,4,7,15,3,2,5,501,99,2,999,12,16,18,30,3
17072,2021,7,4,7,17,3,2,16,1611,99,1,17,2,2,4,30,3
17073,2021,7,4,7,22,4,3,4,401,99,1,21,3,3,5,30,3
17074,2021,7,4,7,20,4,3,3,315,99,1,24,3,3,5,30,3
17075,2021,7,4,7,22,4,3,3,304,99,2,15,2,2,4,30,3
17076,2021,7,5,1,17,3,2,9,901,99,2,32,5,5,7,30,3
17077,2021,7,5,1,19,4,3,6,602,99,2,999,12,16,18,30,3
17078,2021,7,6,2,12,3,2,1,101,1,1,24,3,3,5,30,3
17079,2021,7,6,2,18,4,3,1,101,4,1,18,2,2,4,30,3
17080,2021,7,7,3,0,1,1,22,2204,99,2,22,3,3,5,30,3
17081,2021,7,8,4,19,4,3,1,108,99,2,15,2,2,4,30,3
17082,2021,7,9,5,12,3,2,1,115,99,2,18,2,2,4,30,3
17083,2021,7,9,5,18,4,3,16,1610,99,1,17,2,2,4,30,3
17084,2021,7,10,6,17,3,2,1,115,99,1,17,2,2,4,30,3
17085,2021,7,11,7,19,4,3,22,2212,99,1,35,6,6,8,30,3
17086,2021,7,11,7,21,4,3,1,108,99,1,40,7,7,9,30,3
17087,2021,7,12,1,9,2,1,1,117,99,2,31,5,5,7,30,3
17088,2021,7,13,2,18,4,3,15,1501,99,1,14,1,1,3,30,3
17089,2021,7,13,2,9,2,1,13,1301,99,2,22,3,3,5,30,3
17090,2021,7,15,4,22,4,3,18,1801,99,1,18,2,2,4,30,3
17091,2021,7,16,5,15,3,2,16,1604,99,1,14,1,1,3,30,3
17092,2021,7,16,5,15,3,2,17,1703,99,2,18,2,2,4,30,3
17093,2021,7,17,6,14,3,2,1,108,99,1,999,12,16,18,30,3
17094,2021,7,17,6,10,2,1,16,1612,99,2,28,4,4,6,30,3
17095,2021,7,17,6,13,3,2,17,1710,99,1,999,12,16,18,30,3
17096,2021,7,17,6,23,4,3,4,401,99,1,19,2,2,4,30,3
17097,2021,7,18,7,17,3,2,1,101,1,1,44,7,7,9,30,3
17098,2021,7,18,7,12,3,2,1,115,99,2,999,12,16,18,30,3
17099,2021,7,18,7,18,4,3,16,1615,99,1,21,3,3,5,30,3
17100,2021,7,18,7,12,3,2,15,1501,99,2,33,5,5,7,30,3
17101,2021,7,19,1,14,3,2,3,304,99,1,999,12,16,18,30,3
17102,2021,7,21,3,16,3,2,1,101,1,1,999,12,16,18,30,3
17103,2021,7,21,3,17,3,2,10,1001,99,1,25,4,4,6,30,3
17104,2021,7,21,3,0,1,1,12,1219,99,1,78,11,14,16,30,3
17105,2021,7,23,5,14,3,2,1,101,1,1,23,3,3,5,30,3
17106,2021,7,23,5,9,2,1,21,2101,99,1,49,8,8,10,30,3
17107,2021,7,24,6,19,4,3,1,101,1,1,24,3,3,5,30,3
17108,2021,7,24,6,21,4,3,1,101,3,1,40,7,7,9,30,3
17109,2021,7,24,6,21,4,3,5,501,99,1,15,2,2,4,30,3
17110,2021,7,24,6,14,3,2,10,1012,99,2,10,1,1,3,30,3
17111,2021,7,25,7,12,3,2,1,101,8,1,28,4,4,6,30,3
17112,2021,7,25,7,18,4,3,1,101,7,1,999,12,16,18,30,3
17113,2021,7,25,7,20,4,3,14,1420,99,2,20,3,3,5,30,3
17114,2021,7,25,7,11,2,1,14,1416,99,2,36,6,6,8,30,3
17115,2021,7,26,1,19,4,3,1,115,99,1,20,3,3,5,30,3
17116,2021,7,26,1,16,3,2,21,2101,99,2,19,2,2,4,30,3
17117,2021,7,26,1,15,3,2,5,505,99,1,999,12,16,18,30,3
17118,2021,7,26,1,18,4,3,5,506,99,2,31,5,5,7,30,3
17119,2021,7,26,1,0,1,1,12,1222,99,1,24,3,3,5,30,3
17120,2021,7,27,2,20,4,3,5,501,99,1,31,5,5,7,30,3
17121,2021,7,27,2,19,4,3,9,901,99,1,17,2,2,4,80,3
17122,2021,7,28,3,19,4,3,9,919,99,2,44,7,7,9,80,3
17123,2021,7,28,3,1,1,1,14,1413,99,2,999,12,16,18,80,3
17124,2021,7,29,4,18,4,3,1,101,7,1,39,6,6,8,30,3
17125,2021,7,29,4,17,3,2,12,1222,99,2,13,1,1,3,30,3
17126,2021,7,29,4,12,3,2,16,1609,99,2,15,2,2,4,30,3
17127,2021,8,1,7,18,4,3,4,412,99,1,999,12,16,18,30,3
17128,2021,8,3,2,12,3,2,16,1613,99,2,10,1,1,3,30,3
17129,2021,8,3,2,10,2,1,22,2201,99,2,15,2,2,4,30,3
17130,2021,8,4,3,0,1,1,6,613,99,1,21,3,3,5,30,3
17131,2021,8,4,3,19,4,3,12,1201,99,1,36,6,6,8,30,3
17132,2021,8,5,4,15,3,2,5,511,99,1,16,2,2,4,30,3
17133,2021,8,6,5,8,2,1,1,103,99,1,37,6,6,8,30,3
17134,2021,8,6,5,8,2,1,19,1901,99,2,32,5,5,7,30,3
17135,2021,8,6,5,5,1,1,16,1601,99,2,24,3,3,5,30,3
17136,2021,8,8,7,12,3,2,5,501,99,1,35,6,6,8,30,3
17137,2021,8,9,1,18,4,3,2,203,99,1,18,2,2,4,30,3
17138,2021,8,10,2,19,4,3,1,101,10,1,26,4,4,6,30,3
17139,2021,8,10,2,19,4,3,1,101,10,1,34,5,5,7,30,3
17140,2021,8,10,2,17,3,2,8,805,99,1,40,7,7,9,30,3
17141,2021,8,10,2,10,2,1,16,1608,99,2,51,9,9,11,30,3
17142,2021,8,11,3,17,3,2,1,101,7,1,40,7,7,9,30,3
17143,2021,8,11,3,17,3,2,1,101,7,1,21,3,3,5,30,3
17144,2021,8,12,4,19,4,3,16,1601,99,1,19,2,2,4,30,3
17145,2021,8,13,5,0,1,1,16,1612,99,1,20,3,3,5,30,3
17146,2021,8,17,2,11,2,1,14,1405,99,2,55,10,10,12,30,3
17147,2021,8,18,3,8,2,1,1,101,11,1,40,7,7,9,30,3
17148,2021,8,18,3,17,3,2,20,2001,99,2,999,12,16,18,30,3
17149,2021,8,18,3,21,4,3,17,1701,99,2,999,12,16,18,30,3
17150,2021,8,20,5,15,3,2,5,501,99,1,48,8,8,10,30,3
17151,2021,8,20,5,17,3,2,9,901,99,1,23,3,3,5,30,3
17152,2021,8,23,1,17,3,2,1,101,18,2,21,3,3,5,30,3
17153,2021,8,23,1,19,4,3,9,901,99,1,999,12,16,18,30,3
17154,2021,8,25,3,9,2,1,5,501,99,1,28,4,4,6,30,3
17155,2021,8,25,3,19,4,3,10,1001,99,1,999,12,16,18,30,3
17156,2021,8,26,4,20,4,3,1,101,7,1,24,3,3,5,30,3
17157,2021,8,27,5,23,4,3,1,108,99,2,30,5,5,7,30,3
17158,2021,8,27,5,11,2,1,10,1001,99,2,32,5,5,7,30,3
17159,2021,8,29,7,19,4,3,16,1617,99,1,54,9,9,11,80,3
17160,2021,8,29,7,13,3,2,5,502,99,1,20,3,3,5,30,3
17161,2021,8,30,1,14,3,2,1,101,1,1,22,3,3,5,30,3
17162,2021,8,30,1,9,2,1,1,101,16,1,46,8,8,10,30,3
17163,2021,8,30,1,17,3,2,14,1401,99,1,999,12,16,18,30,3
17164,2021,7,1,4,17,3,2,1,107,99,2,17,2,2,4,71,5
17165,2021,7,1,4,6,2,1,1,101,7,1,20,3,3,5,71,5
17166,2021,7,1,4,9,2,1,1,117,99,2,53,9,9,11,71,5
17167,2021,7,1,4,8,2,1,1,108,99,2,20,3,3,5,71,5
17168,2021,7,1,4,18,4,3,1,108,99,2,67,11,12,14,71,5
17169,2021,7,1,4,19,4,3,1,101,19,2,20,3,3,5,71,5
17170,2021,7,1,4,12,3,2,17,1703,99,1,5,1,1,2,71,5
17171,2021,7,1,4,6,2,1,3,315,99,2,14,1,1,3,71,5
17172,2021,7,2,5,10,2,1,1,110,99,1,23,3,3,5,71,5
17173,2021,7,2,5,5,1,1,1,108,99,1,41,7,7,9,71,5
17174,2021,7,2,5,17,3,2,13,1320,99,1,20,3,3,5,71,5
17175,2021,7,2,5,6,2,1,15,1508,99,1,44,7,7,9,71,5
17176,2021,7,3,6,15,3,2,1,116,99,2,15,2,2,4,71,5
17177,2021,7,3,6,22,4,3,1,108,99,1,15,2,2,4,71,5
17178,2021,7,3,6,15,3,2,8,801,99,2,15,2,2,4,71,5
17179,2021,7,3,6,14,3,2,8,801,99,1,17,2,2,4,71,5
17180,2021,7,3,6,17,3,2,18,1804,99,2,14,1,1,3,71,5
17181,2021,7,3,6,19,4,3,18,1801,99,2,7,1,1,2,71,5
17182,2021,7,3,6,11,2,1,4,403,99,2,17,2,2,4,71,5
17183,2021,7,3,6,10,2,1,4,401,99,2,17,2,2,4,71,5
17184,2021,7,3,6,4,1,1,4,408,99,1,16,2,2,4,71,5
17185,2021,7,3,6,7,2,1,10,1008,99,2,36,6,6,8,71,5
17186,2021,7,4,7,15,3,2,1,101,11,1,15,2,2,4,71,5
17187,2021,7,4,7,11,2,1,1,108,99,2,12,1,1,3,71,5
17188,2021,7,4,7,20,4,3,1,110,99,1,15,2,2,4,71,5
17189,2021,7,4,7,18,4,3,1,108,99,2,13,1,1,3,71,5
17190,2021,7,4,7,19,4,3,22,2205,99,2,11,1,1,3,71,5
17191,2021,7,4,7,13,3,2,22,2212,99,2,19,2,2,4,71,5
17192,2021,7,4,7,17,3,2,19,1911,99,2,21,3,3,5,71,5
17193,2021,7,4,7,17,3,2,19,1905,99,2,15,2,2,4,71,5
17194,2021,7,4,7,21,4,3,2,206,99,2,18,2,2,4,71,5
17195,2021,7,4,7,7,2,1,18,1804,99,1,17,2,2,4,71,5
17196,2021,7,4,7,8,2,1,7,705,99,1,55,10,10,12,71,5
17197,2021,7,4,7,17,3,2,4,401,99,2,21,3,3,5,71,5
17198,2021,7,4,7,17,3,2,4,401,99,1,1,1,1,1,71,5
17199,2021,7,4,7,19,4,3,5,502,99,2,15,2,2,4,71,5
17200,2021,7,4,7,9,2,1,17,1705,99,2,16,2,2,4,71,5
17201,2021,7,5,1,9,2,1,4,401,99,2,40,7,7,9,71,5
17202,2021,7,5,1,11,2,1,6,604,99,2,16,2,2,4,71,5
17203,2021,7,5,1,23,4,3,11,1107,99,2,13,1,1,3,71,5
17204,2021,7,5,1,10,2,1,8,805,99,2,20,3,3,5,71,5
17205,2021,7,5,1,9,2,1,15,1508,99,2,18,2,2,4,71,5
17206,2021,7,5,1,7,2,1,17,1712,99,2,17,2,2,4,71,5
17207,2021,7,5,1,16,3,2,4,406,99,1,36,6,6,8,71,5
17208,2021,7,5,1,16,3,2,4,406,99,1,3,1,1,1,71,5
17209,2021,7,5,1,99,5,4,1,102,99,2,28,4,4,6,71,5
17210,2021,7,6,2,19,4,3,1,117,99,1,9,1,1,2,71,5
17211,2021,7,6,2,19,4,3,1,108,99,2,16,2,2,4,71,5
17212,2021,7,6,2,7,2,1,22,2204,99,1,16,2,2,4,71,5
17213,2021,7,6,2,11,2,1,22,2204,99,2,15,2,2,4,71,5
17214,2021,7,6,2,13,3,2,20,2004,99,1,38,6,6,8,71,5
17215,2021,7,6,2,12,3,2,19,1901,99,1,17,2,2,4,71,5
17216,2021,7,6,2,99,5,4,8,801,99,2,14,1,1,3,71,5
17217,2021,7,6,2,5,1,1,18,1804,99,2,15,2,2,4,71,5
17218,2021,7,7,3,6,2,1,19,1905,99,2,14,1,1,3,71,5
17219,2021,7,7,3,6,2,1,19,1905,99,2,15,2,2,4,71,5
17220,2021,7,7,3,14,3,2,19,1910,99,1,40,7,7,9,71,5
17221,2021,7,7,3,14,3,2,19,1902,99,2,14,1,1,3,71,5
17222,2021,7,7,3,10,2,1,5,502,99,2,32,5,5,7,71,5
17223,2021,7,7,3,10,2,1,5,502,99,2,1,1,1,1,71,5
17224,2021,7,7,3,8,2,1,5,509,99,2,19,2,2,4,71,5
17225,2021,7,7,3,8,2,1,5,509,99,1,2,1,1,1,71,5
17226,2021,7,7,3,19,4,3,11,1105,99,2,15,2,2,4,71,5
17227,2021,7,7,3,4,1,1,2,208,99,2,15,2,2,4,71,5
17228,2021,7,7,3,8,2,1,2,201,99,2,19,2,2,4,71,5
17229,2021,7,7,3,7,2,1,18,1805,99,2,12,1,1,3,71,5
17230,2021,7,7,3,6,2,1,17,1703,99,2,28,4,4,6,71,5
17231,2021,7,7,3,6,2,1,17,1703,99,1,2,1,1,1,71,5
17232,2021,7,7,3,10,2,1,1,115,99,2,16,2,2,4,71,5
17233,2021,7,8,4,0,1,1,5,506,99,2,15,2,2,4,71,5
17234,2021,7,8,4,9,2,1,14,1406,99,2,22,3,3,5,71,5
17235,2021,7,8,4,9,2,1,14,1406,99,1,5,1,1,2,71,5
17236,2021,7,8,4,18,4,3,16,1607,99,1,999,12,16,18,71,5
17237,2021,7,8,4,12,3,2,3,312,99,1,43,7,7,9,71,5
17238,2021,7,9,5,6,2,1,1,103,99,2,12,1,1,3,71,5
17239,2021,7,9,5,6,2,1,1,115,99,2,17,2,2,4,71,5
17240,2021,7,9,5,11,2,1,1,115,99,2,14,1,1,3,71,5
17241,2021,7,9,5,22,4,3,1,114,99,2,16,2,2,4,71,5
17242,2021,7,9,5,19,4,3,1,116,99,2,15,2,2,4,71,5
17243,2021,7,9,5,4,1,1,15,1508,99,1,35,6,6,8,71,5
17244,2021,7,10,6,8,2,1,1,115,99,1,16,2,2,4,71,5
17245,2021,7,10,6,11,2,1,1,110,99,2,48,8,8,10,71,5
17246,2021,7,10,6,1,1,1,9,901,99,2,28,4,4,6,71,5
17247,2021,7,10,6,11,2,1,17,1701,99,2,14,1,1,3,71,5
17248,2021,7,10,6,19,4,3,3,301,99,2,13,1,1,3,71,5
17249,2021,7,11,7,20,4,3,1,114,99,2,15,2,2,4,71,5
17250,2021,7,11,7,14,3,2,5,509,99,2,16,2,2,4,71,5
17251,2021,7,11,7,11,2,1,1,115,99,1,16,2,2,4,71,5
17252,2021,7,11,7,8,2,1,1,116,99,1,34,5,5,7,71,5
17253,2021,7,11,7,9,2,1,1,116,99,1,36,6,6,8,71,5
17254,2021,7,12,1,16,3,2,1,114,99,2,19,2,2,4,71,5
17255,2021,7,12,1,14,3,2,19,1901,99,2,17,2,2,4,71,5
17256,2021,7,12,1,13,3,2,12,1216,99,2,33,5,5,7,71,5
17257,2021,7,12,1,21,4,3,12,1216,99,2,19,2,2,4,71,5
17258,2021,7,12,1,18,4,3,16,1601,99,2,14,1,1,3,71,5
17259,2021,7,12,1,18,4,3,1,115,99,2,14,1,1,3,71,5
17260,2021,7,13,2,4,1,1,1,115,99,2,14,1,1,3,71,5
17261,2021,7,13,2,19,4,3,1,110,99,1,21,3,3,5,71,5
17262,2021,7,13,2,17,3,2,22,2210,99,2,32,5,5,7,71,5
17263,2021,7,13,2,10,2,1,6,601,99,2,25,4,4,6,71,5
17264,2021,7,13,2,10,2,1,6,601,99,1,4,1,1,1,71,5
17265,2021,7,13,2,22,4,3,9,901,99,2,16,2,2,4,71,5
17266,2021,7,13,2,1,1,1,1,101,7,1,14,1,1,3,71,5
17267,2021,7,13,2,13,3,2,1,101,19,2,39,6,6,8,71,5
17268,2021,7,13,2,14,3,2,1,115,99,2,12,1,1,3,71,5
17269,2021,7,14,3,18,4,3,20,2007,99,2,15,2,2,4,71,5
17270,2021,7,14,3,18,4,3,20,2007,99,2,14,1,1,3,71,5
17271,2021,7,14,3,8,2,1,5,509,99,2,34,5,5,7,71,5
17272,2021,7,14,3,0,1,1,6,602,99,2,12,1,1,3,71,5
17273,2021,7,15,4,17,3,2,1,103,99,1,15,2,2,4,71,5
17274,2021,7,15,4,17,3,2,1,103,99,2,17,2,2,4,71,5
17275,2021,7,15,4,9,2,1,22,2201,99,2,51,9,9,11,71,5
17276,2021,7,15,4,18,4,3,16,1615,99,2,15,2,2,4,71,5
17277,2021,7,15,4,12,3,2,18,1804,99,1,37,6,6,8,71,5
17278,2021,7,15,4,12,3,2,17,1705,99,1,6,1,1,2,71,5
17279,2021,7,16,5,12,3,2,1,115,99,2,30,5,5,7,71,5
17280,2021,7,16,5,15,3,2,1,115,99,2,13,1,1,3,71,5
17281,2021,7,16,5,9,2,1,1,111,99,1,22,3,3,5,71,5
17282,2021,7,16,5,7,2,1,22,2201,99,2,17,2,2,4,71,5
17283,2021,7,16,5,14,3,2,8,801,99,1,21,3,3,5,71,5
17284,2021,7,16,5,18,4,3,1,108,99,2,28,4,4,6,71,5
17285,2021,7,16,5,18,4,3,1,108,99,2,5,1,1,2,71,5
17286,2021,7,17,6,99,5,4,1,101,21,2,21,3,3,5,71,5
17287,2021,7,17,6,20,4,3,1,101,19,2,17,2,2,4,71,5
17288,2021,7,17,6,3,1,1,22,2201,99,1,17,2,2,4,71,5
17289,2021,7,17,6,12,3,2,5,502,99,2,17,2,2,4,71,5
17290,2021,7,17,6,5,1,1,16,1601,99,1,56,10,10,12,71,5
17291,2021,7,17,6,16,3,2,18,1805,99,1,36,6,6,8,71,5
17292,2021,7,17,6,17,3,2,17,1714,99,2,18,2,2,4,71,5
17293,2021,7,18,7,17,3,2,1,105,99,2,14,1,1,3,71,5
17294,2021,7,18,7,1,1,1,1,108,99,2,13,1,1,3,71,5
17295,2021,7,18,7,12,3,2,1,108,99,1,34,5,5,7,71,5
17296,2021,7,18,7,7,2,1,20,2011,99,1,16,2,2,4,71,5
17297,2021,7,18,7,11,2,1,19,1901,99,2,32,5,5,7,71,5
17298,2021,7,18,7,11,2,1,19,1901,99,1,4,1,1,1,71,5
17299,2021,7,18,7,4,1,1,5,503,99,2,13,1,1,3,71,5
17300,2021,7,18,7,12,3,2,5,501,99,2,15,2,2,4,71,5
17301,2021,7,18,7,22,4,3,6,612,99,2,999,12,16,18,71,5
17302,2021,7,18,7,23,4,3,6,604,99,1,62,11,11,13,71,5
17303,2021,7,18,7,20,4,3,17,1703,99,2,14,1,1,3,71,5
17304,2021,7,19,1,16,3,2,1,114,99,2,23,3,3,5,71,5
17305,2021,7,19,1,9,2,1,1,108,99,2,16,2,2,4,71,5
17306,2021,7,19,1,23,4,3,20,2001,99,2,14,1,1,3,71,5
17307,2021,7,19,1,19,4,3,19,1901,99,1,17,2,2,4,71,5
17308,2021,7,19,1,3,1,1,16,1615,99,2,13,1,1,3,71,5
17309,2021,7,19,1,14,3,2,18,1804,99,1,10,1,1,3,71,5
17310,2021,7,19,1,14,3,2,18,1804,99,1,8,1,1,2,71,5
17311,2021,7,19,1,12,3,2,17,1713,99,2,17,2,2,4,71,5
17312,2021,7,19,1,14,3,2,17,1705,99,2,11,1,1,3,71,5
17313,2021,7,19,1,9,2,1,4,406,99,1,64,11,11,13,71,5
17314,2021,7,19,1,18,4,3,1,117,99,2,26,4,4,6,71,5
17315,2021,7,19,1,18,4,3,1,117,99,1,0,1,1,1,71,5
17316,2021,7,19,1,11,2,1,1,108,99,2,16,2,2,4,71,5
17317,2021,7,19,1,11,2,1,1,108,99,2,3,1,1,1,71,5
17318,2021,7,19,1,15,3,2,16,1609,99,2,1,1,1,1,71,5
17319,2021,7,19,1,10,2,1,22,2201,99,1,3,1,1,1,71,5
17320,2021,7,20,2,11,2,1,1,101,24,2,27,4,4,6,71,5
17321,2021,7,20,2,11,2,1,1,101,24,2,5,1,1,2,71,5
17322,2021,7,20,2,11,2,1,1,101,24,2,2,1,1,1,71,5
17323,2021,7,20,2,10,2,1,1,103,99,2,14,1,1,3,71,5
17324,2021,7,20,2,0,1,1,1,115,99,1,15,2,2,4,71,5
17325,2021,7,20,2,8,2,1,1,108,99,1,32,5,5,7,71,5
17326,2021,7,20,2,10,2,1,4,413,99,2,27,4,4,6,71,5
17327,2021,7,21,3,0,1,1,1,117,99,1,53,9,9,11,71,5
17328,2021,7,21,3,7,2,1,1,117,99,1,26,4,4,6,71,5
17329,2021,7,21,3,21,4,3,1,116,99,2,17,2,2,4,71,5
17330,2021,7,21,3,10,2,1,1,108,99,1,28,4,4,6,71,5
17331,2021,7,21,3,0,1,1,12,1219,99,2,18,2,2,4,71,5
17332,2021,7,21,3,11,2,1,12,1205,99,2,15,2,2,4,71,5
17333,2021,7,21,3,11,2,1,12,1210,99,1,34,5,5,7,71,5
17334,2021,7,21,3,23,4,3,7,701,99,2,25,4,4,6,71,5
17335,2021,7,21,3,15,3,2,4,406,99,1,17,2,2,4,71,5
17336,2021,7,22,4,18,4,3,1,106,99,2,14,1,1,3,71,5
17337,2021,7,22,4,10,2,1,1,115,99,2,20,3,3,5,71,5
17338,2021,7,22,4,17,3,2,5,511,99,1,15,2,2,4,71,5
17339,2021,7,22,4,18,4,3,9,901,99,1,5,1,1,2,71,5
17340,2021,7,22,4,22,4,3,9,901,99,2,17,2,2,4,71,5
17341,2021,7,22,4,15,3,2,1,117,99,2,12,1,1,3,71,5
17342,2021,7,22,4,12,3,2,1,115,99,1,999,12,16,18,71,5
17343,2021,7,22,4,12,3,2,2,206,99,1,29,4,4,6,71,5
17344,2021,7,23,5,15,3,2,1,116,99,1,16,2,2,4,71,5
17345,2021,7,23,5,15,3,2,16,1609,99,2,18,2,2,4,71,5
17346,2021,7,24,6,12,3,2,1,101,6,2,12,1,1,3,71,5
17347,2021,7,24,6,18,4,3,1,101,6,2,15,2,2,4,71,5
17348,2021,7,24,6,9,2,1,12,1215,99,2,15,2,2,4,71,5
17349,2021,7,24,6,19,4,3,14,1406,99,2,65,11,12,14,71,5
17350,2021,7,24,6,17,3,2,1,108,99,1,23,3,3,5,71,5
17351,2021,7,24,6,10,2,1,10,1013,99,2,17,2,2,4,71,5
17352,2021,7,25,7,8,2,1,22,2207,99,1,16,2,2,4,71,5
17353,2021,7,25,7,12,3,2,16,1603,99,1,77,11,14,16,71,5
17354,2021,7,25,7,19,4,3,16,1603,99,2,25,4,4,6,71,5
17355,2021,7,25,7,17,3,2,15,1502,99,2,14,1,1,3,71,5
17356,2021,7,25,7,13,3,2,1,101,13,2,14,1,1,3,71,5
17357,2021,7,25,7,7,2,1,2,205,99,2,38,6,6,8,71,5
17358,2021,7,25,7,9,2,1,12,1201,99,2,16,2,2,4,71,5
17359,2021,7,25,7,99,5,4,8,808,99,2,13,1,1,3,71,5
17360,2021,7,25,7,15,3,2,4,401,99,1,65,11,12,14,71,5
17361,2021,7,26,1,6,2,1,1,101,11,2,16,2,2,4,71,5
17362,2021,7,26,1,16,3,2,1,115,99,2,56,10,10,12,71,5
17363,2021,7,26,1,18,4,3,1,115,99,1,17,2,2,4,71,5
17364,2021,7,26,1,21,4,3,9,901,99,2,9,1,1,2,71,5
17365,2021,7,26,1,21,4,3,9,901,99,2,5,1,1,2,71,5
17366,2021,7,26,1,22,4,3,13,1301,99,1,37,6,6,8,71,5
17367,2021,7,26,1,9,2,1,8,801,99,2,15,2,2,4,71,5
17368,2021,7,26,1,21,4,3,3,301,99,2,16,2,2,4,71,5
17369,2021,7,26,1,10,2,1,1,114,99,2,13,1,1,3,71,5
17370,2021,7,27,2,11,2,1,1,101,18,2,14,1,1,3,71,5
17371,2021,7,27,2,11,2,1,1,101,18,2,13,1,1,3,71,5
17372,2021,7,27,2,11,2,1,1,101,18,2,7,1,1,2,71,5
17373,2021,7,27,2,11,2,1,1,101,18,1,4,1,1,1,71,5
17374,2021,7,27,2,11,2,1,1,101,18,1,9,1,1,2,71,5
17375,2021,7,27,2,11,2,1,1,101,18,2,37,6,6,8,71,5
17376,2021,7,27,2,18,4,3,1,101,13,2,15,2,2,4,71,5
17377,2021,7,27,2,13,3,2,1,101,7,2,16,2,2,4,71,5
17378,2021,7,27,2,5,1,1,1,116,99,2,16,2,2,4,71,5
17379,2021,7,27,2,10,2,1,9,901,99,2,16,2,2,4,71,5
17380,2021,7,27,2,10,2,1,10,1013,99,2,14,1,1,3,71,5
17381,2021,7,27,2,6,2,1,13,1326,99,2,48,8,8,10,71,5
17382,2021,7,27,2,22,4,3,1,108,99,2,17,2,2,4,71,5
17383,2021,7,27,2,15,3,2,5,502,99,1,71,11,13,15,71,5
17384,2021,7,28,3,19,4,3,19,1901,99,2,16,2,2,4,71,5
17385,2021,7,28,3,11,2,1,10,1019,99,2,15,2,2,4,71,5
17386,2021,7,28,3,14,3,2,4,401,99,1,41,7,7,9,71,5
17387,2021,7,28,3,17,3,2,22,2202,99,2,8,1,1,2,71,5
17388,2021,7,28,3,19,4,3,1,109,99,2,65,11,12,14,71,5
17389,2021,7,29,4,21,4,3,1,109,99,1,20,3,3,5,71,5
17390,2021,7,30,5,14,3,2,1,101,12,2,14,1,1,3,71,5
17391,2021,7,30,5,13,3,2,1,101,21,1,17,2,2,4,71,5
17392,2021,7,30,5,10,2,1,1,110,99,2,15,2,2,4,71,5
17393,2021,7,30,5,11,2,1,1,108,99,1,62,11,11,13,71,5
17394,2021,7,30,5,6,2,1,1,108,99,1,32,5,5,7,71,5
17395,2021,7,30,5,22,4,3,19,1903,99,1,40,7,7,9,71,5
17396,2021,7,30,5,8,2,1,5,502,99,2,33,5,5,7,71,5
17397,2021,7,30,5,21,4,3,12,1202,99,2,12,1,1,3,71,5
17398,2021,7,30,5,21,4,3,12,1202,99,2,10,1,1,3,71,5
17399,2021,7,30,5,9,2,1,2,201,99,2,14,1,1,3,71,5
17400,2021,7,31,6,11,2,1,1,101,21,2,14,1,1,3,71,5
17401,2021,7,31,6,19,4,3,1,117,99,1,12,1,1,3,71,5
17402,2021,7,31,6,12,3,2,1,110,99,1,83,11,15,17,71,5
17403,2021,7,31,6,21,4,3,20,2001,99,2,17,2,2,4,71,5
17404,2021,7,31,6,14,3,2,8,803,99,2,16,2,2,4,71,5
17405,2021,7,31,6,12,3,2,16,1601,99,2,17,2,2,4,71,5
17406,2021,7,31,6,19,4,3,4,403,99,2,25,4,4,6,71,5
17407,2021,7,31,6,19,4,3,4,403,99,2,8,1,1,2,71,5
17408,2021,7,31,6,19,4,3,4,403,99,1,4,1,1,1,71,5
17409,2021,8,1,7,14,3,2,1,106,99,2,14,1,1,3,71,5
17410,2021,8,1,7,16,3,2,1,101,11,2,14,1,1,3,71,5
17411,2021,8,1,7,16,3,2,1,101,11,2,21,3,3,5,71,5
17412,2021,8,1,7,11,2,1,1,108,99,1,21,3,3,5,71,5
17413,2021,8,1,7,7,2,1,22,2201,99,2,13,1,1,3,71,5
17414,2021,8,1,7,20,4,3,19,1904,99,1,40,7,7,9,71,5
17415,2021,8,1,7,11,2,1,20,2007,99,1,12,1,1,3,71,5
17416,2021,8,1,7,6,2,1,17,1703,99,1,40,7,7,9,71,5
17417,2021,8,1,7,23,4,3,4,414,99,1,27,4,4,6,71,5
17418,2021,8,1,7,11,2,1,20,2007,99,1,12,1,1,3,71,5
17419,2021,8,2,1,19,4,3,1,105,99,1,23,3,3,5,71,5
17420,2021,8,2,1,17,3,2,1,101,7,1,16,2,2,4,71,5
17421,2021,8,2,1,17,3,2,1,101,7,2,14,1,1,3,71,5
17422,2021,8,2,1,19,4,3,1,108,99,1,16,2,2,4,71,5
17423,2021,8,2,1,7,2,1,11,1105,99,2,15,2,2,4,71,5
17424,2021,8,2,1,12,3,2,16,1609,99,2,17,2,2,4,71,5
17425,2021,8,3,2,12,3,2,1,106,99,2,14,1,1,3,71,5
17426,2021,8,3,2,5,1,1,1,115,99,2,13,1,1,3,71,5
17427,2021,8,3,2,9,2,1,1,110,99,2,42,7,7,9,71,5
17428,2021,8,3,2,7,2,1,1,110,99,2,17,2,2,4,71,5
17429,2021,8,3,2,3,1,1,19,1907,99,1,17,2,2,4,71,5
17430,2021,8,3,2,9,2,1,5,501,99,2,24,3,3,5,71,5
17431,2021,8,3,2,7,2,1,10,1001,99,1,24,3,3,5,71,5
17432,2021,8,3,2,18,4,3,4,415,99,2,15,2,2,4,71,5
17433,2021,8,3,2,14,3,2,1,115,99,1,15,2,2,4,71,5
17434,2021,8,4,3,7,2,1,1,115,99,2,41,7,7,9,71,5
17435,2021,8,4,3,12,3,2,5,507,99,1,16,2,2,4,71,5
17436,2021,8,4,3,12,3,2,10,1013,99,2,30,5,5,7,71,5
17437,2021,8,4,3,9,2,1,16,1613,99,1,20,3,3,5,71,5
17438,2021,8,4,3,10,2,1,16,1609,99,1,22,3,3,5,71,5
17439,2021,8,4,3,19,4,3,1,101,7,2,11,1,1,3,71,5
17440,2021,8,4,3,17,3,2,1,115,99,1,25,4,4,6,71,5
17441,2021,8,4,3,17,3,2,1,117,99,1,15,2,2,4,71,5
17442,2021,8,4,3,12,3,2,5,509,99,2,14,1,1,3,71,5
17443,2021,8,4,3,11,2,1,5,503,99,1,5,1,1,2,71,5
17444,2021,8,4,3,11,2,1,5,503,99,2,2,1,1,1,71,5
17445,2021,8,4,3,18,4,3,1,108,99,2,15,2,2,4,71,5
17446,2021,8,5,4,9,2,1,1,114,99,2,17,2,2,4,71,5
17447,2021,8,5,4,9,2,1,1,117,99,1,24,3,3,5,71,5
17448,2021,8,5,4,11,2,1,4,401,99,1,64,11,11,13,71,5
17449,2021,8,5,4,4,1,1,1,117,99,2,15,2,2,4,71,5
17450,2021,8,5,4,9,2,1,15,1508,99,2,13,1,1,3,71,5
17451,2021,8,6,5,12,3,2,1,101,18,1,12,1,1,3,71,5
17452,2021,8,6,5,20,4,3,1,116,99,2,13,1,1,3,71,5
17453,2021,8,6,5,15,3,2,11,1101,99,2,15,2,2,4,71,5
17454,2021,8,6,5,9,2,1,11,1108,99,2,26,4,4,6,71,5
17455,2021,8,6,5,9,2,1,11,1108,99,1,3,1,1,1,71,5
17456,2021,8,6,5,9,2,1,11,1108,99,1,1,1,1,1,71,5
17457,2021,8,6,5,10,2,1,16,1601,99,2,13,1,1,3,71,5
17458,2021,8,6,5,16,3,2,1,114,99,1,11,1,1,3,71,5
17459,2021,8,6,5,8,2,1,1,115,99,2,43,7,7,9,71,5
17460,2021,8,6,5,99,5,4,9,901,99,2,17,2,2,4,71,5
17461,2021,8,7,6,19,4,3,1,108,99,1,23,3,3,5,71,5
17462,2021,8,7,6,9,2,1,1,108,99,1,22,3,3,5,71,5
17463,2021,8,7,6,1,1,1,2,204,99,2,14,1,1,3,71,5
17464,2021,8,8,7,3,1,1,1,116,99,2,13,1,1,3,71,5
17465,2021,8,8,7,14,3,2,1,117,99,2,15,2,2,4,71,5
17466,2021,8,8,7,23,4,3,1,116,99,2,16,2,2,4,71,5
17467,2021,8,8,7,9,2,1,20,2008,99,2,15,2,2,4,71,5
17468,2021,8,8,7,17,3,2,19,1901,99,1,18,2,2,4,71,5
17469,2021,8,8,7,12,3,2,10,1004,99,1,27,4,4,6,71,5
17470,2021,8,8,7,20,4,3,9,901,99,2,13,1,1,3,71,5
17471,2021,8,8,7,20,4,3,2,202,99,2,14,1,1,3,71,5
17472,2021,8,8,7,20,4,3,2,202,99,2,13,1,1,3,71,5
17473,2021,8,8,7,18,4,3,10,1003,99,2,20,3,3,5,71,5
17474,2021,8,8,7,9,2,1,17,1710,99,1,16,2,2,4,71,5
17475,2021,8,9,1,12,3,2,1,108,99,1,18,2,2,4,71,5
17476,2021,8,9,1,12,3,2,12,1210,99,2,17,2,2,4,71,5
17477,2021,8,9,1,23,4,3,5,511,99,2,16,2,2,4,71,5
17478,2021,8,10,2,15,3,2,1,115,99,2,13,1,1,3,71,5
17479,2021,8,10,2,15,3,2,1,115,99,2,14,1,1,3,71,5
17480,2021,8,10,2,20,4,3,4,402,99,1,39,6,6,8,71,5
17481,2021,8,11,3,6,2,1,22,2213,99,2,13,1,1,3,71,5
17482,2021,8,11,3,10,2,1,16,1601,99,2,16,2,2,4,71,5
17483,2021,8,11,3,10,2,1,16,1601,99,2,12,1,1,3,71,5
17484,2021,8,11,3,22,4,3,1,108,99,1,23,3,3,5,71,5
17485,2021,8,12,4,0,1,1,1,101,18,1,16,2,2,4,71,5
17486,2021,8,12,4,10,2,1,19,1903,99,2,13,1,1,3,71,5
17487,2021,8,12,4,13,3,2,19,1904,99,1,14,1,1,3,71,5
17488,2021,8,12,4,20,4,3,1,117,99,2,12,1,1,3,71,5
17489,2021,8,12,4,17,3,2,1,106,99,1,45,8,8,10,71,5
17490,2021,8,13,5,15,3,2,1,101,12,2,14,1,1,3,71,5
17491,2021,8,13,5,19,4,3,1,116,99,2,12,1,1,3,71,5
17492,2021,8,13,5,12,3,2,1,116,99,2,14,1,1,3,71,5
17493,2021,8,13,5,13,3,2,1,116,99,1,30,5,5,7,71,5
17494,2021,8,13,5,13,3,2,1,116,99,1,23,3,3,5,71,5
17495,2021,8,13,5,20,4,3,1,108,99,2,37,6,6,8,71,5
17496,2021,8,13,5,11,2,1,17,1705,99,2,3,1,1,1,71,5
17497,2021,8,13,5,11,2,1,17,1705,99,2,23,3,3,5,71,5
17498,2021,8,13,5,15,3,2,17,1705,99,2,18,2,2,4,71,5
17499,2021,8,13,5,18,4,3,20,2001,99,2,50,9,9,11,71,5
17500,2021,8,14,6,10,2,1,17,1706,99,2,22,3,3,5,71,5
17501,2021,8,14,6,19,4,3,17,1705,99,2,34,5,5,7,71,5
17502,2021,8,14,6,11,2,1,19,1904,99,2,15,2,2,4,71,5
17503,2021,8,14,6,15,3,2,20,2001,99,2,13,1,1,3,71,5
17504,2021,8,14,6,10,2,1,18,1805,99,2,30,5,5,7,71,5
17505,2021,8,14,6,10,2,1,18,1805,99,1,4,1,1,1,71,5
17506,2021,8,14,6,19,4,3,1,115,99,2,20,3,3,5,71,5
17507,2021,8,14,6,19,4,3,1,115,99,2,0,1,1,1,71,5
17508,2021,8,14,6,12,3,2,1,115,99,2,18,2,2,4,71,5
17509,2021,8,14,6,1,1,1,4,406,99,1,18,2,2,4,71,5
17510,2021,8,15,7,13,3,2,1,104,99,2,5,1,1,2,71,5
17511,2021,8,15,7,10,2,1,1,106,99,2,14,1,1,3,71,5
17512,2021,8,15,7,17,3,2,1,101,7,2,43,7,7,9,71,5
17513,2021,8,15,7,11,2,1,1,117,99,1,38,6,6,8,71,5
17514,2021,8,15,7,19,4,3,3,301,99,1,38,6,6,8,71,5
17515,2021,8,15,7,13,3,2,17,1707,99,1,14,1,1,3,71,5
17516,2021,8,16,1,8,2,1,16,1609,99,2,24,3,3,5,71,5
17517,2021,8,16,1,19,4,3,1,117,99,2,14,1,1,3,71,5
17518,2021,8,16,1,13,3,2,20,2009,99,2,15,2,2,4,71,5
17519,2021,8,16,1,12,3,2,20,2007,99,2,14,1,1,3,71,5
17520,2021,8,16,1,8,2,1,18,1805,99,2,19,2,2,4,71,5
17521,2021,8,16,1,21,4,3,4,401,99,2,15,2,2,4,71,5
17522,2021,8,16,1,21,4,3,22,2211,99,2,12,1,1,3,71,5
17523,2021,8,16,1,23,4,3,1,115,99,2,16,2,2,4,71,5
17524,2021,8,16,1,14,3,2,6,602,99,2,28,4,4,6,71,5
17525,2021,8,16,1,15,3,2,3,306,99,2,61,11,11,13,71,5
17526,2021,8,16,1,7,2,1,1,110,99,1,64,11,11,13,71,5
17527,2021,8,16,1,23,4,3,14,1413,99,1,0,1,1,1,71,5
17528,2021,8,16,1,16,3,2,16,1605,99,2,14,1,1,3,71,5
17529,2021,8,16,1,8,2,1,22,2201,99,1,2,1,1,1,71,5
17530,2021,8,17,2,11,2,1,1,114,99,2,14,1,1,3,71,5
17531,2021,8,17,2,13,3,2,1,117,99,2,15,2,2,4,71,5
17532,2021,8,17,2,16,3,2,1,110,99,1,26,4,4,6,71,5
17533,2021,8,17,2,10,2,1,5,505,99,1,22,3,3,5,71,5
17534,2021,8,17,2,11,2,1,5,505,99,2,24,3,3,5,71,5
17535,2021,8,17,2,17,3,2,5,501,99,2,17,2,2,4,71,5
17536,2021,8,17,2,11,2,1,5,502,99,1,20,3,3,5,71,5
17537,2021,8,17,2,15,3,2,2,208,99,2,22,3,3,5,71,5
17538,2021,8,17,2,15,3,2,2,208,99,2,1,1,1,1,71,5
17539,2021,8,17,2,7,2,1,17,1709,99,2,28,4,4,6,71,5
17540,2021,8,17,2,19,4,3,1,108,99,2,13,1,1,3,71,5
17541,2021,8,18,3,15,3,2,10,1010,99,1,16,2,2,4,71,5
17542,2021,8,18,3,12,3,2,17,1710,99,1,14,1,1,3,71,5
17543,2021,8,18,3,1,1,1,4,401,99,1,53,9,9,11,71,5
17544,2021,8,18,3,12,3,2,4,401,99,2,14,1,1,3,71,5
17545,2021,8,18,3,17,3,2,1,108,99,2,15,2,2,4,71,5
17546,2021,8,18,3,20,4,3,1,115,99,2,24,3,3,5,71,5
17547,2021,8,18,3,21,4,3,1,117,99,1,17,2,2,4,71,5
17548,2021,8,18,3,14,3,2,9,910,99,2,24,3,3,5,71,5
17549,2021,8,18,3,14,3,2,9,910,99,2,5,1,1,2,71,5
17550,2021,8,18,3,14,3,2,9,910,99,2,2,1,1,1,71,5
17551,2021,8,18,3,14,3,2,9,910,99,2,1,1,1,1,71,5
17552,2021,8,18,3,0,1,1,16,1612,99,2,20,3,3,5,71,5
17553,2021,8,19,4,10,2,1,11,1101,99,2,29,4,4,6,71,5
17554,2021,8,19,4,10,2,1,11,1101,99,1,6,1,1,2,71,5
17555,2021,8,20,5,11,2,1,19,1901,99,2,15,2,2,4,71,5
17556,2021,8,20,5,18,4,3,5,502,99,2,9,1,1,2,71,5
17557,2021,8,20,5,11,2,1,18,1805,99,2,27,4,4,6,71,5
17558,2021,8,20,5,14,3,2,4,404,99,1,15,2,2,4,71,5
17559,2021,8,20,5,18,4,3,1,115,99,1,10,1,1,3,71,5
17560,2021,8,20,5,17,3,2,1,110,99,2,17,2,2,4,71,5
17561,2021,8,20,5,6,2,1,1,108,99,1,30,5,5,7,71,5
17562,2021,8,20,5,12,3,2,1,101,19,2,31,5,5,7,71,5
17563,2021,8,20,5,11,2,1,19,1909,99,1,14,1,1,3,71,5
17564,2021,8,20,5,2,1,1,9,901,99,2,15,2,2,4,71,5
17565,2021,8,21,6,11,2,1,17,1707,99,2,31,5,5,7,71,5
17566,2021,8,21,6,11,2,1,17,1707,99,1,7,1,1,2,71,5
17567,2021,8,21,6,11,2,1,17,1707,99,2,2,1,1,1,71,5
17568,2021,8,21,6,10,2,1,1,116,99,2,30,5,5,7,71,5
17569,2021,8,21,6,10,2,1,1,116,99,1,2,1,1,1,71,5
17570,2021,8,21,6,6,2,1,16,1601,99,2,17,2,2,4,71,5
17571,2021,8,21,6,16,3,2,1,101,7,2,17,2,2,4,71,5
17572,2021,8,21,6,17,3,2,9,901,99,1,43,7,7,9,71,5
17573,2021,8,21,6,6,2,1,1,116,99,2,15,2,2,4,71,5
17574,2021,8,22,7,6,2,1,1,110,99,2,17,2,2,4,71,5
17575,2021,8,22,7,1,1,1,17,1709,99,2,16,2,2,4,71,5
17576,2021,8,22,7,18,4,3,4,401,99,1,26,4,4,6,71,5
17577,2021,8,22,7,18,4,3,5,501,99,1,13,1,1,3,71,5
17578,2021,8,22,7,14,3,2,1,109,99,2,27,4,4,6,71,5
17579,2021,8,23,1,18,4,3,6,614,99,2,12,1,1,3,71,5
17580,2021,8,23,1,19,4,3,1,110,99,1,23,3,3,5,71,5
17581,2021,8,23,1,17,3,2,14,1418,99,2,27,4,4,6,71,5
17582,2021,8,23,1,17,3,2,14,1418,99,2,11,1,1,3,71,5
17583,2021,8,23,1,12,3,2,10,1014,99,2,16,2,2,4,71,5
17584,2021,8,23,1,10,2,1,9,901,99,2,29,4,4,6,71,5
17585,2021,8,23,1,2,1,1,14,1420,99,2,18,2,2,4,71,5
17586,2021,8,24,2,7,2,1,17,1713,99,2,10,1,1,3,71,5
17587,2021,8,24,2,6,2,1,1,116,99,2,34,5,5,7,71,5
17588,2021,8,24,2,6,2,1,1,116,99,2,5,1,1,2,71,5
17589,2021,8,24,2,13,3,2,19,1906,99,2,13,1,1,3,71,5
17590,2021,8,24,2,8,2,1,19,1906,99,2,13,1,1,3,71,5
17591,2021,8,25,3,9,2,1,14,1420,99,2,4,1,1,1,71,5
17592,2021,8,25,3,1,1,1,1,114,99,1,14,1,1,3,71,5
17593,2021,8,25,3,15,3,2,4,415,99,2,16,2,2,4,71,5
17594,2021,8,27,5,5,1,1,16,1617,99,1,17,2,2,4,71,5
17595,2021,8,27,5,13,3,2,17,1706,99,2,28,4,4,6,71,5
17596,2021,8,27,5,13,3,2,17,1706,99,1,1,1,1,1,71,5
17597,2021,8,27,5,11,2,1,5,505,99,2,15,2,2,4,71,5
17598,2021,8,27,5,16,3,2,19,1901,99,2,18,2,2,4,71,5
17599,2021,8,27,5,18,4,3,4,411,99,2,23,3,3,5,71,5
17600,2021,8,27,5,18,4,3,4,411,99,1,2,1,1,1,71,5
17601,2021,8,27,5,16,3,2,1,115,99,1,26,4,4,6,71,5
17602,2021,8,28,6,18,4,3,1,101,7,2,15,2,2,4,71,5
17603,2021,8,28,6,17,3,2,1,101,7,2,12,1,1,3,71,5
17604,2021,8,28,6,2,1,1,5,511,99,2,15,2,2,4,71,5
17605,2021,8,28,6,17,3,2,6,602,99,2,12,1,1,3,71,5
17606,2021,8,28,6,18,4,3,16,1612,99,1,16,2,2,4,71,5
17607,2021,8,28,6,12,3,2,15,1502,99,2,46,8,8,10,71,5
17608,2021,8,28,6,14,3,2,2,207,99,2,15,2,2,4,71,5
17609,2021,8,28,6,13,3,2,18,1803,99,1,37,6,6,8,71,5
17610,2021,8,28,6,20,4,3,18,1804,99,2,15,2,2,4,71,5
17611,2021,8,28,6,15,3,2,4,401,99,1,39,6,6,8,71,5
17612,2021,8,29,7,1,1,1,1,114,99,2,24,3,3,5,71,5
17613,2021,8,29,7,1,1,1,1,114,99,1,4,1,1,1,71,5
17614,2021,8,29,7,1,1,1,1,114,99,1,2,1,1,1,71,5
17615,2021,8,29,7,3,1,1,19,1904,99,2,17,2,2,4,71,5
17616,2021,8,29,7,17,3,2,1,101,19,1,12,1,1,3,71,5
17617,2021,8,29,7,14,3,2,4,401,99,1,35,6,6,8,71,5
17618,2021,8,29,7,19,4,3,4,413,99,1,21,3,3,5,71,5
17619,2021,8,30,1,23,4,3,1,114,99,2,63,11,11,13,71,5
17620,2021,8,30,1,15,3,2,22,2216,99,2,50,9,9,11,71,5
17621,2021,8,30,1,17,3,2,6,613,99,2,14,1,1,3,71,5
17622,2021,8,30,1,14,3,2,10,1007,99,1,14,1,1,3,71,5
17623,2021,8,30,1,14,3,2,10,1007,99,1,10,1,1,3,71,5
17624,2021,8,31,2,0,1,1,1,114,99,2,14,1,1,3,71,5
17625,2021,8,31,2,4,1,1,2,207,99,2,4,1,1,1,71,5
17626,2021,8,31,2,20,4,3,22,2213,99,2,29,4,4,6,71,5
17627,2021,7,1,4,21,4,3,1,101,1,1,29,4,4,6,24,3
17628,2021,7,1,4,19,4,3,1,101,17,1,34,5,5,7,79,3
17629,2021,7,1,4,4,1,1,1,101,13,1,27,4,4,6,24,3
17630,2021,7,1,4,15,3,2,1,101,7,1,31,5,5,7,79,3
17631,2021,7,1,4,10,2,1,1,101,7,1,32,5,5,7,79,3
17632,2021,7,1,4,21,4,3,1,101,21,1,22,3,3,5,79,3
17633,2021,7,1,4,15,3,2,1,117,99,1,24,3,3,5,79,3
17634,2021,7,1,4,13,3,2,1,115,99,2,35,6,6,8,79,3
17635,2021,7,1,4,20,4,3,1,108,99,2,31,5,5,7,79,3
17636,2021,7,1,4,19,4,3,1,110,99,1,44,7,7,9,79,3
17637,2021,7,1,4,4,1,1,5,501,99,1,24,3,3,5,24,3
17638,2021,7,1,4,19,4,3,5,502,99,2,17,2,2,4,79,3
17639,2021,7,1,4,21,4,3,5,505,99,1,43,7,7,9,79,3
17640,2021,7,1,4,10,2,1,5,506,99,2,45,8,8,10,79,3
17641,2021,7,1,4,13,3,2,5,502,99,2,22,3,3,5,24,3
17642,2021,7,1,4,15,3,2,18,1803,99,1,29,4,4,6,79,3
17643,2021,7,1,4,18,4,3,14,1401,99,1,32,5,5,7,79,3
17644,2021,7,1,4,19,4,3,4,413,99,1,38,6,6,8,79,3
17645,2021,7,2,5,12,3,2,1,107,99,1,24,3,3,5,24,3
17646,2021,7,2,5,20,4,3,1,101,6,1,34,5,5,7,24,3
17647,2021,7,2,5,4,1,1,5,506,99,1,32,5,5,7,24,3
17648,2021,7,2,5,14,3,2,5,506,99,1,34,5,5,7,24,3
17649,2021,7,2,5,22,4,3,5,502,99,1,23,3,3,5,24,3
17650,2021,7,2,5,12,3,2,13,1301,99,1,32,5,5,7,79,3
17651,2021,7,2,5,19,4,3,18,1803,99,1,46,8,8,10,79,3
17652,2021,7,2,5,8,2,1,17,1703,99,1,25,4,4,6,79,3
17653,2021,7,3,6,4,1,1,1,101,9,1,27,4,4,6,24,3
17654,2021,7,3,6,5,1,1,1,101,18,1,22,3,3,5,79,3
17655,2021,7,3,6,11,2,1,1,101,18,1,24,3,3,5,79,3
17656,2021,7,3,6,15,3,2,1,101,17,1,21,3,3,5,79,3
17657,2021,7,3,6,20,4,3,1,101,6,1,20,3,3,5,79,3
17658,2021,7,3,6,14,3,2,1,101,7,2,34,5,5,7,24,3
17659,2021,7,3,6,10,2,1,1,101,12,1,999,12,16,18,79,3
17660,2021,7,3,6,4,1,1,1,114,99,2,42,7,7,9,79,3
17661,2021,7,3,6,14,3,2,1,114,99,1,45,8,8,10,79,3
17662,2021,7,3,6,17,3,2,1,101,19,1,25,4,4,6,79,3
17663,2021,7,3,6,17,3,2,19,1903,99,1,47,8,8,10,24,3
17664,2021,7,3,6,5,1,1,5,505,99,1,35,6,6,8,24,3
17665,2021,7,3,6,19,4,3,5,511,99,1,29,4,4,6,79,3
17666,2021,7,3,6,5,1,1,5,501,99,1,42,7,7,9,24,3
17667,2021,7,3,6,22,4,3,14,1401,99,1,26,4,4,6,79,3
17668,2021,7,3,6,18,4,3,4,413,99,1,33,5,5,7,79,3
17669,2021,7,4,7,12,3,2,1,101,7,1,28,4,4,6,24,3
17670,2021,7,4,7,4,1,1,1,108,99,1,23,3,3,5,79,3
17671,2021,7,4,7,16,3,2,1,101,19,1,26,4,4,6,79,3
17672,2021,7,4,7,20,4,3,1,108,99,1,24,3,3,5,24,3
17673,2021,7,4,7,13,3,2,22,2212,99,1,27,4,4,6,24,3
17674,2021,7,4,7,3,1,1,5,509,99,1,34,5,5,7,79,3
17675,2021,7,4,7,19,4,3,5,509,99,1,17,2,2,4,79,3
17676,2021,7,4,7,2,1,1,18,1805,99,1,21,3,3,5,79,3
17677,2021,7,4,7,8,2,1,18,1804,99,1,48,8,8,10,79,3
17678,2021,7,4,7,8,2,1,18,1804,99,1,31,5,5,7,79,3
17679,2021,7,4,7,19,4,3,18,1805,99,2,47,8,8,10,24,3
17680,2021,7,4,7,14,3,2,17,1703,99,2,23,3,3,5,24,3
17681,2021,7,4,7,6,2,1,18,1805,99,1,28,4,4,6,79,3
17682,2021,7,4,7,22,4,3,5,505,99,1,29,4,4,6,79,3
17683,2021,7,5,1,5,1,1,1,101,3,1,27,4,4,6,24,3
17684,2021,7,5,1,19,4,3,1,101,9,1,27,4,4,6,24,3
17685,2021,7,5,1,6,2,1,1,101,18,2,33,5,5,7,79,3
17686,2021,7,5,1,11,2,1,1,101,5,1,31,5,5,7,79,3
17687,2021,7,5,1,11,2,1,1,101,11,1,26,4,4,6,79,3
17688,2021,7,5,1,5,1,1,1,117,99,2,31,5,5,7,79,3
17689,2021,7,5,1,23,4,3,1,116,99,1,32,5,5,7,79,3
17690,2021,7,5,1,22,4,3,1,108,99,1,31,5,5,7,24,3
17691,2021,7,5,1,5,1,1,5,501,99,1,24,3,3,5,24,3
17692,2021,7,5,1,14,3,2,5,508,99,1,40,7,7,9,24,3
17693,2021,7,5,1,7,2,1,11,1105,99,1,27,4,4,6,79,3
17694,2021,7,5,1,16,3,2,13,1301,99,1,20,3,3,5,79,3
17695,2021,7,5,1,19,4,3,4,409,99,1,22,3,3,5,79,3
17696,2021,7,5,1,19,4,3,3,302,99,2,35,6,6,8,79,3
17697,2021,7,6,2,6,2,1,1,101,1,1,24,3,3,5,24,3
17698,2021,7,6,2,19,4,3,1,101,11,1,51,9,9,11,24,3
17699,2021,7,6,2,6,2,1,19,1909,99,1,40,7,7,9,79,3
17700,2021,7,6,2,18,4,3,5,509,99,1,25,4,4,6,24,3
17701,2021,7,6,2,12,3,2,18,1804,99,1,24,3,3,5,24,3
17702,2021,7,7,3,5,1,1,1,101,3,1,23,3,3,5,24,3
17703,2021,7,7,3,9,2,1,1,101,9,1,24,3,3,5,79,3
17704,2021,7,7,3,11,2,1,1,101,17,1,25,4,4,6,79,3
17705,2021,7,7,3,3,1,1,1,101,7,1,21,3,3,5,79,3
17706,2021,7,7,3,14,3,2,1,101,12,1,37,6,6,8,79,3
17707,2021,7,7,3,19,4,3,1,101,11,1,51,9,9,11,24,3
17708,2021,7,7,3,0,1,1,1,114,99,2,48,8,8,10,79,3
17709,2021,7,7,3,7,2,1,1,111,99,2,30,5,5,7,79,3
17710,2021,7,7,3,21,4,3,1,101,19,2,30,5,5,7,79,3
17711,2021,7,7,3,21,4,3,1,115,99,2,24,3,3,5,79,3
17712,2021,7,7,3,8,2,1,5,501,99,2,34,5,5,7,79,3
17713,2021,7,7,3,16,3,2,5,509,99,1,22,3,3,5,24,3
17714,2021,7,7,3,5,1,1,6,601,99,1,35,6,6,8,79,3
17715,2021,7,7,3,2,1,1,18,1801,99,1,31,5,5,7,24,3
17716,2021,7,7,3,20,4,3,17,1701,99,1,37,6,6,8,79,3
17717,2021,7,8,4,15,3,2,1,106,99,1,32,5,5,7,24,3
17718,2021,7,8,4,7,2,1,1,101,5,1,24,3,3,5,79,3
17719,2021,7,8,4,7,2,1,1,116,99,1,25,4,4,6,79,3
17720,2021,7,8,4,13,3,2,1,101,19,1,32,5,5,7,79,3
17721,2021,7,8,4,5,1,1,5,502,99,1,24,3,3,5,24,3
17722,2021,7,8,4,10,2,1,11,1101,99,1,32,5,5,7,79,3
17723,2021,7,8,4,21,4,3,11,1106,99,1,27,4,4,6,79,3
17724,2021,7,8,4,11,2,1,12,1216,99,1,55,10,10,12,24,3
17725,2021,7,8,4,19,4,3,3,301,99,1,23,3,3,5,79,3
17726,2021,7,9,5,19,4,3,1,101,1,1,27,4,4,6,79,3
17727,2021,7,9,5,9,2,1,1,101,4,1,35,6,6,8,79,3
17728,2021,7,9,5,21,4,3,1,105,99,1,33,5,5,7,79,3
17729,2021,7,9,5,6,2,1,1,115,99,1,27,4,4,6,79,3
17730,2021,7,9,5,21,4,3,1,108,99,1,28,4,4,6,24,3
17731,2021,7,9,5,23,4,3,19,1904,99,1,24,3,3,5,79,3
17732,2021,7,9,5,3,1,1,5,505,99,1,33,5,5,7,79,3
17733,2021,7,9,5,18,4,3,5,513,99,2,21,3,3,5,79,3
17734,2021,7,9,5,9,2,1,18,1801,99,2,28,4,4,6,24,3
17735,2021,7,10,6,2,1,1,1,101,18,1,36,6,6,8,79,3
17736,2021,7,10,6,4,1,1,1,101,17,1,23,3,3,5,24,3
17737,2021,7,10,6,4,1,1,1,101,18,1,21,3,3,5,79,3
17738,2021,7,10,6,15,3,2,1,101,6,1,20,3,3,5,79,3
17739,2021,7,10,6,20,4,3,1,101,18,1,33,5,5,7,79,3
17740,2021,7,10,6,23,4,3,1,107,99,1,33,5,5,7,79,3
17741,2021,7,10,6,8,2,1,1,101,5,1,23,3,3,5,79,3
17742,2021,7,10,6,16,3,2,1,101,11,1,27,4,4,6,24,3
17743,2021,7,10,6,16,3,2,1,108,99,1,31,5,5,7,79,3
17744,2021,7,10,6,21,4,3,1,108,99,1,26,4,4,6,24,3
17745,2021,7,10,6,19,4,3,19,1901,99,1,32,5,5,7,79,3
17746,2021,7,10,6,5,1,1,5,501,99,1,28,4,4,6,24,3
17747,2021,7,10,6,22,4,3,5,501,99,1,19,2,2,4,79,3
17748,2021,7,10,6,19,4,3,1,101,1,1,19,2,2,4,79,3
17749,2021,7,11,7,21,4,3,1,101,2,1,20,3,3,5,79,3
17750,2021,7,11,7,21,4,3,1,117,99,1,26,4,4,6,79,3
17751,2021,7,11,7,5,1,1,5,501,99,1,49,8,8,10,24,3
17752,2021,7,11,7,10,2,1,5,501,99,1,52,9,9,11,79,3
17753,2021,7,11,7,1,1,1,18,1801,99,1,58,10,10,12,24,3
17754,2021,7,12,1,9,2,1,1,101,9,1,25,4,4,6,79,3
17755,2021,7,12,1,5,1,1,5,501,99,1,26,4,4,6,24,3
17756,2021,7,12,1,18,4,3,1,108,99,1,31,5,5,7,79,3
17757,2021,7,13,2,7,2,1,1,101,9,1,26,4,4,6,79,3
17758,2021,7,13,2,5,1,1,1,101,18,1,23,3,3,5,79,3
17759,2021,7,13,2,16,3,2,1,101,18,1,29,4,4,6,24,3
17760,2021,7,13,2,4,1,1,1,101,15,2,30,5,5,7,79,3
17761,2021,7,13,2,4,1,1,1,101,12,1,26,4,4,6,24,3
17762,2021,7,13,2,4,1,1,1,101,12,1,26,4,4,6,24,3
17763,2021,7,13,2,5,1,1,5,502,99,1,25,4,4,6,79,3
17764,2021,7,13,2,4,1,1,10,1002,99,1,48,8,8,10,24,3
17765,2021,7,13,2,8,2,1,18,1805,99,1,27,4,4,6,24,3
17766,2021,7,13,2,23,4,3,1,101,18,1,23,3,3,5,79,3
17767,2021,7,13,2,22,4,3,1,106,99,1,28,4,4,6,79,3
17768,2021,7,13,2,21,4,3,1,114,99,1,26,4,4,6,79,3
17769,2021,7,13,2,21,4,3,18,1801,99,2,32,5,5,7,79,3
17770,2021,7,13,2,14,3,2,1,108,99,1,35,6,6,8,79,3
17771,2021,7,14,3,8,2,1,1,101,1,1,29,4,4,6,79,3
17772,2021,7,14,3,18,4,3,1,101,6,2,40,7,7,9,79,3
17773,2021,7,14,3,19,4,3,1,101,18,1,25,4,4,6,79,3
17774,2021,7,14,3,18,4,3,1,108,99,1,21,3,3,5,79,3
17775,2021,7,14,3,14,3,2,5,506,99,1,23,3,3,5,24,3
17776,2021,7,14,3,13,3,2,5,512,99,1,23,3,3,5,24,3
17777,2021,7,14,3,13,3,2,11,1108,99,1,27,4,4,6,79,3
17778,2021,7,14,3,8,2,1,18,1801,99,1,29,4,4,6,79,3
17779,2021,7,14,3,19,4,3,3,301,99,1,27,4,4,6,79,3
17780,2021,7,14,3,21,4,3,1,101,7,1,21,3,3,5,79,3
17781,2021,7,15,4,7,2,1,1,101,2,1,26,4,4,6,79,3
17782,2021,7,15,4,18,4,3,1,101,1,1,25,4,4,6,79,3
17783,2021,7,15,4,5,1,1,1,101,10,1,28,4,4,6,24,3
17784,2021,7,15,4,20,4,3,1,101,10,1,21,3,3,5,79,3
17785,2021,7,15,4,3,1,1,1,101,7,1,45,8,8,10,79,3
17786,2021,7,15,4,15,3,2,5,501,99,2,21,3,3,5,24,3
17787,2021,7,15,4,3,1,1,5,509,99,2,40,7,7,9,79,3
17788,2021,7,15,4,21,4,3,1,114,99,2,32,5,5,7,79,3
17789,2021,7,16,5,13,3,2,3,301,99,1,28,4,4,6,79,3
17790,2021,7,16,5,5,1,1,1,101,10,1,47,8,8,10,24,3
17791,2021,7,16,5,4,1,1,1,101,12,1,24,3,3,5,24,3
17792,2021,7,16,5,1,1,1,1,101,21,1,46,8,8,10,79,3
17793,2021,7,16,5,5,1,1,1,108,99,1,29,4,4,6,24,3
17794,2021,7,16,5,9,2,1,1,101,10,1,42,7,7,9,79,3
17795,2021,7,16,5,11,2,1,18,1805,99,2,24,3,3,5,79,3
17796,2021,7,16,5,15,3,2,18,1805,99,2,26,4,4,6,79,3
17797,2021,7,16,5,12,3,2,17,1712,99,2,36,6,6,8,79,3
17798,2021,7,16,5,18,4,3,1,116,99,1,23,3,3,5,79,3
17799,2021,7,16,5,19,4,3,1,101,19,1,46,8,8,10,79,3
17800,2021,7,16,5,16,3,2,1,101,19,1,30,5,5,7,79,3
17801,2021,7,16,5,16,3,2,1,108,99,1,23,3,3,5,24,3
17802,2021,7,17,6,12,3,2,1,101,7,1,28,4,4,6,24,3
17803,2021,7,17,6,11,2,1,1,114,99,1,35,6,6,8,79,3
17804,2021,7,17,6,17,3,2,1,116,99,1,61,11,11,13,79,3
17805,2021,7,17,6,5,1,1,5,501,99,1,26,4,4,6,24,3
17806,2021,7,17,6,14,3,2,13,1301,99,1,29,4,4,6,79,3
17807,2021,7,17,6,17,3,2,18,1801,99,1,26,4,4,6,24,3
17808,2021,7,17,6,7,2,1,18,1801,99,2,35,6,6,8,24,3
17809,2021,7,18,7,8,2,1,1,101,5,1,31,5,5,7,79,3
17810,2021,7,18,7,21,4,3,1,116,99,1,31,5,5,7,79,3
17811,2021,7,18,7,7,2,1,1,101,6,1,45,8,8,10,79,3
17812,2021,7,18,7,16,3,2,1,101,24,1,31,5,5,7,79,3
17813,2021,7,18,7,8,2,1,5,507,99,1,23,3,3,5,24,3
17814,2021,7,18,7,14,3,2,5,501,99,1,21,3,3,5,24,3
17815,2021,7,18,7,9,2,1,18,1805,99,1,21,3,3,5,79,3
17816,2021,7,18,7,9,2,1,4,405,99,1,27,4,4,6,79,3
17817,2021,7,18,7,9,2,1,4,405,99,1,27,4,4,6,79,3
17818,2021,7,19,1,5,1,1,1,101,1,1,35,6,6,8,24,3
17819,2021,7,19,1,11,2,1,1,101,9,1,28,4,4,6,79,3
17820,2021,7,19,1,19,4,3,1,101,9,1,32,5,5,7,79,3
17821,2021,7,19,1,4,1,1,1,101,6,1,35,6,6,8,79,3
17822,2021,7,19,1,10,2,1,1,101,10,1,24,3,3,5,79,3
17823,2021,7,19,1,4,1,1,1,101,7,1,24,3,3,5,24,3
17824,2021,7,19,1,8,2,1,1,115,99,1,20,3,3,5,79,3
17825,2021,7,19,1,15,3,2,1,101,11,1,51,9,9,11,79,3
17826,2021,7,19,1,1,1,1,1,115,99,1,26,4,4,6,79,3
17827,2021,7,19,1,20,4,3,1,108,99,1,26,4,4,6,24,3
17828,2021,7,19,1,16,3,2,22,2201,99,1,46,8,8,10,79,3
17829,2021,7,19,1,4,1,1,5,511,99,1,19,2,2,4,24,3
17830,2021,7,19,1,5,1,1,5,501,99,1,19,2,2,4,24,3
17831,2021,7,19,1,12,3,2,5,507,99,1,24,3,3,5,24,3
17832,2021,7,19,1,4,1,1,5,506,99,1,30,5,5,7,24,3
17833,2021,7,19,1,18,4,3,5,502,99,1,21,3,3,5,24,3
17834,2021,7,19,1,14,3,2,10,1006,99,1,19,2,2,4,79,3
17835,2021,7,19,1,22,4,3,4,402,99,1,25,4,4,6,79,3
17836,2021,7,19,1,0,1,1,3,302,99,1,38,6,6,8,79,3
17837,2021,7,20,2,19,4,3,1,101,18,1,23,3,3,5,79,3
17838,2021,7,20,2,10,2,1,1,101,10,1,24,3,3,5,24,3
17839,2021,7,20,2,9,2,1,1,101,14,1,29,4,4,6,79,3
17840,2021,7,20,2,9,2,1,1,101,21,1,58,10,10,12,79,3
17841,2021,7,20,2,17,3,2,1,101,11,1,33,5,5,7,24,3
17842,2021,7,20,2,15,3,2,1,115,99,1,34,5,5,7,24,3
17843,2021,7,20,2,15,3,2,5,501,99,2,19,2,2,4,24,3
17844,2021,7,20,2,12,3,2,5,506,99,2,46,8,8,10,24,3
17845,2021,7,20,2,7,2,1,5,501,99,2,18,2,2,4,24,3
17846,2021,7,20,2,18,4,3,18,1801,99,2,47,8,8,10,79,3
17847,2021,7,20,2,17,3,2,1,101,10,1,31,5,5,7,79,3
17848,2021,7,21,3,1,1,1,1,101,18,1,32,5,5,7,79,3
17849,2021,7,21,3,15,3,2,1,102,99,1,21,3,3,5,79,3
17850,2021,7,21,3,20,4,3,1,115,99,1,20,3,3,5,79,3
17851,2021,7,21,3,16,3,2,22,2201,99,1,41,7,7,9,79,3
17852,2021,7,21,3,1,1,1,19,1904,99,1,28,4,4,6,24,3
17853,2021,7,21,3,8,2,1,5,506,99,2,22,3,3,5,24,3
17854,2021,7,21,3,18,4,3,5,511,99,1,41,7,7,9,24,3
17855,2021,7,21,3,9,2,1,1,101,9,1,42,7,7,9,24,3
17856,2021,7,21,3,16,3,2,1,101,5,1,31,5,5,7,79,3
17857,2021,7,22,4,1,1,1,1,101,3,1,24,3,3,5,79,3
17858,2021,7,22,4,18,4,3,1,101,1,1,33,5,5,7,24,3
17859,2021,7,22,4,12,3,2,1,101,6,1,17,2,2,4,24,3
17860,2021,7,22,4,19,4,3,1,101,18,1,25,4,4,6,79,3
17861,2021,7,22,4,19,4,3,1,115,99,1,21,3,3,5,24,3
17862,2021,7,22,4,4,1,1,1,115,99,1,30,5,5,7,24,3
17863,2021,7,22,4,17,3,2,2,207,99,1,28,4,4,6,79,3
17864,2021,7,22,4,22,4,3,5,501,99,1,25,4,4,6,79,3
17865,2021,7,22,4,15,3,2,1,101,14,1,22,3,3,5,79,3
17866,2021,7,22,4,6,2,1,1,101,13,1,47,8,8,10,79,3
17867,2021,7,23,5,2,1,1,1,101,1,1,36,6,6,8,79,3
17868,2021,7,23,5,6,2,1,1,101,1,1,23,3,3,5,79,3
17869,2021,7,23,5,17,3,2,1,101,18,1,27,4,4,6,24,3
17870,2021,7,23,5,4,1,1,1,101,7,1,999,12,16,18,24,3
17871,2021,7,23,5,17,3,2,1,101,7,1,54,9,9,11,79,3
17872,2021,7,23,5,15,3,2,1,101,19,1,30,5,5,7,79,3
17873,2021,7,23,5,9,2,1,10,1002,99,1,45,8,8,10,79,3
17874,2021,7,23,5,4,1,1,11,1106,99,1,999,12,16,18,24,3
17875,2021,7,23,5,20,4,3,11,1101,99,1,26,4,4,6,79,3
17876,2021,7,23,5,22,4,3,1,101,6,1,26,4,4,6,79,3
17877,2021,7,23,5,14,3,2,3,301,99,1,21,3,3,5,79,3
17878,2021,7,24,6,19,4,3,1,101,1,1,37,6,6,8,79,3
17879,2021,7,24,6,18,4,3,1,101,6,1,20,3,3,5,79,3
17880,2021,7,24,6,11,2,1,1,114,99,2,39,6,6,8,79,3
17881,2021,7,24,6,19,4,3,1,114,99,2,23,3,3,5,79,3
17882,2021,7,24,6,9,2,1,20,2001,99,1,27,4,4,6,79,3
17883,2021,7,25,7,19,4,3,1,101,1,1,28,4,4,6,79,3
17884,2021,7,25,7,14,3,2,1,101,17,1,19,2,2,4,24,3
17885,2021,7,25,7,5,1,1,22,2205,99,1,999,12,16,18,79,3
17886,2021,7,25,7,5,1,1,5,502,99,1,41,7,7,9,79,3
17887,2021,7,25,7,13,3,2,5,510,99,1,22,3,3,5,24,3
17888,2021,7,25,7,14,3,2,5,501,99,2,39,6,6,8,79,3
17889,2021,7,25,7,6,2,1,5,501,99,2,24,3,3,5,24,3
17890,2021,7,25,7,20,4,3,18,1801,99,1,999,12,16,18,24,3
17891,2021,7,25,7,10,2,1,4,409,99,1,22,3,3,5,79,3
17892,2021,7,25,7,22,4,3,19,1905,99,1,22,3,3,5,24,3
17893,2021,7,25,7,7,2,1,5,511,99,1,25,4,4,6,24,3
17894,2021,7,25,7,14,3,2,18,1803,99,1,32,5,5,7,79,3
17895,2021,7,25,7,18,4,3,5,513,99,1,23,3,3,5,24,3
17896,2021,7,25,7,10,2,1,4,409,99,1,22,3,3,5,79,3
17897,2021,7,26,1,13,3,2,18,1802,99,1,21,3,3,5,24,3
17898,2021,7,26,1,10,2,1,1,101,9,1,31,5,5,7,79,3
17899,2021,7,26,1,11,2,1,1,101,4,1,45,8,8,10,79,3
17900,2021,7,26,1,9,2,1,1,101,9,1,36,6,6,8,79,3
17901,2021,7,26,1,22,4,3,1,116,99,1,23,3,3,5,79,3
17902,2021,7,26,1,11,2,1,5,501,99,1,27,4,4,6,24,3
17903,2021,7,26,1,21,4,3,14,1403,99,2,30,5,5,7,79,3
17904,2021,7,26,1,17,3,2,11,1107,99,1,34,5,5,7,24,3
17905,2021,7,26,1,23,4,3,1,114,99,1,36,6,6,8,24,3
17906,2021,7,27,2,8,2,1,1,101,1,1,45,8,8,10,79,3
17907,2021,7,27,2,9,2,1,1,101,9,2,22,3,3,5,79,3
17908,2021,7,27,2,4,1,1,1,101,2,1,23,3,3,5,24,3
17909,2021,7,27,2,4,1,1,1,101,17,1,26,4,4,6,79,3
17910,2021,7,27,2,5,1,1,1,101,18,1,24,3,3,5,79,3
17911,2021,7,27,2,21,4,3,1,101,25,2,30,5,5,7,79,3
17912,2021,7,27,2,8,2,1,1,101,16,1,38,6,6,8,79,3
17913,2021,7,27,2,8,2,1,1,101,16,1,27,4,4,6,79,3
17914,2021,7,27,2,13,3,2,1,101,13,1,25,4,4,6,79,3
17915,2021,7,27,2,4,1,1,1,101,11,1,23,3,3,5,24,3
17916,2021,7,27,2,13,3,2,1,101,12,2,43,7,7,9,24,3
17917,2021,7,27,2,14,3,2,1,116,99,1,32,5,5,7,79,3
17918,2021,7,27,2,17,3,2,1,101,19,1,36,6,6,8,79,3
17919,2021,7,27,2,14,3,2,20,2008,99,1,26,4,4,6,79,3
17920,2021,7,27,2,10,2,1,5,501,99,1,20,3,3,5,79,3
17921,2021,7,27,2,21,4,3,10,1020,99,1,27,4,4,6,24,3
17922,2021,7,27,2,18,4,3,4,401,99,1,35,6,6,8,79,3
17923,2021,7,27,2,0,1,1,14,1403,99,2,30,5,5,7,79,3
17924,2021,7,27,2,0,1,1,14,1403,99,2,30,5,5,7,79,3
17925,2021,7,28,3,18,4,3,1,101,6,1,36,6,6,8,79,3
17926,2021,7,28,3,20,4,3,1,101,18,1,25,4,4,6,79,3
17927,2021,7,28,3,14,3,2,1,101,5,1,21,3,3,5,24,3
17928,2021,7,28,3,18,4,3,1,115,99,1,23,3,3,5,24,3
17929,2021,7,28,3,7,2,1,11,1104,99,1,46,8,8,10,79,3
17930,2021,7,28,3,7,2,1,11,1104,99,1,19,2,2,4,79,3
17931,2021,7,28,3,7,2,1,9,911,99,1,24,3,3,5,24,3
17932,2021,7,28,3,18,4,3,18,1801,99,2,24,3,3,5,24,3
17933,2021,7,29,4,6,2,1,1,101,18,1,38,6,6,8,24,3
17934,2021,7,29,4,21,4,3,1,101,17,1,24,3,3,5,79,3
17935,2021,7,29,4,16,3,2,1,101,17,1,44,7,7,9,79,3
17936,2021,7,29,4,20,4,3,1,101,7,1,21,3,3,5,24,3
17937,2021,7,29,4,22,4,3,1,101,7,1,24,3,3,5,24,3
17938,2021,7,29,4,5,1,1,5,501,99,1,49,8,8,10,24,3
17939,2021,7,29,4,15,3,2,5,505,99,1,18,2,2,4,24,3
17940,2021,7,29,4,7,2,1,11,1102,99,1,49,8,8,10,79,3
17941,2021,7,29,4,20,4,3,17,1713,99,1,43,7,7,9,79,3
17942,2021,7,29,4,19,4,3,3,308,99,1,30,5,5,7,79,3
17943,2021,7,29,4,11,2,1,3,301,99,1,23,3,3,5,79,3
17944,2021,7,29,4,7,2,1,1,108,99,1,50,9,9,11,24,3
17945,2021,7,30,5,4,1,1,1,101,7,1,23,3,3,5,24,3
17946,2021,7,30,5,3,1,1,1,101,7,1,31,5,5,7,24,3
17947,2021,7,30,5,9,2,1,1,101,12,1,22,3,3,5,79,3
17948,2021,7,30,5,17,3,2,1,101,12,1,21,3,3,5,24,3
17949,2021,7,30,5,5,1,1,5,506,99,1,37,6,6,8,24,3
17950,2021,7,31,6,19,4,3,1,101,18,1,30,5,5,7,79,3
17951,2021,7,31,6,99,5,4,1,101,12,1,21,3,3,5,24,3
17952,2021,7,31,6,15,3,2,1,114,99,1,25,4,4,6,79,3
17953,2021,7,31,6,17,3,2,1,117,99,1,32,5,5,7,79,3
17954,2021,7,31,6,5,1,1,5,501,99,1,19,2,2,4,24,3
17955,2021,7,31,6,16,3,2,5,506,99,1,39,6,6,8,24,3
17956,2021,7,31,6,21,4,3,5,501,99,1,39,6,6,8,24,3
17957,2021,7,31,6,22,4,3,5,501,99,1,23,3,3,5,24,3
17958,2021,7,31,6,22,4,3,5,501,99,1,23,3,3,5,24,3
17959,2021,7,31,6,23,4,3,1,110,99,1,28,4,4,6,79,3
17960,2021,7,31,6,20,4,3,1,101,5,1,24,3,3,5,24,3
17961,2021,8,1,7,11,2,1,1,101,18,1,42,7,7,9,79,3
17962,2021,8,1,7,7,2,1,6,601,99,1,19,2,2,4,24,3
17963,2021,8,1,7,7,2,1,1,101,7,1,41,7,7,9,24,3
17964,2021,8,1,7,15,3,2,1,101,11,1,24,3,3,5,79,3
17965,2021,8,1,7,4,1,1,5,502,99,1,38,6,6,8,79,3
17966,2021,8,1,7,1,1,1,5,501,99,1,29,4,4,6,24,3
17967,2021,8,1,7,16,3,2,5,505,99,2,43,7,7,9,24,3
17968,2021,8,1,7,19,4,3,5,513,99,1,20,3,3,5,24,3
17969,2021,8,1,7,18,4,3,1,116,99,1,26,4,4,6,79,3
17970,2021,8,1,7,5,1,1,5,501,99,1,22,3,3,5,24,3
17971,2021,8,1,7,21,4,3,5,501,99,2,25,4,4,6,24,3
17972,2021,8,1,7,0,1,1,1,101,11,1,54,9,9,11,79,3
17973,2021,8,2,1,14,3,2,1,101,17,1,20,3,3,5,79,3
17974,2021,8,2,1,19,4,3,1,101,10,1,29,4,4,6,79,3
17975,2021,8,2,1,10,2,1,1,101,7,1,39,6,6,8,24,3
17976,2021,8,2,1,5,1,1,5,513,99,1,26,4,4,6,24,3
17977,2021,8,2,1,99,5,4,5,513,99,2,36,6,6,8,79,3
17978,2021,8,2,1,19,4,3,1,106,99,1,19,2,2,4,79,3
17979,2021,8,2,1,10,2,1,1,108,99,2,33,5,5,7,79,3
17980,2021,8,3,2,1,1,1,1,101,6,2,34,5,5,7,79,3
17981,2021,8,3,2,22,4,3,1,101,18,1,24,3,3,5,79,3
17982,2021,8,3,2,20,4,3,1,114,99,1,37,6,6,8,24,3
17983,2021,8,3,2,22,4,3,1,108,99,1,23,3,3,5,24,3
17984,2021,8,3,2,19,4,3,19,1901,99,2,45,8,8,10,24,3
17985,2021,8,3,2,20,4,3,5,501,99,1,29,4,4,6,24,3
17986,2021,8,3,2,19,4,3,5,506,99,1,41,7,7,9,24,3
17987,2021,8,3,2,22,4,3,1,101,10,1,44,7,7,9,79,3
17988,2021,8,3,2,15,3,2,3,309,99,1,19,2,2,4,79,3
17989,2021,8,4,3,4,1,1,1,101,2,1,23,3,3,5,24,3
17990,2021,8,4,3,3,1,1,1,101,18,1,41,7,7,9,79,3
17991,2021,8,4,3,8,2,1,1,101,18,1,27,4,4,6,79,3
17992,2021,8,4,3,4,1,1,1,101,12,1,36,6,6,8,24,3
17993,2021,8,4,3,3,1,1,1,101,21,1,27,4,4,6,79,3
17994,2021,8,4,3,13,3,2,5,501,99,1,18,2,2,4,24,3
17995,2021,8,4,3,12,3,2,5,501,99,1,42,7,7,9,79,3
17996,2021,8,4,3,3,1,1,1,101,7,1,27,4,4,6,79,3
17997,2021,8,4,3,6,2,1,1,101,7,1,20,3,3,5,79,3
17998,2021,8,4,3,4,1,1,1,101,7,1,26,4,4,6,79,3
17999,2021,8,4,3,18,4,3,1,101,7,1,39,6,6,8,79,3
18000,2021,8,4,3,19,4,3,1,101,7,1,45,8,8,10,79,3
18001,2021,8,4,3,23,4,3,1,101,8,1,27,4,4,6,24,3
18002,2021,8,5,4,0,1,1,1,101,9,1,23,3,3,5,24,3
18003,2021,8,5,4,20,4,3,1,101,17,1,23,3,3,5,24,3
18004,2021,8,5,4,14,3,2,1,115,99,1,19,2,2,4,79,3
18005,2021,8,5,4,4,1,1,5,511,99,1,45,8,8,10,24,3
18006,2021,8,5,4,3,1,1,5,502,99,1,32,5,5,7,24,3
18007,2021,8,5,4,13,3,2,5,502,99,1,45,8,8,10,79,3
18008,2021,8,5,4,20,4,3,18,1801,99,1,18,2,2,4,24,3
18009,2021,8,5,4,19,4,3,1,117,99,1,19,2,2,4,79,3
18010,2021,8,5,4,19,4,3,5,506,99,1,31,5,5,7,24,3
18011,2021,8,5,4,23,4,3,1,101,3,1,36,6,6,8,79,3
18012,2021,8,5,4,8,2,1,1,101,9,1,27,4,4,6,79,3
18013,2021,8,6,5,8,2,1,1,117,99,1,31,5,5,7,79,3
18014,2021,8,6,5,8,2,1,20,2001,99,2,39,6,6,8,79,3
18015,2021,8,6,5,4,1,1,5,501,99,1,38,6,6,8,24,3
18016,2021,8,6,5,12,3,2,5,502,99,1,26,4,4,6,79,3
18017,2021,8,6,5,5,1,1,2,207,99,1,30,5,5,7,79,3
18018,2021,8,6,5,7,2,1,18,1801,99,1,28,4,4,6,79,3
18019,2021,8,6,5,17,3,2,3,301,99,1,36,6,6,8,79,3
18020,2021,8,6,5,21,4,3,1,114,99,1,23,3,3,5,79,3
18021,2021,8,6,5,20,4,3,1,116,99,2,32,5,5,7,79,3
18022,2021,8,6,5,9,2,1,1,115,99,1,25,4,4,6,79,3
18023,2021,8,6,5,12,3,2,1,108,99,1,31,5,5,7,79,3
18024,2021,8,6,5,19,4,3,1,101,1,2,25,4,4,6,79,3
18025,2021,8,7,6,10,2,1,1,101,18,1,61,11,11,13,79,3
18026,2021,8,7,6,20,4,3,5,501,99,1,21,3,3,5,24,3
18027,2021,8,7,6,16,3,2,12,1230,99,2,999,12,16,18,24,3
18028,2021,8,7,6,15,3,2,18,1802,99,1,54,9,9,11,79,3
18029,2021,8,7,6,2,1,1,1,102,99,1,31,5,5,7,79,3
18030,2021,8,7,6,15,3,2,1,101,10,1,22,3,3,5,79,3
18031,2021,8,8,7,6,2,1,1,101,18,1,23,3,3,5,79,3
18032,2021,8,8,7,20,4,3,1,115,99,1,37,6,6,8,79,3
18033,2021,8,8,7,11,2,1,20,2001,99,1,19,2,2,4,79,3
18034,2021,8,8,7,12,3,2,4,403,99,1,27,4,4,6,79,3
18035,2021,8,8,7,11,2,1,1,101,9,1,26,4,4,6,79,3
18036,2021,8,9,1,9,2,1,1,101,1,1,37,6,6,8,24,3
18037,2021,8,9,1,21,4,3,1,101,4,1,35,6,6,8,24,3
18038,2021,8,9,1,20,4,3,1,101,18,1,30,5,5,7,24,3
18039,2021,8,9,1,18,4,3,1,101,6,2,27,4,4,6,24,3
18040,2021,8,9,1,9,2,1,1,117,99,1,44,7,7,9,79,3
18041,2021,8,9,1,15,3,2,5,502,99,1,25,4,4,6,79,3
18042,2021,8,9,1,19,4,3,5,503,99,2,20,3,3,5,24,3
18043,2021,8,9,1,21,4,3,5,501,99,1,57,10,10,12,24,3
18044,2021,8,9,1,0,1,1,12,1217,99,1,23,3,3,5,24,3
18045,2021,8,9,1,19,4,3,17,1711,99,1,21,3,3,5,79,3
18046,2021,8,9,1,4,1,1,1,101,10,1,34,5,5,7,79,3
18047,2021,8,10,2,1,1,1,1,101,17,1,26,4,4,6,79,3
18048,2021,8,10,2,18,4,3,5,509,99,1,55,10,10,12,24,3
18049,2021,8,10,2,14,3,2,5,501,99,1,31,5,5,7,24,3
18050,2021,8,10,2,13,3,2,18,1801,99,2,40,7,7,9,79,3
18051,2021,8,10,2,8,2,1,1,108,99,2,35,6,6,8,79,3
18052,2021,8,10,2,20,4,3,1,101,19,1,24,3,3,5,79,3
18053,2021,8,10,2,18,4,3,5,502,99,1,38,6,6,8,24,3
18054,2021,8,10,2,21,4,3,5,501,99,2,22,3,3,5,24,3
18055,2021,8,10,2,19,4,3,17,1705,99,1,32,5,5,7,79,3
18056,2021,8,10,2,17,3,2,1,101,9,1,28,4,4,6,79,3
18057,2021,8,11,3,9,2,1,1,101,9,1,25,4,4,6,79,3
18058,2021,8,11,3,21,4,3,1,101,25,1,23,3,3,5,79,3
18059,2021,8,11,3,10,2,1,1,101,10,1,58,10,10,12,79,3
18060,2021,8,11,3,19,4,3,1,108,99,2,28,4,4,6,79,3
18061,2021,8,11,3,9,2,1,20,2007,99,1,44,7,7,9,79,3
18062,2021,8,11,3,5,1,1,5,511,99,1,21,3,3,5,24,3
18063,2021,8,11,3,18,4,3,5,501,99,1,24,3,3,5,24,3
18064,2021,8,11,3,4,1,1,1,101,13,1,26,4,4,6,79,3
18065,2021,8,11,3,16,3,2,1,102,99,1,36,6,6,8,24,3
18066,2021,8,12,4,7,2,1,1,101,14,1,28,4,4,6,79,3
18067,2021,8,12,4,4,1,1,1,101,11,1,26,4,4,6,24,3
18068,2021,8,12,4,19,4,3,1,101,11,1,30,5,5,7,79,3
18069,2021,8,12,4,12,3,2,1,101,11,1,28,4,4,6,79,3
18070,2021,8,12,4,12,3,2,1,101,11,1,28,4,4,6,79,3
18071,2021,8,12,4,9,2,1,1,101,21,1,26,4,4,6,24,3
18072,2021,8,12,4,7,2,1,1,117,99,1,25,4,4,6,79,3
18073,2021,8,12,4,20,4,3,1,101,19,1,21,3,3,5,24,3
18074,2021,8,12,4,13,3,2,5,507,99,1,25,4,4,6,24,3
18075,2021,8,12,4,13,3,2,5,502,99,2,31,5,5,7,79,3
18076,2021,8,12,4,21,4,3,5,501,99,1,31,5,5,7,24,3
18077,2021,8,12,4,19,4,3,5,506,99,2,29,4,4,6,24,3
18078,2021,8,12,4,9,2,1,18,1805,99,1,22,3,3,5,79,3
18079,2021,8,12,4,14,3,2,4,401,99,1,28,4,4,6,79,3
18080,2021,8,12,4,15,3,2,3,308,99,1,29,4,4,6,79,3
18081,2021,8,12,4,18,4,3,1,101,9,1,24,3,3,5,79,3
18082,2021,8,12,4,18,4,3,1,101,9,1,24,3,3,5,79,3
18083,2021,8,12,4,21,4,3,1,101,14,1,25,4,4,6,79,3
18084,2021,8,12,4,20,4,3,5,501,99,1,18,2,2,4,24,3
18085,2021,8,13,5,9,2,1,1,101,1,1,22,3,3,5,79,3
18086,2021,8,13,5,22,4,3,1,101,12,1,24,3,3,5,79,3
18087,2021,8,13,5,19,4,3,1,115,99,1,42,7,7,9,79,3
18088,2021,8,13,5,23,4,3,1,117,99,1,20,3,3,5,79,3
18089,2021,8,13,5,20,4,3,1,108,99,1,26,4,4,6,24,3
18090,2021,8,13,5,18,4,3,1,108,99,1,31,5,5,7,24,3
18091,2021,8,13,5,17,3,2,5,501,99,1,40,7,7,9,79,3
18092,2021,8,13,5,17,3,2,2,204,99,1,33,5,5,7,79,3
18093,2021,8,13,5,14,3,2,18,1804,99,2,32,5,5,7,24,3
18094,2021,8,14,6,4,1,1,1,115,99,1,31,5,5,7,79,3
18095,2021,8,14,6,21,4,3,22,2202,99,1,22,3,3,5,79,3
18096,2021,8,14,6,18,4,3,21,2101,99,1,21,3,3,5,79,3
18097,2021,8,14,6,8,2,1,19,1901,99,1,32,5,5,7,79,3
18098,2021,8,14,6,4,1,1,5,501,99,1,22,3,3,5,24,3
18099,2021,8,14,6,14,3,2,5,502,99,1,25,4,4,6,24,3
18100,2021,8,14,6,20,4,3,5,506,99,1,28,4,4,6,24,3
18101,2021,8,14,6,18,4,3,6,608,99,1,30,5,5,7,79,3
18102,2021,8,14,6,18,4,3,3,301,99,1,33,5,5,7,79,3
18103,2021,8,14,6,11,2,1,5,507,99,2,32,5,5,7,24,3
18104,2021,8,14,6,22,4,3,18,1801,99,1,26,4,4,6,79,3
18105,2021,8,14,6,19,4,3,5,501,99,1,24,3,3,5,24,3
18106,2021,8,14,6,15,3,2,1,101,12,1,30,5,5,7,79,3
18107,2021,8,14,6,23,4,3,1,102,99,1,33,5,5,7,24,3
18108,2021,8,14,6,21,4,3,5,505,99,1,39,6,6,8,79,3
18109,2021,8,14,6,17,3,2,18,1801,99,1,36,6,6,8,24,3
18110,2021,8,15,7,16,3,2,5,513,99,1,32,5,5,7,24,3
18111,2021,8,15,7,16,3,2,5,513,99,1,37,6,6,8,24,3
18112,2021,8,15,7,13,3,2,5,501,99,1,31,5,5,7,24,3
18113,2021,8,15,7,19,4,3,5,502,99,2,29,4,4,6,79,3
18114,2021,8,15,7,20,4,3,5,506,99,1,29,4,4,6,79,3
18115,2021,8,15,7,12,3,2,18,1803,99,1,48,8,8,10,79,3
18116,2021,8,15,7,21,4,3,18,1801,99,2,37,6,6,8,24,3
18117,2021,8,15,7,0,1,1,3,316,99,1,21,3,3,5,79,3
18118,2021,8,15,7,23,4,3,3,310,99,1,34,5,5,7,79,3
18119,2021,8,16,1,4,1,1,1,101,3,2,25,4,4,6,24,3
18120,2021,8,16,1,13,3,2,1,101,2,1,24,3,3,5,79,3
18121,2021,8,16,1,9,2,1,1,101,9,1,32,5,5,7,79,3
18122,2021,8,16,1,99,5,4,1,101,17,2,40,7,7,9,79,3
18123,2021,8,16,1,13,3,2,1,101,10,1,23,3,3,5,79,3
18124,2021,8,16,1,10,2,1,1,101,10,1,21,3,3,5,79,3
18125,2021,8,16,1,4,1,1,1,101,12,1,35,6,6,8,24,3
18126,2021,8,16,1,12,3,2,1,117,99,1,25,4,4,6,79,3
18127,2021,8,16,1,99,5,4,1,115,99,1,19,2,2,4,79,3
18128,2021,8,16,1,15,3,2,1,114,99,1,40,7,7,9,79,3
18129,2021,8,16,1,16,3,2,1,115,99,1,26,4,4,6,79,3
18130,2021,8,16,1,12,3,2,5,501,99,1,23,3,3,5,24,3
18131,2021,8,16,1,14,3,2,5,501,99,1,37,6,6,8,24,3
18132,2021,8,16,1,5,1,1,5,501,99,2,30,5,5,7,24,3
18133,2021,8,16,1,16,3,2,5,501,99,1,46,8,8,10,79,3
18134,2021,8,17,2,5,1,1,1,114,99,1,20,3,3,5,24,3
18135,2021,8,17,2,14,3,2,1,115,99,1,36,6,6,8,79,3
18136,2021,8,17,2,16,3,2,1,115,99,1,30,5,5,7,79,3
18137,2021,8,17,2,20,4,3,1,116,99,1,22,3,3,5,79,3
18138,2021,8,17,2,15,3,2,5,509,99,1,31,5,5,7,24,3
18139,2021,8,17,2,19,4,3,5,501,99,2,21,3,3,5,24,3
18140,2021,8,17,2,19,4,3,10,1004,99,1,23,3,3,5,24,3
18141,2021,8,17,2,9,2,1,16,1601,99,1,28,4,4,6,79,3
18142,2021,8,17,2,14,3,2,18,1801,99,1,16,2,2,4,79,3
18143,2021,8,17,2,14,3,2,18,1801,99,2,29,4,4,6,79,3
18144,2021,8,17,2,17,3,2,4,414,99,1,37,6,6,8,79,3
18145,2021,8,18,3,6,2,1,1,101,1,1,42,7,7,9,79,3
18146,2021,8,18,3,15,3,2,1,101,9,1,27,4,4,6,79,3
18147,2021,8,18,3,11,2,1,1,101,18,1,32,5,5,7,79,3
18148,2021,8,18,3,21,4,3,1,101,17,1,27,4,4,6,79,3
18149,2021,8,18,3,4,1,1,1,101,10,1,21,3,3,5,24,3
18150,2021,8,18,3,20,4,3,1,101,13,1,21,3,3,5,24,3
18151,2021,8,18,3,20,4,3,1,116,99,1,57,10,10,12,79,3
18152,2021,8,18,3,17,3,2,1,115,99,1,25,4,4,6,79,3
18153,2021,8,18,3,11,2,1,1,108,99,1,19,2,2,4,79,3
18154,2021,8,18,3,5,1,1,1,108,99,1,26,4,4,6,79,3
18155,2021,8,18,3,20,4,3,1,101,19,1,37,6,6,8,79,3
18156,2021,8,18,3,18,4,3,22,2202,99,2,37,6,6,8,24,3
18157,2021,8,18,3,13,3,2,5,507,99,1,28,4,4,6,24,3
18158,2021,8,18,3,19,4,3,5,501,99,1,19,2,2,4,24,3
18159,2021,8,18,3,20,4,3,5,501,99,1,20,3,3,5,24,3
18160,2021,8,18,3,7,2,1,6,601,99,1,999,12,16,18,79,3
18161,2021,8,18,3,9,2,1,11,1105,99,1,66,11,12,14,79,3
18162,2021,8,19,4,4,1,1,1,101,9,2,30,5,5,7,24,3
18163,2021,8,19,4,8,2,1,1,101,9,1,27,4,4,6,79,3
18164,2021,8,19,4,4,1,1,1,101,12,1,26,4,4,6,24,3
18165,2021,8,19,4,10,2,1,1,115,99,1,23,3,3,5,79,3
18166,2021,8,19,4,7,2,1,20,2001,99,1,25,4,4,6,79,3
18167,2021,8,19,4,19,4,3,5,513,99,1,27,4,4,6,24,3
18168,2021,8,19,4,15,3,2,5,513,99,2,33,5,5,7,24,3
18169,2021,8,20,5,5,1,1,1,101,1,1,22,3,3,5,24,3
18170,2021,8,20,5,10,2,1,1,101,9,1,25,4,4,6,79,3
18171,2021,8,20,5,18,4,3,1,101,1,1,70,11,13,15,79,3
18172,2021,8,20,5,14,3,2,5,502,99,1,22,3,3,5,24,3
18173,2021,8,20,5,19,4,3,5,502,99,1,21,3,3,5,24,3
18174,2021,8,20,5,14,3,2,17,1706,99,1,999,12,16,18,24,3
18175,2021,8,21,6,8,2,1,1,101,1,1,20,3,3,5,79,3
18176,2021,8,21,6,4,1,1,1,101,12,1,23,3,3,5,24,3
18177,2021,8,21,6,5,1,1,1,101,12,1,22,3,3,5,24,3
18178,2021,8,21,6,16,3,2,1,115,99,1,21,3,3,5,79,3
18179,2021,8,21,6,4,1,1,5,501,99,1,21,3,3,5,24,3
18180,2021,8,21,6,5,1,1,5,501,99,1,36,6,6,8,24,3
18181,2021,8,21,6,5,1,1,5,501,99,1,24,3,3,5,24,3
18182,2021,8,21,6,20,4,3,5,502,99,2,29,4,4,6,79,3
18183,2021,8,21,6,20,4,3,5,501,99,1,25,4,4,6,79,3
18184,2021,8,21,6,20,4,3,5,501,99,2,57,10,10,12,79,3
18185,2021,8,21,6,21,4,3,2,207,99,1,21,3,3,5,79,3
18186,2021,8,22,7,14,3,2,1,101,18,2,999,12,16,18,79,3
18187,2021,8,22,7,18,4,3,1,101,12,1,28,4,4,6,24,3
18188,2021,8,22,7,12,3,2,1,101,11,1,36,6,6,8,79,3
18189,2021,8,22,7,21,4,3,1,101,12,1,21,3,3,5,79,3
18190,2021,8,22,7,11,2,1,1,117,99,1,25,4,4,6,24,3
18191,2021,8,22,7,12,3,2,1,116,99,1,24,3,3,5,79,3
18192,2021,8,22,7,19,4,3,22,2214,99,1,28,4,4,6,79,3
18193,2021,8,22,7,10,2,1,19,1901,99,1,24,3,3,5,79,3
18194,2021,8,22,7,19,4,3,19,1905,99,2,35,6,6,8,24,3
18195,2021,8,22,7,18,4,3,5,507,99,1,29,4,4,6,24,3
18196,2021,8,22,7,4,1,1,5,501,99,1,42,7,7,9,24,3
18197,2021,8,22,7,20,4,3,5,501,99,1,26,4,4,6,24,3
18198,2021,8,22,7,8,2,1,10,1006,99,1,22,3,3,5,79,3
18199,2021,8,22,7,12,3,2,11,1102,99,1,26,4,4,6,79,3
18200,2021,8,22,7,20,4,3,18,1801,99,1,22,3,3,5,24,3
18201,2021,8,22,7,11,2,1,4,409,99,1,20,3,3,5,79,3
18202,2021,8,22,7,16,3,2,3,312,99,1,20,3,3,5,24,3
18203,2021,8,22,7,19,4,3,3,301,99,2,33,5,5,7,79,3
18204,2021,8,23,1,17,3,2,1,101,18,1,26,4,4,6,79,3
18205,2021,8,23,1,18,4,3,1,101,21,1,22,3,3,5,24,3
18206,2021,8,23,1,8,2,1,1,101,19,1,27,4,4,6,79,3
18207,2021,8,23,1,5,1,1,5,501,99,2,45,8,8,10,24,3
18208,2021,8,23,1,18,4,3,9,901,99,1,35,6,6,8,79,3
18209,2021,8,24,2,5,1,1,1,101,4,1,23,3,3,5,24,3
18210,2021,8,24,2,21,4,3,1,101,1,2,57,10,10,12,24,3
18211,2021,8,24,2,4,1,1,1,101,7,1,20,3,3,5,24,3
18212,2021,8,24,2,21,4,3,1,116,99,1,30,5,5,7,24,3
18213,2021,8,24,2,13,3,2,5,502,99,1,21,3,3,5,24,3
18214,2021,8,24,2,5,1,1,5,501,99,1,21,3,3,5,24,3
18215,2021,8,24,2,11,2,1,18,1803,99,1,999,12,16,18,24,3
18216,2021,8,25,3,5,1,1,1,101,9,1,21,3,3,5,79,3
18217,2021,8,25,3,19,4,3,1,101,9,1,27,4,4,6,79,3
18218,2021,8,25,3,17,3,2,1,102,99,1,20,3,3,5,79,3
18219,2021,8,25,3,4,1,1,1,101,11,1,25,4,4,6,24,3
18220,2021,8,25,3,22,4,3,1,117,99,1,30,5,5,7,79,3
18221,2021,8,25,3,19,4,3,1,108,99,2,28,4,4,6,24,3
18222,2021,8,25,3,4,1,1,21,2101,99,1,39,6,6,8,24,3
18223,2021,8,25,3,15,3,2,5,501,99,1,22,3,3,5,24,3
18224,2021,8,25,3,10,2,1,5,505,99,1,24,3,3,5,24,3
18225,2021,8,25,3,21,4,3,18,1801,99,1,31,5,5,7,24,3
18226,2021,8,25,3,22,4,3,4,413,99,1,28,4,4,6,79,3
18227,2021,8,25,3,21,4,3,4,416,99,1,31,5,5,7,24,3
18228,2021,8,26,4,8,2,1,1,101,9,1,29,4,4,6,79,3
18229,2021,8,26,4,20,4,3,1,101,18,1,25,4,4,6,79,3
18230,2021,8,26,4,23,4,3,1,101,18,1,25,4,4,6,79,3
18231,2021,8,26,4,19,4,3,1,101,5,1,27,4,4,6,24,3
18232,2021,8,26,4,21,4,3,1,101,16,1,40,7,7,9,24,3
18233,2021,8,26,4,5,1,1,1,115,99,1,23,3,3,5,79,3
18234,2021,8,26,4,18,4,3,1,115,99,1,31,5,5,7,79,3
18235,2021,8,26,4,13,3,2,5,506,99,1,33,5,5,7,24,3
18236,2021,8,26,4,17,3,2,5,501,99,1,65,11,12,14,79,3
18237,2021,8,26,4,15,3,2,13,1301,99,1,22,3,3,5,79,3
18238,2021,8,27,5,7,2,1,1,101,5,1,25,4,4,6,79,3
18239,2021,8,27,5,7,2,1,1,101,5,1,20,3,3,5,79,3
18240,2021,8,27,5,11,2,1,1,101,10,1,40,7,7,9,79,3
18241,2021,8,27,5,4,1,1,1,101,16,1,25,4,4,6,24,3
18242,2021,8,27,5,11,2,1,1,101,12,1,21,3,3,5,79,3
18243,2021,8,27,5,17,3,2,1,101,11,1,26,4,4,6,79,3
18244,2021,8,27,5,18,4,3,1,115,99,1,38,6,6,8,79,3
18245,2021,8,27,5,4,1,1,5,501,99,1,24,3,3,5,24,3
18246,2021,8,27,5,12,3,2,5,506,99,1,31,5,5,7,24,3
18247,2021,8,27,5,17,3,2,5,501,99,1,32,5,5,7,24,3
18248,2021,8,27,5,9,2,1,5,501,99,1,44,7,7,9,79,3
18249,2021,8,27,5,19,4,3,6,601,99,1,51,9,9,11,79,3
18250,2021,8,27,5,3,1,1,4,409,99,1,36,6,6,8,79,3
18251,2021,8,27,5,8,2,1,4,409,99,1,32,5,5,7,79,3
18252,2021,8,28,6,5,1,1,1,101,1,1,20,3,3,5,24,3
18253,2021,8,28,6,7,2,1,1,101,7,1,22,3,3,5,79,3
18254,2021,8,28,6,8,2,1,1,101,7,1,22,3,3,5,79,3
18255,2021,8,28,6,8,2,1,1,101,7,1,26,4,4,6,79,3
18256,2021,8,28,6,5,1,1,1,115,99,1,25,4,4,6,79,3
18257,2021,8,28,6,15,3,2,1,115,99,1,26,4,4,6,79,3
18258,2021,8,28,6,8,2,1,1,110,99,1,39,6,6,8,24,3
18259,2021,8,28,6,19,4,3,20,2009,99,1,41,7,7,9,79,3
18260,2021,8,28,6,17,3,2,20,2001,99,1,41,7,7,9,79,3
18261,2021,8,28,6,4,1,1,5,501,99,1,22,3,3,5,24,3
18262,2021,8,28,6,5,1,1,5,501,99,1,46,8,8,10,24,3
18263,2021,8,28,6,20,4,3,5,501,99,1,29,4,4,6,79,3
18264,2021,8,28,6,20,4,3,5,501,99,1,23,3,3,5,79,3
18265,2021,8,28,6,21,4,3,5,509,99,1,27,4,4,6,79,3
18266,2021,8,28,6,8,2,1,5,501,99,1,47,8,8,10,24,3
18267,2021,8,28,6,9,2,1,10,1018,99,1,21,3,3,5,79,3
18268,2021,8,28,6,9,2,1,18,1804,99,1,22,3,3,5,79,3
18269,2021,8,28,6,13,3,2,18,1803,99,1,36,6,6,8,79,3
18270,2021,8,28,6,15,3,2,18,1803,99,1,50,9,9,11,79,3
18271,2021,8,29,7,20,4,3,1,108,99,2,45,8,8,10,79,3
18272,2021,8,29,7,8,2,1,5,501,99,1,28,4,4,6,24,3
18273,2021,8,29,7,15,3,2,5,506,99,1,20,3,3,5,24,3
18274,2021,8,29,7,13,3,2,5,507,99,1,21,3,3,5,24,3
18275,2021,8,29,7,11,2,1,5,501,99,1,29,4,4,6,79,3
18276,2021,8,29,7,18,4,3,5,506,99,1,32,5,5,7,79,3
18277,2021,8,29,7,15,3,2,5,512,99,1,31,5,5,7,24,3
18278,2021,8,29,7,18,4,3,5,501,99,1,23,3,3,5,79,3
18279,2021,8,29,7,10,2,1,18,1805,99,1,24,3,3,5,79,3
18280,2021,8,30,1,6,2,1,1,101,11,1,23,3,3,5,24,3
18281,2021,8,30,1,20,4,3,1,115,99,1,32,5,5,7,79,3
18282,2021,8,30,1,7,2,1,1,108,99,1,32,5,5,7,79,3
18283,2021,8,30,1,20,4,3,1,108,99,1,25,4,4,6,79,3
18284,2021,8,30,1,17,3,2,1,108,99,1,41,7,7,9,79,3
18285,2021,8,30,1,23,4,3,1,108,99,1,22,3,3,5,79,3
18286,2021,8,30,1,20,4,3,20,2001,99,1,999,12,16,18,79,3
18287,2021,8,30,1,17,3,2,5,513,99,1,40,7,7,9,24,3
18288,2021,8,30,1,5,1,1,5,505,99,1,20,3,3,5,79,3
18289,2021,8,30,1,21,4,3,5,509,99,1,30,5,5,7,24,3
18290,2021,8,30,1,17,3,2,13,1301,99,2,33,5,5,7,79,3
18291,2021,8,30,1,14,3,2,18,1804,99,2,24,3,3,5,79,3
18292,2021,8,31,2,7,2,1,1,101,3,1,26,4,4,6,79,3
18293,2021,8,31,2,17,3,2,1,101,10,1,26,4,4,6,79,3
18294,2021,8,31,2,18,4,3,1,102,99,1,21,3,3,5,79,3
18295,2021,8,31,2,14,3,2,1,101,13,1,45,8,8,10,79,3
18296,2021,8,31,2,5,1,1,1,101,7,1,23,3,3,5,24,3
18297,2021,8,31,2,1,1,1,1,108,99,1,28,4,4,6,79,3
18298,2021,8,31,2,1,1,1,20,2001,99,1,999,12,16,18,79,3
18299,2021,8,31,2,18,4,3,5,509,99,1,32,5,5,7,24,3
18300,2021,8,31,2,19,4,3,5,501,99,1,34,5,5,7,24,3
18301,2021,7,1,4,8,2,1,1,106,99,2,76,11,14,16,68,7
18302,2021,7,2,5,16,3,2,10,1010,99,2,25,4,4,6,68,7
18303,2021,7,2,5,18,4,3,17,1704,99,2,15,2,2,4,68,7
18304,2021,7,2,5,18,4,3,17,1704,99,2,19,2,2,4,68,7
18305,2021,7,4,7,22,4,3,5,507,99,2,11,1,1,3,68,7
18306,2021,7,4,7,20,4,3,6,613,99,2,20,3,3,5,68,7
18307,2021,7,4,7,21,4,3,3,304,99,2,15,2,2,4,68,7
18308,2021,7,5,1,13,3,2,1,101,1,2,19,2,2,4,68,7
18309,2021,7,5,1,18,4,3,5,507,99,1,13,1,1,3,68,7
18310,2021,7,6,2,3,1,1,16,1603,99,2,14,1,1,3,68,7
18311,2021,7,6,2,16,3,2,17,1710,99,2,14,1,1,3,68,7
18312,2021,7,8,4,0,1,1,5,501,99,2,31,5,5,7,68,7
18313,2021,7,8,4,12,3,2,14,1413,99,2,12,1,1,3,68,7
18314,2021,7,10,6,18,4,3,1,117,99,2,11,1,1,3,68,7
18315,2021,7,11,7,20,4,3,1,114,99,2,11,1,1,3,68,7
18316,2021,7,12,1,16,3,2,1,107,99,2,17,2,2,4,68,7
18317,2021,7,13,2,6,2,1,14,1410,99,2,16,2,2,4,68,7
18318,2021,7,15,4,8,2,1,1,108,99,2,33,5,5,7,68,7
18319,2021,7,15,4,0,1,1,11,1108,99,2,999,12,16,18,68,7
18320,2021,7,15,4,11,2,1,16,1601,99,2,17,2,2,4,68,7
18321,2021,7,16,5,11,2,1,6,608,99,2,3,1,1,1,68,7
18322,2021,7,16,5,18,4,3,17,1714,99,2,11,1,1,3,68,7
18323,2021,7,17,6,23,4,3,5,511,99,2,21,3,3,5,68,7
18324,2021,7,17,6,22,4,3,15,1501,99,2,13,1,1,3,68,7
18325,2021,7,17,6,0,1,1,14,1420,99,2,14,1,1,3,68,7
18326,2021,7,18,7,19,4,3,15,1502,99,2,13,1,1,3,68,7
18327,2021,7,19,1,19,4,3,1,117,99,2,10,1,1,3,68,7
18328,2021,7,19,1,18,4,3,5,507,99,2,29,4,4,6,68,7
18329,2021,7,19,1,9,2,1,9,919,99,2,16,2,2,4,68,7
18330,2021,7,21,3,19,4,3,13,1301,99,2,24,3,3,5,68,7
18331,2021,7,22,4,17,3,2,1,101,9,2,28,4,4,6,68,7
18332,2021,7,23,5,15,3,2,9,920,99,2,17,2,2,4,68,7
18333,2021,7,24,6,0,1,1,16,1606,99,2,7,1,1,2,68,7
18334,2021,7,25,7,22,4,3,18,1804,99,2,13,1,1,3,68,7
18335,2021,7,26,1,14,3,2,11,1106,99,2,6,1,1,2,68,7
18336,2021,7,26,1,14,3,2,11,1106,99,2,4,1,1,1,68,7
18337,2021,7,26,1,10,2,1,5,501,99,2,26,4,4,6,68,7
18338,2021,7,26,1,11,2,1,16,1604,99,2,19,2,2,4,68,7
18339,2021,7,31,6,10,2,1,12,1205,99,2,37,6,6,8,68,7
18340,2021,7,31,6,11,2,1,16,1609,99,2,13,1,1,3,68,7
18341,2021,7,31,6,19,4,3,16,1601,99,2,14,1,1,3,68,7
18342,2021,8,2,1,16,3,2,17,1710,99,2,11,1,1,3,68,7
18343,2021,8,3,2,19,4,3,1,115,99,2,14,1,1,3,68,7
18344,2021,8,3,2,2,1,1,13,1312,99,2,48,8,8,10,68,7
18345,2021,8,4,3,15,3,2,1,115,99,2,7,1,1,2,68,7
18346,2021,8,5,4,15,3,2,18,1803,99,2,14,1,1,3,68,7
18347,2021,8,7,6,20,4,3,22,2214,99,1,17,2,2,4,68,7
18348,2021,8,7,6,8,2,1,15,1507,99,2,999,12,16,18,68,7
18349,2021,8,8,7,13,3,2,12,1201,99,2,15,2,2,4,68,7
18350,2021,8,9,1,19,4,3,12,1207,99,2,13,1,1,3,68,7
18351,2021,8,10,2,12,3,2,5,506,99,2,5,1,1,2,68,7
18352,2021,8,13,5,18,4,3,1,101,1,2,20,3,3,5,68,7
18353,2021,8,14,6,17,3,2,1,101,17,2,14,1,1,3,68,7
18354,2021,8,15,7,15,3,2,1,116,99,2,15,2,2,4,68,7
18355,2021,8,16,1,15,3,2,16,1616,99,2,10,1,1,3,68,7
18356,2021,8,16,1,2,1,1,7,701,99,2,26,4,4,6,68,7
18357,2021,8,16,1,18,4,3,1,101,11,2,26,4,4,6,68,7
18358,2021,8,16,1,10,2,1,1,101,5,2,9,1,1,2,68,7
18359,2021,8,18,3,11,2,1,8,801,99,2,8,1,1,2,68,7
18360,2021,8,18,3,10,2,1,1,101,5,2,18,2,2,4,68,7
18361,2021,8,20,5,16,3,2,12,1214,99,2,15,2,2,4,68,7
18362,2021,8,20,5,21,4,3,5,501,99,2,29,4,4,6,68,7
18363,2021,8,21,6,20,4,3,12,1201,99,2,21,3,3,5,68,7
18364,2021,8,21,6,18,4,3,1,101,11,2,35,6,6,8,68,7
18365,2021,8,22,7,18,4,3,1,115,99,2,5,1,1,2,68,7
18366,2021,8,22,7,15,3,2,12,1222,99,2,17,2,2,4,68,7
18367,2021,8,22,7,17,3,2,16,1612,99,2,10,1,1,3,68,7
18368,2021,8,22,7,1,1,1,17,1709,99,2,16,2,2,4,68,7
18369,2021,8,23,1,6,2,1,14,1419,99,2,6,1,1,2,68,7
18370,2021,8,24,2,5,1,1,1,101,1,1,40,7,7,9,68,7
18371,2021,8,25,3,10,2,1,17,1713,99,1,14,1,1,3,68,7
18372,2021,8,26,4,18,4,3,1,101,21,2,30,5,5,7,68,7
18373,2021,8,26,4,20,4,3,5,511,99,2,10,1,1,3,68,7
18374,2021,8,27,5,13,3,2,6,608,99,2,13,1,1,3,68,7
18375,2021,8,27,5,2,1,1,19,1911,99,2,15,2,2,4,68,7
18376,2021,8,29,7,17,3,2,16,1602,99,2,13,1,1,3,68,7
18377,2021,8,29,7,2,1,1,12,1202,99,2,21,3,3,5,68,7
18378,2021,8,31,2,20,4,3,15,1502,99,2,19,2,2,4,68,7
18379,2021,8,31,2,99,5,4,19,1904,99,2,15,2,2,4,68,7
18380,2021,7,1,4,9,2,1,1,115,99,2,46,8,8,10,83,3
18381,2021,7,1,4,15,3,2,1,117,99,1,51,9,9,11,83,3
18382,2021,7,1,4,16,3,2,1,116,99,2,41,7,7,9,22,3
18383,2021,7,1,4,0,1,1,1,117,99,2,35,6,6,8,83,3
18384,2021,7,1,4,19,4,3,1,108,99,1,31,5,5,7,83,3
18385,2021,7,1,4,13,3,2,1,108,99,1,55,10,10,12,22,3
18386,2021,7,1,4,12,3,2,5,501,99,1,33,5,5,7,22,3
18387,2021,7,1,4,21,4,3,5,511,99,2,29,4,4,6,83,3
18388,2021,7,1,4,19,4,3,5,502,99,2,57,10,10,12,83,3
18389,2021,7,1,4,9,2,1,5,501,99,1,48,8,8,10,83,3
18390,2021,7,1,4,11,2,1,1,115,99,1,40,7,7,9,22,3
18391,2021,7,1,4,6,2,1,3,301,99,1,37,6,6,8,83,3
18392,2021,7,2,5,12,3,2,1,101,9,1,43,7,7,9,22,3
18393,2021,7,2,5,2,1,1,1,105,99,1,69,11,12,14,83,3
18394,2021,7,2,5,16,3,2,1,101,10,1,36,6,6,8,22,3
18395,2021,7,2,5,10,2,1,1,101,7,1,54,9,9,11,22,3
18396,2021,7,2,5,0,1,1,1,108,99,1,28,4,4,6,22,3
18397,2021,7,2,5,21,4,3,1,108,99,2,27,4,4,6,83,3
18398,2021,7,2,5,9,2,1,7,701,99,1,54,9,9,11,22,3
18399,2021,7,2,5,9,2,1,7,701,99,1,52,9,9,11,22,3
18400,2021,7,3,6,4,1,1,1,101,18,1,38,6,6,8,22,3
18401,2021,7,3,6,15,3,2,1,101,5,2,35,6,6,8,83,3
18402,2021,7,3,6,6,2,1,1,101,7,1,61,11,11,13,83,3
18403,2021,7,3,6,23,4,3,1,101,21,1,44,7,7,9,22,3
18404,2021,7,3,6,11,2,1,1,116,99,1,31,5,5,7,22,3
18405,2021,7,4,7,14,3,2,1,101,1,1,44,7,7,9,83,3
18406,2021,7,4,7,12,3,2,1,101,21,1,58,10,10,12,83,3
18407,2021,7,4,7,11,2,1,1,114,99,1,77,11,14,16,83,3
18408,2021,7,4,7,0,1,1,2,207,99,1,53,9,9,11,22,3
18409,2021,7,5,1,21,4,3,1,101,7,1,42,7,7,9,83,3
18410,2021,7,5,1,9,2,1,1,117,99,1,41,7,7,9,83,3
18411,2021,7,5,1,16,3,2,4,401,99,1,36,6,6,8,83,3
18412,2021,7,5,1,20,4,3,1,101,4,1,59,10,10,12,83,3
18413,2021,7,6,2,6,2,1,1,101,10,2,36,6,6,8,83,3
18414,2021,7,6,2,14,3,2,5,501,99,1,33,5,5,7,22,3
18415,2021,7,6,2,20,4,3,5,506,99,1,23,3,3,5,22,3
18416,2021,7,6,2,12,3,2,9,901,99,1,72,11,13,15,83,3
18417,2021,7,6,2,23,4,3,1,108,99,1,24,3,3,5,22,3
18418,2021,7,7,3,7,2,1,1,101,11,1,48,8,8,10,22,3
18419,2021,7,7,3,12,3,2,1,101,14,2,26,4,4,6,22,3
18420,2021,7,7,3,20,4,3,5,501,99,1,52,9,9,11,83,3
18421,2021,7,7,3,7,2,1,7,701,99,1,35,6,6,8,83,3
18422,2021,7,7,3,20,4,3,1,108,99,2,41,7,7,9,22,3
18423,2021,7,7,3,15,3,2,19,1903,99,1,47,8,8,10,22,3
18424,2021,7,7,3,7,2,1,1,101,7,1,34,5,5,7,22,3
18425,2021,7,7,3,20,4,3,22,2201,99,2,25,4,4,6,22,3
18426,2021,7,7,3,20,4,3,3,302,99,1,43,7,7,9,83,3
18427,2021,7,7,3,22,4,3,1,108,99,1,40,7,7,9,83,3
18428,2021,7,8,4,9,2,1,1,101,13,1,54,9,9,11,83,3
18429,2021,7,8,4,11,2,1,1,101,5,2,33,5,5,7,22,3
18430,2021,7,8,4,19,4,3,1,102,99,1,44,7,7,9,22,3
18431,2021,7,8,4,14,3,2,1,101,12,1,39,6,6,8,22,3
18432,2021,7,8,4,12,3,2,1,115,99,1,29,4,4,6,22,3
18433,2021,7,8,4,19,4,3,1,108,99,1,44,7,7,9,83,3
18434,2021,7,8,4,10,2,1,17,1714,99,1,59,10,10,12,22,3
18435,2021,7,8,4,18,4,3,12,1216,99,1,55,10,10,12,22,3
18436,2021,7,8,4,20,4,3,3,301,99,1,50,9,9,11,83,3
18437,2021,7,9,5,19,4,3,1,101,6,2,42,7,7,9,83,3
18438,2021,7,9,5,11,2,1,1,114,99,1,34,5,5,7,83,3
18439,2021,7,9,5,11,2,1,1,115,99,1,28,4,4,6,22,3
18440,2021,7,9,5,17,3,2,1,116,99,1,42,7,7,9,22,3
18441,2021,7,9,5,0,1,1,1,108,99,1,49,8,8,10,22,3
18442,2021,7,9,5,10,2,1,1,108,99,1,28,4,4,6,22,3
18443,2021,7,9,5,18,4,3,1,101,10,1,26,4,4,6,83,3
18444,2021,7,9,5,22,4,3,1,101,8,1,35,6,6,8,83,3
18445,2021,7,9,5,23,4,3,2,203,99,1,41,7,7,9,22,3
18446,2021,7,11,7,9,2,1,6,614,99,1,33,5,5,7,83,3
18447,2021,7,11,7,23,4,3,3,308,99,1,42,7,7,9,83,3
18448,2021,7,11,7,19,4,3,9,910,99,2,50,9,9,11,83,3
18449,2021,7,11,7,15,3,2,1,108,99,1,29,4,4,6,83,3
18450,2021,7,12,1,11,2,1,1,101,7,1,44,7,7,9,22,3
18451,2021,7,12,1,17,3,2,1,101,8,1,51,9,9,11,83,3
18452,2021,7,13,2,10,2,1,1,101,13,1,46,8,8,10,83,3
18453,2021,7,13,2,7,2,1,1,115,99,1,50,9,9,11,83,3
18454,2021,7,13,2,10,2,1,9,901,99,1,75,11,14,16,83,3
18455,2021,7,13,2,10,2,1,1,101,3,1,47,8,8,10,83,3
18456,2021,7,13,2,21,4,3,1,117,99,1,36,6,6,8,83,3
18457,2021,7,14,3,17,3,2,1,101,3,2,27,4,4,6,22,3
18458,2021,7,14,3,14,3,2,1,101,15,2,45,8,8,10,22,3
18459,2021,7,14,3,4,1,1,1,101,7,2,38,6,6,8,83,3
18460,2021,7,14,3,6,2,1,1,115,99,1,48,8,8,10,83,3
18461,2021,7,14,3,12,3,2,2,201,99,1,28,4,4,6,22,3
18462,2021,7,14,3,17,3,2,19,1904,99,1,38,6,6,8,22,3
18463,2021,7,15,4,5,1,1,1,101,1,1,38,6,6,8,22,3
18464,2021,7,15,4,5,1,1,1,101,12,1,51,9,9,11,22,3
18465,2021,7,15,4,19,4,3,1,108,99,1,25,4,4,6,83,3
18466,2021,7,15,4,14,3,2,1,101,11,1,38,6,6,8,83,3
18467,2021,7,15,4,15,3,2,1,101,11,1,44,7,7,9,83,3
18468,2021,7,16,5,5,1,1,1,101,12,1,36,6,6,8,83,3
18469,2021,7,16,5,0,1,1,5,501,99,1,47,8,8,10,83,3
18470,2021,7,16,5,15,3,2,1,101,10,1,26,4,4,6,22,3
18471,2021,7,16,5,21,4,3,1,116,99,1,45,8,8,10,22,3
18472,2021,7,16,5,19,4,3,1,101,19,1,40,7,7,9,83,3
18473,2021,7,16,5,14,3,2,1,101,10,1,25,4,4,6,22,3
18474,2021,7,17,6,17,3,2,1,101,5,1,22,3,3,5,83,3
18475,2021,7,17,6,9,2,1,1,108,99,1,55,10,10,12,22,3
18476,2021,7,17,6,5,1,1,1,115,99,1,31,5,5,7,83,3
18477,2021,7,17,6,8,2,1,18,1801,99,1,34,5,5,7,22,3
18478,2021,7,18,7,9,2,1,1,117,99,1,27,4,4,6,83,3
18479,2021,7,18,7,2,1,1,1,114,99,1,33,5,5,7,22,3
18480,2021,7,19,1,5,1,1,1,108,99,2,27,4,4,6,83,3
18481,2021,7,19,1,8,2,1,9,901,99,1,50,9,9,11,83,3
18482,2021,7,20,2,16,3,2,1,101,1,1,38,6,6,8,83,3
18483,2021,7,20,2,12,3,2,1,101,3,1,57,10,10,12,22,3
18484,2021,7,20,2,15,3,2,1,101,3,1,41,7,7,9,22,3
18485,2021,7,20,2,16,3,2,1,101,1,1,53,9,9,11,83,3
18486,2021,7,20,2,16,3,2,1,108,99,1,28,4,4,6,83,3
18487,2021,7,20,2,21,4,3,1,108,99,1,21,3,3,5,22,3
18488,2021,7,20,2,22,4,3,1,108,99,1,31,5,5,7,22,3
18489,2021,7,21,3,17,3,2,1,101,5,1,39,6,6,8,83,3
18490,2021,7,21,3,6,2,1,1,101,12,1,39,6,6,8,83,3
18491,2021,7,21,3,6,2,1,1,108,99,1,29,4,4,6,83,3
18492,2021,7,21,3,20,4,3,12,1216,99,1,33,5,5,7,83,3
18493,2021,7,21,3,20,4,3,1,105,99,1,27,4,4,6,22,3
18494,2021,7,21,3,19,4,3,19,1905,99,1,999,12,16,18,83,3
18495,2021,7,21,3,8,2,1,4,410,99,1,43,7,7,9,22,3
18496,2021,7,21,3,23,4,3,1,117,99,1,37,6,6,8,83,3
18497,2021,7,21,3,11,2,1,5,501,99,1,23,3,3,5,22,3
18498,2021,7,22,4,7,2,1,1,101,8,1,28,4,4,6,83,3
18499,2021,7,22,4,6,2,1,1,101,8,1,54,9,9,11,83,3
18500,2021,7,22,4,13,3,2,1,101,12,1,27,4,4,6,22,3
18501,2021,7,22,4,13,3,2,1,101,12,1,27,4,4,6,22,3
18502,2021,7,22,4,10,2,1,1,108,99,1,69,11,12,14,22,3
18503,2021,7,22,4,5,1,1,1,101,11,1,999,12,16,18,22,3
18504,2021,7,22,4,19,4,3,1,101,11,1,30,5,5,7,83,3
18505,2021,7,22,4,22,4,3,1,116,99,1,41,7,7,9,83,3
18506,2021,7,22,4,15,3,2,1,114,99,2,30,5,5,7,83,3
18507,2021,7,22,4,7,2,1,1,101,9,1,26,4,4,6,83,3
18508,2021,7,23,5,13,3,2,1,101,5,1,56,10,10,12,83,3
18509,2021,7,23,5,3,1,1,1,117,99,1,35,6,6,8,83,3
18510,2021,7,23,5,16,3,2,1,108,99,1,45,8,8,10,83,3
18511,2021,7,24,6,6,2,1,1,108,99,1,999,12,16,18,83,3
18512,2021,7,24,6,15,3,2,3,304,99,1,52,9,9,11,83,3
18513,2021,7,25,7,19,4,3,1,108,99,1,32,5,5,7,83,3
18514,2021,7,26,1,19,4,3,1,101,14,2,25,4,4,6,22,3
18515,2021,7,26,1,14,3,2,1,116,99,1,999,12,16,18,22,3
18516,2021,7,26,1,10,2,1,1,101,19,2,60,11,11,13,83,3
18517,2021,7,26,1,15,3,2,1,108,99,1,27,4,4,6,22,3
18518,2021,7,26,1,4,1,1,3,304,99,1,40,7,7,9,22,3
18519,2021,7,26,1,20,4,3,1,101,5,2,29,4,4,6,83,3
18520,2021,7,26,1,18,4,3,1,108,99,2,48,8,8,10,83,3
18521,2021,7,26,1,19,4,3,9,901,99,1,43,7,7,9,83,3
18522,2021,7,26,1,20,4,3,16,1601,99,1,60,11,11,13,83,3
18523,2021,7,26,1,11,2,1,3,308,99,1,36,6,6,8,83,3
18524,2021,7,27,2,19,4,3,1,101,18,1,33,5,5,7,22,3
18525,2021,7,27,2,7,2,1,1,101,13,1,45,8,8,10,83,3
18526,2021,7,27,2,13,3,2,1,101,10,1,22,3,3,5,22,3
18527,2021,7,27,2,14,3,2,1,101,11,1,50,9,9,11,83,3
18528,2021,7,27,2,13,3,2,1,101,12,1,51,9,9,11,22,3
18529,2021,7,27,2,17,3,2,1,114,99,2,25,4,4,6,83,3
18530,2021,7,27,2,20,4,3,2,208,99,1,54,9,9,11,22,3
18531,2021,7,28,3,13,3,2,1,101,5,1,82,11,15,17,83,3
18532,2021,7,28,3,4,1,1,1,114,99,1,35,6,6,8,83,3
18533,2021,7,28,3,18,4,3,3,301,99,1,31,5,5,7,22,3
18534,2021,7,29,4,17,3,2,1,101,1,2,22,3,3,5,83,3
18535,2021,7,29,4,21,4,3,1,102,99,1,34,5,5,7,22,3
18536,2021,7,29,4,21,4,3,1,101,16,2,34,5,5,7,83,3
18537,2021,7,29,4,6,2,1,1,101,21,1,47,8,8,10,22,3
18538,2021,7,29,4,3,1,1,1,115,99,1,44,7,7,9,83,3
18539,2021,7,29,4,22,4,3,1,115,99,1,47,8,8,10,22,3
18540,2021,7,29,4,23,4,3,1,115,99,1,44,7,7,9,83,3
18541,2021,7,29,4,21,4,3,1,115,99,1,43,7,7,9,83,3
18542,2021,7,29,4,20,4,3,1,108,99,2,38,6,6,8,83,3
18543,2021,7,29,4,19,4,3,5,509,99,1,60,11,11,13,22,3
18544,2021,7,29,4,10,2,1,1,108,99,1,31,5,5,7,83,3
18545,2021,7,30,5,22,4,3,1,101,5,1,44,7,7,9,22,3
18546,2021,7,30,5,11,2,1,1,101,11,1,38,6,6,8,22,3
18547,2021,7,30,5,17,3,2,1,101,11,1,45,8,8,10,22,3
18548,2021,7,30,5,22,4,3,1,101,7,1,25,4,4,6,83,3
18549,2021,7,30,5,23,4,3,1,108,99,1,29,4,4,6,83,3
18550,2021,7,30,5,20,4,3,1,108,99,1,26,4,4,6,83,3
18551,2021,7,31,6,18,4,3,1,103,99,1,27,4,4,6,83,3
18552,2021,7,31,6,18,4,3,5,505,99,1,42,7,7,9,22,3
18553,2021,7,31,6,18,4,3,5,505,99,1,42,7,7,9,22,3
18554,2021,7,31,6,18,4,3,5,505,99,1,42,7,7,9,22,3
18555,2021,7,31,6,18,4,3,5,505,99,1,42,7,7,9,22,3
18556,2021,7,31,6,18,4,3,5,505,99,1,42,7,7,9,22,3
18557,2021,7,26,1,11,2,1,3,308,99,1,36,6,6,8,83,3
18558,2021,7,31,6,18,4,3,5,505,99,1,42,7,7,9,22,3
18559,2021,8,1,7,16,3,2,1,108,99,2,30,5,5,7,83,3
18560,2021,8,1,7,17,3,2,1,115,99,1,26,4,4,6,22,3
18561,2021,8,1,7,17,3,2,1,108,99,2,999,12,16,18,83,3
18562,2021,8,1,7,23,4,3,1,115,99,1,25,4,4,6,22,3
18563,2021,8,1,7,15,3,2,1,108,99,2,44,7,7,9,83,3
18564,2021,8,1,7,22,4,3,1,115,99,1,70,11,13,15,22,3
18565,2021,8,1,7,15,3,2,1,108,99,2,44,7,7,9,83,3
18566,2021,8,1,7,14,3,2,1,116,99,1,62,11,11,13,83,3
18567,2021,8,1,7,12,3,2,1,101,18,1,76,11,14,16,83,3
18568,2021,8,1,7,12,3,2,1,101,18,1,76,11,14,16,83,3
18569,2021,8,3,2,22,4,3,1,108,99,1,53,9,9,11,83,3
18570,2021,8,3,2,13,3,2,5,501,99,1,33,5,5,7,83,3
18571,2021,8,3,2,19,4,3,1,108,99,1,38,6,6,8,22,3
18572,2021,8,3,2,21,4,3,3,301,99,1,30,5,5,7,83,3
18573,2021,8,3,2,18,4,3,1,101,5,1,29,4,4,6,83,3
18574,2021,8,3,2,23,4,3,3,301,99,1,35,6,6,8,83,3
18575,2021,8,3,2,6,2,1,19,1903,99,2,37,6,6,8,22,3
18576,2021,8,4,3,20,4,3,1,101,7,1,33,5,5,7,22,3
18577,2021,8,4,3,11,2,1,5,501,99,1,33,5,5,7,83,3
18578,2021,8,4,3,8,2,1,1,101,5,1,57,10,10,12,83,3
18579,2021,8,4,3,5,1,1,1,101,11,1,72,11,13,15,83,3
18580,2021,8,4,3,23,4,3,1,108,99,1,28,4,4,6,22,3
18581,2021,8,4,3,21,4,3,1,105,99,1,22,3,3,5,83,3
18582,2021,8,5,4,20,4,3,1,108,99,1,50,9,9,11,22,3
18583,2021,8,5,4,8,2,1,3,301,99,1,31,5,5,7,22,3
18584,2021,8,5,4,4,1,1,1,108,99,2,24,3,3,5,83,3
18585,2021,8,5,4,18,4,3,1,115,99,1,41,7,7,9,83,3
18586,2021,8,5,4,5,1,1,1,101,11,1,40,7,7,9,83,3
18587,2021,8,6,5,10,2,1,1,101,13,1,53,9,9,11,83,3
18588,2021,8,6,5,13,3,2,1,101,7,1,39,6,6,8,22,3
18589,2021,8,6,5,14,3,2,1,101,12,1,57,10,10,12,22,3
18590,2021,8,6,5,11,2,1,1,101,3,1,42,7,7,9,22,3
18591,2021,8,6,5,20,4,3,1,101,1,2,41,7,7,9,22,3
18592,2021,8,7,6,21,4,3,1,101,18,2,29,4,4,6,83,3
18593,2021,8,7,6,23,4,3,21,2106,99,1,999,12,16,18,83,3
18594,2021,8,7,6,23,4,3,1,101,5,1,33,5,5,7,83,3
18595,2021,8,7,6,14,3,2,1,115,99,2,26,4,4,6,22,3
18596,2021,8,7,6,17,3,2,1,101,11,1,49,8,8,10,83,3
18597,2021,8,7,6,14,3,2,9,901,99,1,22,3,3,5,22,3
18598,2021,8,8,7,16,3,2,1,108,99,1,26,4,4,6,83,3
18599,2021,8,9,1,7,2,1,5,501,99,1,49,8,8,10,22,3
18600,2021,8,9,1,20,4,3,1,108,99,1,42,7,7,9,22,3
18601,2021,8,9,1,22,4,3,1,101,6,2,28,4,4,6,22,3
18602,2021,8,9,1,7,2,1,5,501,99,1,36,6,6,8,83,3
18603,2021,8,9,1,14,3,2,1,101,21,1,43,7,7,9,22,3
18604,2021,8,10,2,16,3,2,1,101,5,1,46,8,8,10,83,3
18605,2021,8,10,2,3,1,1,1,115,99,1,36,6,6,8,83,3
18606,2021,8,11,3,0,1,1,1,101,9,1,41,7,7,9,83,3
18607,2021,8,11,3,11,2,1,1,114,99,1,34,5,5,7,83,3
18608,2021,8,11,3,20,4,3,1,108,99,1,43,7,7,9,83,3
18609,2021,8,12,4,10,2,1,1,101,11,1,37,6,6,8,83,3
18610,2021,8,12,4,5,1,1,1,117,99,1,34,5,5,7,83,3
18611,2021,8,12,4,0,1,1,1,101,9,1,32,5,5,7,83,3
18612,2021,8,12,4,10,2,1,1,103,99,1,45,8,8,10,83,3
18613,2021,8,12,4,14,3,2,1,101,10,1,25,4,4,6,83,3
18614,2021,8,12,4,13,3,2,9,901,99,1,58,10,10,12,83,3
18615,2021,8,12,4,11,2,1,3,301,99,1,41,7,7,9,83,3
18616,2021,8,12,4,21,4,3,1,103,99,1,57,10,10,12,22,3
18617,2021,8,13,5,7,2,1,1,101,19,1,38,6,6,8,83,3
18618,2021,8,13,5,6,2,1,1,101,3,1,62,11,11,13,83,3
18619,2021,8,13,5,21,4,3,1,101,11,1,25,4,4,6,22,3
18620,2021,8,13,5,21,4,3,1,101,7,1,27,4,4,6,22,3
18621,2021,8,13,5,7,2,1,1,101,5,2,33,5,5,7,83,3
18622,2021,8,13,5,21,4,3,1,108,99,1,59,10,10,12,22,3
18623,2021,8,14,6,4,1,1,10,1010,99,1,36,6,6,8,22,3
18624,2021,8,14,6,22,4,3,2,207,99,1,60,11,11,13,83,3
18625,2021,8,14,6,10,2,1,3,301,99,1,42,7,7,9,83,3
18626,2021,8,14,6,16,3,2,6,601,99,2,39,6,6,8,83,3
18627,2021,8,14,6,19,4,3,19,1904,99,1,32,5,5,7,22,3
18628,2021,8,14,6,20,4,3,1,101,7,2,30,5,5,7,83,3
18629,2021,8,14,6,15,3,2,1,101,5,2,32,5,5,7,83,3
18630,2021,8,15,7,6,2,1,1,101,6,1,32,5,5,7,22,3
18631,2021,8,15,7,5,1,1,4,416,99,1,30,5,5,7,22,3
18632,2021,8,16,1,10,2,1,1,101,8,1,48,8,8,10,83,3
18633,2021,8,16,1,18,4,3,1,103,99,2,43,7,7,9,83,3
18634,2021,8,16,1,5,1,1,1,110,99,1,46,8,8,10,83,3
18635,2021,8,17,2,21,4,3,1,101,4,1,26,4,4,6,83,3
18636,2021,8,17,2,15,3,2,1,101,1,1,36,6,6,8,83,3
18637,2021,8,17,2,14,3,2,1,101,16,1,30,5,5,7,83,3
18638,2021,8,17,2,11,2,1,1,101,12,1,30,5,5,7,22,3
18639,2021,8,17,2,21,4,3,1,101,12,2,25,4,4,6,83,3
18640,2021,8,17,2,21,4,3,1,117,99,1,26,4,4,6,83,3
18641,2021,8,17,2,5,1,1,1,108,99,1,50,9,9,11,22,3
18642,2021,8,17,2,15,3,2,1,108,99,1,31,5,5,7,22,3
18643,2021,8,17,2,23,4,3,7,701,99,1,26,4,4,6,83,3
18644,2021,8,18,3,16,3,2,1,101,21,2,38,6,6,8,83,3
18645,2021,8,18,3,18,4,3,1,101,7,1,26,4,4,6,83,3
18646,2021,8,18,3,19,4,3,1,108,99,1,56,10,10,12,22,3
18647,2021,8,18,3,13,3,2,1,108,99,1,49,8,8,10,22,3
18648,2021,8,19,4,15,3,2,1,101,1,1,47,8,8,10,83,3
18649,2021,8,19,4,17,3,2,1,101,7,2,31,5,5,7,83,3
18650,2021,8,19,4,19,4,3,1,108,99,1,47,8,8,10,22,3
18651,2021,8,19,4,18,4,3,1,108,99,1,31,5,5,7,22,3
18652,2021,8,19,4,10,2,1,4,401,99,1,44,7,7,9,83,3
18653,2021,8,20,5,5,1,1,1,101,13,1,46,8,8,10,22,3
18654,2021,8,20,5,8,2,1,1,101,5,1,39,6,6,8,83,3
18655,2021,8,20,5,14,3,2,1,101,5,2,45,8,8,10,83,3
18656,2021,8,20,5,8,2,1,1,101,11,2,24,3,3,5,83,3
18657,2021,8,20,5,20,4,3,1,115,99,1,46,8,8,10,83,3
18658,2021,8,20,5,9,2,1,1,108,99,2,50,9,9,11,22,3
18659,2021,8,20,5,18,4,3,1,108,99,2,37,6,6,8,22,3
18660,2021,8,20,5,16,3,2,5,502,99,1,47,8,8,10,22,3
18661,2021,8,20,5,3,1,1,10,1001,99,1,39,6,6,8,22,3
18662,2021,8,20,5,19,4,3,2,201,99,1,37,6,6,8,83,3
18663,2021,8,21,6,13,3,2,1,101,10,1,50,9,9,11,83,3
18664,2021,8,21,6,9,2,1,1,101,19,2,41,7,7,9,83,3
18665,2021,8,21,6,7,2,1,3,304,99,1,35,6,6,8,83,3
18666,2021,8,22,7,18,4,3,1,108,99,1,27,4,4,6,22,3
18667,2021,8,23,1,20,4,3,1,101,6,1,24,3,3,5,22,3
18668,2021,8,23,1,15,3,2,1,101,12,1,31,5,5,7,83,3
18669,2021,8,24,2,11,2,1,1,101,11,2,46,8,8,10,22,3
18670,2021,8,24,2,22,4,3,1,101,7,1,32,5,5,7,22,3
18671,2021,8,24,2,18,4,3,1,117,99,2,24,3,3,5,83,3
18672,2021,8,24,2,21,4,3,1,101,19,2,41,7,7,9,83,3
18673,2021,8,24,2,21,4,3,1,108,99,1,28,4,4,6,83,3
18674,2021,8,24,2,15,3,2,1,108,99,1,41,7,7,9,22,3
18675,2021,8,24,2,5,1,1,1,115,99,1,41,7,7,9,22,3
18676,2021,8,24,2,7,2,1,5,501,99,1,33,5,5,7,22,3
18677,2021,8,24,2,8,2,1,7,705,99,1,45,8,8,10,83,3
18678,2021,8,25,3,9,2,1,1,101,12,1,38,6,6,8,83,3
18679,2021,8,25,3,11,2,1,5,501,99,1,64,11,11,13,83,3
18680,2021,8,25,3,21,4,3,16,1603,99,1,36,6,6,8,83,3
18681,2021,8,25,3,15,3,2,4,413,99,1,28,4,4,6,83,3
18682,2021,8,25,3,9,2,1,3,301,99,1,28,4,4,6,83,3
18683,2021,8,26,4,8,2,1,1,101,15,1,38,6,6,8,83,3
18684,2021,8,26,4,18,4,3,1,101,12,1,38,6,6,8,22,3
18685,2021,8,26,4,21,4,3,1,101,11,1,35,6,6,8,83,3
18686,2021,8,26,4,20,4,3,1,108,99,1,42,7,7,9,22,3
18687,2021,8,26,4,20,4,3,1,108,99,1,27,4,4,6,22,3
18688,2021,8,26,4,22,4,3,5,502,99,1,999,12,16,18,22,3
18689,2021,8,27,5,9,2,1,1,101,3,1,58,10,10,12,83,3
18690,2021,8,27,5,7,2,1,1,101,18,1,72,11,13,15,83,3
18691,2021,8,27,5,15,3,2,1,101,16,1,48,8,8,10,22,3
18692,2021,8,27,5,18,4,3,1,101,21,1,65,11,12,14,83,3
18693,2021,8,27,5,10,2,1,1,108,99,1,18,2,2,4,83,3
18694,2021,8,28,6,11,2,1,1,101,2,1,55,10,10,12,83,3
18695,2021,8,28,6,4,1,1,1,108,99,2,30,5,5,7,83,3
18696,2021,8,29,7,7,2,1,1,115,99,1,41,7,7,9,22,3
18697,2021,8,29,7,14,3,2,1,115,99,1,32,5,5,7,83,3
18698,2021,8,29,7,7,2,1,1,115,99,1,41,7,7,9,22,3
18699,2021,8,29,7,7,2,1,1,115,99,1,41,7,7,9,22,3
18700,2021,8,29,7,7,2,1,1,115,99,1,41,7,7,9,22,3
18701,2021,8,29,7,3,1,1,18,1805,99,1,35,6,6,8,83,3
18702,2021,8,29,7,6,2,1,3,315,99,1,34,5,5,7,83,3
18703,2021,8,30,1,16,3,2,1,101,8,1,25,4,4,6,22,3
18704,2021,8,30,1,12,3,2,1,101,10,1,30,5,5,7,22,3
18705,2021,8,30,1,5,1,1,1,101,7,2,23,3,3,5,83,3
18706,2021,8,30,1,18,4,3,1,108,99,2,54,9,9,11,83,3
18707,2021,8,30,1,19,4,3,1,108,99,1,45,8,8,10,22,3
18708,2021,8,30,1,21,4,3,1,108,99,1,34,5,5,7,22,3
18709,2021,8,30,1,23,4,3,1,108,99,1,31,5,5,7,22,3
18710,2021,8,30,1,5,1,1,5,501,99,2,35,6,6,8,83,3
18711,2021,8,30,1,5,1,1,18,1801,99,1,32,5,5,7,83,3
18712,2021,8,31,2,7,2,1,1,105,99,1,45,8,8,10,83,3
18713,2021,8,31,2,5,1,1,1,101,5,1,38,6,6,8,22,3
18714,2021,8,31,2,11,2,1,1,101,12,2,40,7,7,9,22,3
18715,2021,8,31,2,11,2,1,1,101,7,1,33,5,5,7,22,3
18716,2021,8,31,2,20,4,3,1,116,99,1,37,6,6,8,83,3
18717,2021,8,31,2,8,2,1,3,301,99,2,31,5,5,7,83,3
18718,2021,7,1,4,5,1,1,1,101,4,1,35,6,6,8,1,1
18719,2021,7,1,4,15,3,2,1,101,16,2,27,4,4,6,1,1
18720,2021,7,1,4,19,4,3,5,506,99,1,70,11,13,15,1,1
18721,2021,7,1,4,7,2,1,16,1617,99,1,67,11,12,14,1,1
18722,2021,7,1,4,5,1,1,1,101,4,2,17,2,2,4,7,2
18723,2021,7,1,4,19,4,3,1,101,6,2,30,5,5,7,7,2
18724,2021,7,1,4,19,4,3,1,101,6,1,58,10,10,12,7,2
18725,2021,7,1,4,20,4,3,14,1420,99,1,48,8,8,10,8,2
18726,2021,7,1,4,3,1,1,14,1420,99,2,32,5,5,7,7,2
18727,2021,7,1,4,2,1,1,4,407,99,1,28,4,4,6,8,2
18728,2021,7,1,4,14,3,2,10,1007,99,1,29,4,4,6,8,2
18729,2021,7,1,4,22,4,3,1,115,99,1,33,5,5,7,7,2
18730,2021,7,2,5,5,1,1,1,101,4,1,32,5,5,7,1,1
18731,2021,7,2,5,16,3,2,1,101,24,1,30,5,5,7,1,1
18732,2021,7,2,5,18,4,3,1,101,18,1,26,4,4,6,1,1
18733,2021,7,2,5,12,3,2,1,108,99,1,18,2,2,4,1,1
18734,2021,7,2,5,15,3,2,21,2105,99,1,42,7,7,9,1,1
18735,2021,7,2,5,17,3,2,21,2101,99,1,38,6,6,8,1,1
18736,2021,7,2,5,20,4,3,20,2001,99,1,31,5,5,7,1,1
18737,2021,7,2,5,21,4,3,6,602,99,1,35,6,6,8,1,1
18738,2021,7,2,5,18,4,3,18,1803,99,1,25,4,4,6,1,1
18739,2021,7,2,5,20,4,3,17,1709,99,1,20,3,3,5,2,1
18740,2021,7,2,5,2,1,1,1,101,5,1,32,5,5,7,8,2
18741,2021,7,2,5,23,4,3,1,108,99,1,23,3,3,5,8,2
18742,2021,7,2,5,2,1,1,1,101,5,2,30,5,5,7,9,2
18743,2021,7,3,6,12,3,2,1,101,17,1,17,2,2,4,1,1
18744,2021,7,3,6,12,3,2,1,101,11,1,38,6,6,8,1,1
18745,2021,7,3,6,11,2,1,1,116,99,1,28,4,4,6,1,1
18746,2021,7,3,6,11,2,1,1,116,99,1,32,5,5,7,1,1
18747,2021,7,3,6,8,2,1,22,2212,99,1,40,7,7,9,1,1
18748,2021,7,3,6,12,3,2,19,1901,99,1,38,6,6,8,1,1
18749,2021,7,3,6,16,3,2,19,1909,99,2,20,3,3,5,1,1
18750,2021,7,3,6,15,3,2,5,501,99,1,41,7,7,9,1,1
18751,2021,7,3,6,14,3,2,1,101,7,1,38,6,6,8,7,2
18752,2021,7,3,6,4,1,1,1,108,99,1,25,4,4,6,8,2
18753,2021,7,3,6,20,4,3,5,506,99,1,24,3,3,5,7,2
18754,2021,7,3,6,18,4,3,5,501,99,2,30,5,5,7,2,1
18755,2021,7,3,6,1,1,1,16,1610,99,2,33,5,5,7,8,2
18756,2021,7,3,6,21,4,3,15,1501,99,1,50,9,9,11,7,2
18757,2021,7,3,6,23,4,3,15,1501,99,1,26,4,4,6,7,2
18758,2021,7,4,7,11,2,1,1,101,3,1,22,3,3,5,1,1
18759,2021,7,4,7,8,2,1,1,107,99,2,46,8,8,10,5,1
18760,2021,7,4,7,6,2,1,1,101,18,1,28,4,4,6,5,1
18761,2021,7,4,7,6,2,1,1,103,99,2,21,3,3,5,5,1
18762,2021,7,4,7,3,1,1,1,101,5,1,27,4,4,6,2,1
18763,2021,7,4,7,14,3,2,1,117,99,1,44,7,7,9,1,1
18764,2021,7,4,7,8,2,1,18,1804,99,1,23,3,3,5,1,1
18765,2021,7,4,7,12,3,2,18,1804,99,1,35,6,6,8,1,1
18766,2021,7,4,7,20,4,3,1,101,1,1,64,11,11,13,7,2
18767,2021,7,4,7,21,4,3,1,101,3,1,26,4,4,6,9,2
18768,2021,7,4,7,20,4,3,1,107,99,1,21,3,3,5,7,2
18769,2021,7,4,7,23,4,3,1,115,99,1,56,10,10,12,8,2
18770,2021,7,4,7,18,4,3,1,108,99,1,40,7,7,9,8,2
18771,2021,7,4,7,17,3,2,19,1901,99,1,30,5,5,7,8,2
18772,2021,7,4,7,21,4,3,5,509,99,1,20,3,3,5,7,2
18773,2021,7,4,7,14,3,2,6,602,99,1,23,3,3,5,7,2
18774,2021,7,4,7,6,2,1,10,1014,99,1,30,5,5,7,8,2
18775,2021,7,4,7,18,4,3,11,1101,99,1,42,7,7,9,9,2
18776,2021,7,5,1,13,3,2,19,1901,99,2,21,3,3,5,3,1
18777,2021,7,5,1,6,2,1,18,1801,99,1,74,11,13,15,1,1
18778,2021,7,5,1,7,2,1,17,1701,99,1,43,7,7,9,1,1
18779,2021,7,5,1,9,2,1,17,1713,99,1,17,2,2,4,3,1
18780,2021,7,5,1,9,2,1,17,1713,99,1,23,3,3,5,3,1
18781,2021,7,5,1,1,1,1,1,101,3,2,23,3,3,5,9,2
18782,2021,7,5,1,15,3,2,1,105,99,1,35,6,6,8,9,2
18783,2021,7,5,1,20,4,3,1,107,99,1,39,6,6,8,7,2
18784,2021,7,5,1,20,4,3,1,107,99,1,14,1,1,3,7,2
18785,2021,7,5,1,20,4,3,21,2101,99,2,24,3,3,5,7,2
18786,2021,7,5,1,15,3,2,5,501,99,1,28,4,4,6,7,2
18787,2021,7,5,1,10,2,1,5,501,99,1,40,7,7,9,8,2
18788,2021,7,5,1,11,2,1,18,1801,99,1,38,6,6,8,2,1
18789,2021,7,6,2,15,3,2,1,101,6,1,21,3,3,5,1,1
18790,2021,7,6,2,7,2,1,1,102,99,1,21,3,3,5,1,1
18791,2021,7,6,2,6,2,1,21,2101,99,1,57,10,10,12,1,1
18792,2021,7,6,2,15,3,2,20,2005,99,1,34,5,5,7,1,1
18793,2021,7,6,2,19,4,3,20,2001,99,1,23,3,3,5,1,1
18794,2021,7,6,2,20,4,3,18,1801,99,1,23,3,3,5,1,1
18795,2021,7,6,2,10,2,1,3,308,99,1,34,5,5,7,1,1
18796,2021,7,6,2,20,4,3,1,101,21,1,34,5,5,7,7,2
18797,2021,7,6,2,20,4,3,1,101,21,1,30,5,5,7,7,2
18798,2021,7,6,2,23,4,3,1,101,11,1,48,8,8,10,7,2
18799,2021,7,6,2,12,3,2,1,114,99,1,22,3,3,5,7,2
18800,2021,7,6,2,19,4,3,5,511,99,1,30,5,5,7,8,2
18801,2021,7,6,2,99,5,4,1,101,3,1,35,6,6,8,9,2
18802,2021,7,7,3,12,3,2,1,116,99,2,25,4,4,6,2,1
18803,2021,7,7,3,16,3,2,6,602,99,1,32,5,5,7,1,1
18804,2021,7,7,3,23,4,3,6,601,99,1,33,5,5,7,1,1
18805,2021,7,7,3,15,3,2,10,1001,99,1,52,9,9,11,1,1
18806,2021,7,7,3,0,1,1,18,1805,99,1,23,3,3,5,1,1
18807,2021,7,7,3,12,3,2,4,414,99,1,32,5,5,7,1,1
18808,2021,7,7,3,12,3,2,4,414,99,1,30,5,5,7,1,1
18809,2021,7,7,3,99,5,4,1,101,17,1,43,7,7,9,7,2
18810,2021,7,7,3,20,4,3,1,116,99,1,19,2,2,4,7,2
18811,2021,7,7,3,17,3,2,14,1413,99,1,47,8,8,10,9,2
18812,2021,7,7,3,12,3,2,6,606,99,2,16,2,2,4,5,1
18813,2021,7,8,4,14,3,2,1,101,11,1,24,3,3,5,1,1
18814,2021,7,8,4,16,3,2,1,101,21,1,25,4,4,6,1,1
18815,2021,7,8,4,19,4,3,1,116,99,1,22,3,3,5,1,1
18816,2021,7,8,4,18,4,3,6,608,99,1,25,4,4,6,1,1
18817,2021,7,8,4,21,4,3,18,1804,99,1,25,4,4,6,1,1
18818,2021,7,8,4,19,4,3,1,101,12,2,15,2,2,4,7,2
18819,2021,7,8,4,18,4,3,10,1001,99,1,35,6,6,8,7,2
18820,2021,7,8,4,19,4,3,22,2201,99,1,37,6,6,8,7,2
18821,2021,7,8,4,19,4,3,22,2201,99,1,49,8,8,10,7,2
18822,2021,7,8,4,20,4,3,12,1230,99,1,29,4,4,6,7,2
18823,2021,7,8,4,20,4,3,12,1230,99,1,35,6,6,8,7,2
18824,2021,7,8,4,20,4,3,12,1230,99,1,23,3,3,5,7,2
18825,2021,7,8,4,21,4,3,18,1804,99,1,42,7,7,9,7,2
18826,2021,7,9,5,12,3,2,1,101,4,1,35,6,6,8,1,1
18827,2021,7,9,5,18,4,3,1,101,6,1,35,6,6,8,1,1
18828,2021,7,9,5,12,3,2,1,101,6,1,38,6,6,8,1,1
18829,2021,7,9,5,12,3,2,1,101,6,1,43,7,7,9,1,1
18830,2021,7,9,5,12,3,2,1,101,6,1,25,4,4,6,1,1
18831,2021,7,9,5,12,3,2,1,101,6,1,45,8,8,10,1,1
18832,2021,7,9,5,17,3,2,1,101,5,1,28,4,4,6,1,1
18833,2021,7,9,5,21,4,3,1,101,7,1,20,3,3,5,1,1
18834,2021,7,9,5,23,4,3,19,1904,99,1,34,5,5,7,1,1
18835,2021,7,9,5,23,4,3,19,1904,99,1,24,3,3,5,1,1
18836,2021,7,9,5,12,3,2,1,101,6,1,38,6,6,8,7,2
18837,2021,7,9,5,17,3,2,1,101,5,1,15,2,2,4,7,2
18838,2021,7,9,5,15,3,2,1,117,99,1,29,4,4,6,7,2
18839,2021,7,9,5,16,3,2,1,116,99,1,42,7,7,9,9,2
18840,2021,7,9,5,14,3,2,22,2201,99,1,26,4,4,6,7,2
18841,2021,7,9,5,21,4,3,3,301,99,1,22,3,3,5,7,2
18842,2021,7,10,6,22,4,3,1,101,6,1,30,5,5,7,1,1
18843,2021,7,10,6,19,4,3,1,106,99,2,31,5,5,7,1,1
18844,2021,7,10,6,19,4,3,1,106,99,1,20,3,3,5,1,1
18845,2021,7,10,6,12,3,2,1,115,99,2,27,4,4,6,1,1
18846,2021,7,10,6,12,3,2,6,601,99,1,39,6,6,8,1,1
18847,2021,7,10,6,17,3,2,9,901,99,2,23,3,3,5,1,1
18848,2021,7,10,6,19,4,3,9,901,99,1,35,6,6,8,1,1
18849,2021,7,10,6,17,3,2,16,1616,99,1,22,3,3,5,2,1
18850,2021,7,10,6,11,2,1,1,101,2,1,63,11,11,13,7,2
18851,2021,7,10,6,19,4,3,1,106,99,2,20,3,3,5,7,2
18852,2021,7,10,6,22,4,3,1,101,6,1,33,5,5,7,7,2
18853,2021,7,10,6,22,4,3,1,101,6,1,35,6,6,8,7,2
18854,2021,7,10,6,19,4,3,1,101,6,1,25,4,4,6,9,2
18855,2021,7,10,6,19,4,3,1,110,99,1,22,3,3,5,8,2
18856,2021,7,10,6,14,3,2,19,1901,99,1,33,5,5,7,8,2
18857,2021,7,10,6,11,2,1,5,502,99,1,33,5,5,7,8,2
18858,2021,7,10,6,23,4,3,13,1301,99,1,32,5,5,7,8,2
18859,2021,7,11,7,9,2,1,1,115,99,1,30,5,5,7,1,1
18860,2021,7,11,7,21,4,3,1,115,99,1,32,5,5,7,1,1
18861,2021,7,11,7,13,3,2,1,108,99,1,25,4,4,6,1,1
18862,2021,7,11,7,20,4,3,22,2202,99,1,43,7,7,9,1,1
18863,2021,7,11,7,16,3,2,9,920,99,1,19,2,2,4,1,1
18864,2021,7,11,7,1,1,1,1,116,99,1,25,4,4,6,9,2
18865,2021,7,11,7,99,5,4,1,116,99,1,18,2,2,4,8,2
18866,2021,7,11,7,16,3,2,9,920,99,1,20,3,3,5,7,2
18867,2021,7,11,7,17,3,2,18,1802,99,1,34,5,5,7,1,1
18868,2021,7,11,7,17,3,2,6,602,99,1,22,3,3,5,7,2
18869,2021,7,11,7,16,3,2,1,115,99,1,25,4,4,6,8,2
18870,2021,7,11,7,7,2,1,20,2001,99,1,18,2,2,4,1,1
18871,2021,7,12,1,20,4,3,15,1501,99,1,33,5,5,7,9,2
18872,2021,7,12,1,11,2,1,1,101,5,1,28,4,4,6,1,1
18873,2021,7,12,1,20,4,3,1,101,11,1,31,5,5,7,1,1
18874,2021,7,12,1,10,2,1,1,115,99,1,999,12,16,18,1,1
18875,2021,7,12,1,21,4,3,13,1328,99,2,999,12,16,18,3,1
18876,2021,7,12,1,5,1,1,17,1709,99,2,52,9,9,11,1,1
18877,2021,7,12,1,11,2,1,1,101,5,1,24,3,3,5,7,2
18878,2021,7,12,1,6,2,1,1,115,99,1,73,11,13,15,7,2
18879,2021,7,12,1,17,3,2,11,1108,99,1,34,5,5,7,7,2
18880,2021,7,12,1,18,4,3,15,1503,99,1,29,4,4,6,7,2
18881,2021,7,13,2,12,3,2,20,2001,99,1,86,11,15,17,5,1
18882,2021,7,13,2,13,3,2,1,101,9,1,999,12,16,18,1,1
18883,2021,7,13,2,22,4,3,1,117,99,1,26,4,4,6,1,1
18884,2021,7,13,2,2,1,1,17,1710,99,1,54,9,9,11,1,1
18885,2021,7,13,2,10,2,1,1,101,1,1,26,4,4,6,7,2
18886,2021,7,13,2,19,4,3,1,101,18,1,32,5,5,7,7,2
18887,2021,7,13,2,19,4,3,1,101,18,1,30,5,5,7,7,2
18888,2021,7,13,2,4,1,1,10,1002,99,1,48,8,8,10,7,2
18889,2021,7,14,3,18,4,3,1,101,16,1,24,3,3,5,1,1
18890,2021,7,14,3,20,4,3,1,116,99,1,22,3,3,5,1,1
18891,2021,7,14,3,14,3,2,1,108,99,1,20,3,3,5,1,1
18892,2021,7,14,3,14,3,2,1,101,12,1,37,6,6,8,7,2
18893,2021,7,14,3,20,4,3,1,117,99,1,32,5,5,7,7,2
18894,2021,7,14,3,16,3,2,3,301,99,1,19,2,2,4,7,2
18895,2021,7,14,3,16,3,2,3,301,99,1,41,7,7,9,7,2
18896,2021,7,15,4,11,2,1,1,101,18,1,29,4,4,6,1,1
18897,2021,7,15,4,14,3,2,1,101,11,1,26,4,4,6,1,1
18898,2021,7,15,4,16,3,2,1,117,99,1,15,2,2,4,1,1
18899,2021,7,15,4,16,3,2,1,117,99,1,20,3,3,5,1,1
18900,2021,7,15,4,17,3,2,5,511,99,1,35,6,6,8,1,1
18901,2021,7,15,4,16,3,2,6,602,99,2,17,2,2,4,1,1
18902,2021,7,15,4,16,3,2,6,602,99,1,28,4,4,6,1,1
18903,2021,7,15,4,14,3,2,1,101,1,1,22,3,3,5,7,2
18904,2021,7,15,4,20,4,3,1,101,18,1,26,4,4,6,7,2
18905,2021,7,15,4,20,4,3,1,101,18,2,20,3,3,5,7,2
18906,2021,7,15,4,14,3,2,1,101,11,2,26,4,4,6,7,2
18907,2021,7,15,4,17,3,2,1,101,13,1,62,11,11,13,8,2
18908,2021,7,16,5,5,1,1,1,108,99,1,29,4,4,6,1,1
18909,2021,7,16,5,23,4,3,1,108,99,1,63,11,11,13,2,1
18910,2021,7,16,5,23,4,3,1,108,99,2,33,5,5,7,2,1
18911,2021,7,16,5,15,3,2,15,1508,99,1,35,6,6,8,2,1
18912,2021,7,16,5,22,4,3,1,101,12,1,35,6,6,8,8,2
18913,2021,7,16,5,21,4,3,22,2201,99,2,35,6,6,8,1,1
18914,2021,7,16,5,14,3,2,20,2009,99,1,70,11,13,15,7,2
18915,2021,7,16,5,5,1,1,5,506,99,1,42,7,7,9,7,2
18916,2021,7,17,6,19,4,3,1,101,21,1,31,5,5,7,1,1
18917,2021,7,17,6,19,4,3,1,108,99,1,24,3,3,5,1,1
18918,2021,7,17,6,19,4,3,6,601,99,1,26,4,4,6,1,1
18919,2021,7,17,6,16,3,2,17,1708,99,1,29,4,4,6,1,1
18920,2021,7,17,6,19,4,3,1,101,8,1,14,1,1,3,7,2
18921,2021,7,17,6,19,4,3,1,101,24,1,46,8,8,10,7,2
18922,2021,7,17,6,19,4,3,1,105,99,1,12,1,1,3,8,2
18923,2021,7,17,6,1,1,1,19,1903,99,1,25,4,4,6,7,2
18924,2021,7,17,6,16,3,2,5,502,99,1,34,5,5,7,7,2
18925,2021,7,17,6,2,1,1,5,512,99,1,32,5,5,7,7,2
18926,2021,7,17,6,19,4,3,5,504,99,1,33,5,5,7,8,2
18927,2021,7,17,6,19,4,3,5,504,99,1,15,2,2,4,8,2
18928,2021,7,17,6,23,4,3,3,310,99,1,18,2,2,4,7,2
18929,2021,7,17,6,20,4,3,6,608,99,2,22,3,3,5,7,2
18930,2021,7,18,7,1,1,1,1,101,18,1,27,4,4,6,1,1
18931,2021,7,18,7,10,2,1,1,102,99,1,28,4,4,6,1,1
18932,2021,7,18,7,13,3,2,21,2101,99,1,18,2,2,4,1,1
18933,2021,7,18,7,14,3,2,19,1907,99,1,47,8,8,10,1,1
18934,2021,7,18,7,18,4,3,6,602,99,1,24,3,3,5,1,1
18935,2021,7,18,7,0,1,1,18,1801,99,1,40,7,7,9,1,1
18936,2021,7,18,7,20,4,3,18,1804,99,1,27,4,4,6,1,1
18937,2021,7,18,7,19,4,3,17,1701,99,1,26,4,4,6,2,1
18938,2021,7,18,7,3,1,1,3,306,99,1,23,3,3,5,3,1
18939,2021,7,18,7,1,1,1,1,103,99,1,16,2,2,4,8,2
18940,2021,7,18,7,23,4,3,1,101,7,1,21,3,3,5,8,2
18941,2021,7,18,7,8,2,1,1,101,11,1,26,4,4,6,7,2
18942,2021,7,18,7,17,3,2,1,115,99,2,39,6,6,8,7,2
18943,2021,7,18,7,13,3,2,1,108,99,2,29,4,4,6,9,2
18944,2021,7,18,7,16,3,2,19,1908,99,1,45,8,8,10,7,2
18945,2021,7,18,7,16,3,2,19,1908,99,1,21,3,3,5,7,2
18946,2021,7,18,7,16,3,2,10,1014,99,1,43,7,7,9,7,2
18947,2021,7,18,7,14,3,2,9,910,99,1,15,2,2,4,9,2
18948,2021,7,18,7,18,4,3,12,1222,99,1,35,6,6,8,7,2
18949,2021,7,18,7,19,4,3,15,1501,99,1,29,4,4,6,7,2
18950,2021,7,19,1,21,4,3,1,101,18,2,17,2,2,4,1,1
18951,2021,7,19,1,21,4,3,1,101,18,1,21,3,3,5,1,1
18952,2021,7,19,1,21,4,3,1,101,11,1,20,3,3,5,1,1
18953,2021,7,19,1,13,3,2,22,2201,99,1,42,7,7,9,1,1
18954,2021,7,19,1,19,4,3,5,506,99,1,30,5,5,7,1,1
18955,2021,7,19,1,17,3,2,1,102,99,2,15,2,2,4,8,2
18956,2021,7,19,1,22,4,3,1,113,99,2,21,3,3,5,9,2
18957,2021,7,19,1,21,4,3,1,101,11,1,16,2,2,4,7,2
18958,2021,7,19,1,6,2,1,1,117,99,1,43,7,7,9,7,2
18959,2021,7,19,1,18,4,3,1,101,19,1,35,6,6,8,9,2
18960,2021,7,19,1,19,4,3,21,2102,99,1,15,2,2,4,7,2
18961,2021,7,19,1,23,4,3,19,1901,99,1,20,3,3,5,8,2
18962,2021,7,19,1,22,4,3,5,502,99,2,32,5,5,7,7,2
18963,2021,7,20,2,13,3,2,1,115,99,1,30,5,5,7,1,1
18964,2021,7,20,2,1,1,1,1,115,99,1,20,3,3,5,1,1
18965,2021,7,20,2,12,3,2,1,115,99,1,29,4,4,6,1,1
18966,2021,7,20,2,12,3,2,19,1904,99,1,35,6,6,8,1,1
18967,2021,7,20,2,17,3,2,6,602,99,1,30,5,5,7,1,1
18968,2021,7,20,2,12,3,2,12,1215,99,1,35,6,6,8,2,1
18969,2021,7,20,2,1,1,1,3,303,99,1,27,4,4,6,1,1
18970,2021,7,20,2,6,2,1,1,101,12,1,19,2,2,4,7,2
18971,2021,7,20,2,20,4,3,1,108,99,1,23,3,3,5,7,2
18972,2021,7,20,2,22,4,3,21,2102,99,2,4,1,1,1,9,2
18973,2021,7,20,2,10,2,1,14,1402,99,1,32,5,5,7,7,2
18974,2021,7,20,2,5,1,1,1,113,99,1,21,3,3,5,5,1
18975,2021,7,21,3,20,4,3,1,101,18,2,38,6,6,8,1,1
18976,2021,7,21,3,17,3,2,1,101,5,2,35,6,6,8,1,1
18977,2021,7,21,3,17,3,2,1,101,5,1,19,2,2,4,1,1
18978,2021,7,21,3,16,3,2,1,115,99,1,21,3,3,5,1,1
18979,2021,7,21,3,12,3,2,1,108,99,1,30,5,5,7,1,1
18980,2021,7,21,3,21,4,3,20,2005,99,1,35,6,6,8,1,1
18981,2021,7,21,3,10,2,1,5,511,99,1,30,5,5,7,1,1
18982,2021,7,21,3,19,4,3,13,1306,99,1,45,8,8,10,1,1
18983,2021,7,21,3,7,2,1,16,1601,99,1,15,2,2,4,1,1
18984,2021,7,21,3,16,3,2,1,115,99,1,22,3,3,5,7,2
18985,2021,7,21,3,14,3,2,1,108,99,1,26,4,4,6,7,2
18986,2021,7,21,3,0,1,1,15,1506,99,2,36,6,6,8,9,2
18987,2021,7,21,3,16,3,2,18,1805,99,1,54,9,9,11,8,2
18988,2021,7,21,3,14,3,2,17,1703,99,1,77,11,14,16,8,2
18989,2021,7,22,4,20,4,3,1,105,99,1,25,4,4,6,1,1
18990,2021,7,22,4,14,3,2,1,101,12,2,35,6,6,8,1,1
18991,2021,7,22,4,6,2,1,5,513,99,1,40,7,7,9,1,1
18992,2021,7,22,4,13,3,2,18,1801,99,1,28,4,4,6,1,1
18993,2021,7,22,4,17,3,2,1,115,99,1,17,2,2,4,7,2
18994,2021,7,22,4,17,3,2,1,115,99,1,16,2,2,4,7,2
18995,2021,7,22,4,17,3,2,1,115,99,1,20,3,3,5,7,2
18996,2021,7,22,4,12,3,2,1,111,99,1,38,6,6,8,7,2
18997,2021,7,23,5,20,4,3,1,101,1,1,15,2,2,4,1,1
18998,2021,7,23,5,11,2,1,1,101,18,1,25,4,4,6,1,1
18999,2021,7,23,5,16,3,2,1,115,99,1,19,2,2,4,1,1
19000,2021,7,23,5,11,2,1,5,501,99,1,40,7,7,9,1,1
19001,2021,7,23,5,14,3,2,5,506,99,1,54,9,9,11,1,1
19002,2021,7,23,5,7,2,1,1,101,18,1,44,7,7,9,7,2
19003,2021,7,23,5,17,3,2,1,101,6,1,34,5,5,7,7,2
19004,2021,7,23,5,17,3,2,1,101,6,1,48,8,8,10,7,2
19005,2021,7,23,5,20,4,3,1,101,10,1,38,6,6,8,7,2
19006,2021,7,23,5,13,3,2,1,101,7,1,42,7,7,9,7,2
19007,2021,7,23,5,15,3,2,1,101,12,2,30,5,5,7,7,2
19008,2021,7,23,5,5,1,1,1,101,11,1,25,4,4,6,8,2
19009,2021,7,23,5,7,2,1,1,117,99,1,23,3,3,5,7,2
19010,2021,7,23,5,14,3,2,1,108,99,1,18,2,2,4,7,2
19011,2021,7,23,5,0,1,1,14,1413,99,2,999,12,16,18,9,2
19012,2021,7,24,6,19,4,3,1,101,18,1,12,1,1,3,1,1
19013,2021,7,24,6,22,4,3,1,101,6,1,34,5,5,7,1,1
19014,2021,7,24,6,14,3,2,1,103,99,1,33,5,5,7,1,1
19015,2021,7,24,6,12,3,2,1,114,99,1,38,6,6,8,1,1
19016,2021,7,24,6,22,4,3,1,115,99,1,30,5,5,7,1,1
19017,2021,7,24,6,10,2,1,6,613,99,1,62,11,11,13,1,1
19018,2021,7,24,6,12,3,2,6,614,99,1,30,5,5,7,1,1
19019,2021,7,24,6,14,3,2,6,604,99,2,12,1,1,3,1,1
19020,2021,7,24,6,17,3,2,11,1101,99,1,32,5,5,7,1,1
19021,2021,7,24,6,17,3,2,11,1101,99,1,32,5,5,7,1,1
19022,2021,7,24,6,8,2,1,9,917,99,1,23,3,3,5,1,1
19023,2021,7,24,6,10,2,1,7,713,99,1,39,6,6,8,1,1
19024,2021,7,24,6,19,4,3,1,101,18,1,39,6,6,8,7,2
19025,2021,7,24,6,22,4,3,1,101,6,1,32,5,5,7,7,2
19026,2021,7,24,6,1,1,1,1,115,99,1,30,5,5,7,7,2
19027,2021,7,24,6,18,4,3,1,101,7,1,34,5,5,7,8,2
19028,2021,7,24,6,18,4,3,1,101,7,2,19,2,2,4,8,2
19029,2021,7,24,6,12,3,2,1,114,99,1,65,11,12,14,7,2
19030,2021,7,24,6,23,4,3,1,116,99,1,22,3,3,5,7,2
19031,2021,7,24,6,19,4,3,22,2201,99,1,32,5,5,7,8,2
19032,2021,7,24,6,19,4,3,5,506,99,1,25,4,4,6,7,2
19033,2021,7,24,6,22,4,3,5,501,99,1,15,2,2,4,7,2
19034,2021,7,24,6,19,4,3,10,1016,99,2,27,4,4,6,7,2
19035,2021,7,24,6,17,3,2,11,1101,99,1,41,7,7,9,7,2
19036,2021,7,24,6,14,3,2,3,308,99,1,15,2,2,4,7,2
19037,2021,7,24,6,21,4,3,21,2101,99,1,21,3,3,5,1,1
19038,2021,7,25,7,20,4,3,1,117,99,1,37,6,6,8,1,1
19039,2021,7,25,7,22,4,3,1,108,99,1,20,3,3,5,1,1
19040,2021,7,25,7,16,3,2,1,108,99,1,28,4,4,6,5,1
19041,2021,7,25,7,16,3,2,22,2212,99,1,26,4,4,6,1,1
19042,2021,7,25,7,20,4,3,19,1909,99,1,43,7,7,9,1,1
19043,2021,7,25,7,18,4,3,6,613,99,2,19,2,2,4,1,1
19044,2021,7,25,7,22,4,3,18,1804,99,1,54,9,9,11,2,1
19045,2021,7,25,7,22,4,3,1,105,99,1,46,8,8,10,8,2
19046,2021,7,25,7,13,3,2,1,109,99,1,18,2,2,4,7,2
19047,2021,7,25,7,15,3,2,22,2214,99,1,35,6,6,8,8,2
19048,2021,7,25,7,16,3,2,10,1020,99,1,21,3,3,5,7,2
19049,2021,7,25,7,22,4,3,18,1801,99,1,24,3,3,5,7,2
19050,2021,7,26,1,12,3,2,1,115,99,1,45,8,8,10,1,1
19051,2021,7,26,1,9,2,1,21,2107,99,1,48,8,8,10,1,1
19052,2021,7,26,1,0,1,1,19,1907,99,1,42,7,7,9,2,1
19053,2021,7,26,1,8,2,1,5,513,99,1,40,7,7,9,2,1
19054,2021,7,26,1,18,4,3,1,102,99,1,39,6,6,8,9,2
19055,2021,7,26,1,7,2,1,1,116,99,1,41,7,7,9,7,2
19056,2021,7,26,1,1,1,1,20,2005,99,1,17,2,2,4,8,2
19057,2021,7,26,1,19,4,3,17,1701,99,1,22,3,3,5,7,2
19058,2021,7,26,1,18,4,3,7,705,99,1,28,4,4,6,7,2
19059,2021,7,26,1,20,4,3,1,114,99,1,33,5,5,7,1,1
19060,2021,7,27,2,0,1,1,1,101,12,1,999,12,16,18,5,1
19061,2021,7,27,2,0,1,1,1,101,12,1,999,12,16,18,5,1
19062,2021,7,27,2,0,1,1,1,101,12,1,999,12,16,18,5,1
19063,2021,7,27,2,18,4,3,6,610,99,1,24,3,3,5,1,1
19064,2021,7,27,2,17,3,2,13,1303,99,1,37,6,6,8,2,1
19065,2021,7,27,2,21,4,3,10,1020,99,1,27,4,4,6,7,2
19066,2021,7,28,3,14,3,2,1,101,5,1,21,3,3,5,1,1
19067,2021,7,28,3,7,2,1,1,108,99,2,54,9,9,11,1,1
19068,2021,7,28,3,12,3,2,5,508,99,1,31,5,5,7,1,1
19069,2021,7,28,3,16,3,2,9,923,99,1,47,8,8,10,1,1
19070,2021,7,28,3,16,3,2,9,923,99,2,30,5,5,7,1,1
19071,2021,7,28,3,16,3,2,9,923,99,1,30,5,5,7,7,2
19072,2021,7,28,3,18,4,3,1,108,99,2,38,6,6,8,7,2
19073,2021,7,28,3,19,4,3,1,101,6,1,33,5,5,7,7,2
19074,2021,7,28,3,12,3,2,5,501,99,1,33,5,5,7,7,2
19075,2021,7,28,3,22,4,3,1,108,99,1,28,4,4,6,8,2
19076,2021,7,29,4,99,5,4,1,106,99,1,16,2,2,4,1,1
19077,2021,7,29,4,16,3,2,1,101,18,1,45,8,8,10,1,1
19078,2021,7,29,4,17,3,2,1,101,6,1,38,6,6,8,1,1
19079,2021,7,29,4,19,4,3,1,101,19,1,20,3,3,5,1,1
19080,2021,7,29,4,18,4,3,22,2205,99,1,57,10,10,12,1,1
19081,2021,7,29,4,19,4,3,21,2101,99,1,23,3,3,5,1,1
19082,2021,7,29,4,16,3,2,5,501,99,1,51,9,9,11,1,1
19083,2021,7,29,4,20,4,3,6,602,99,1,17,2,2,4,1,1
19084,2021,7,29,4,12,3,2,18,1804,99,1,35,6,6,8,1,1
19085,2021,7,29,4,16,3,2,1,101,18,1,40,7,7,9,7,2
19086,2021,7,29,4,16,3,2,1,101,18,1,65,11,12,14,7,2
19087,2021,7,29,4,19,4,3,1,101,19,1,15,2,2,4,7,2
19088,2021,7,29,4,19,4,3,1,101,19,1,63,11,11,13,7,2
19089,2021,7,29,4,15,3,2,5,509,99,1,24,3,3,5,7,2
19090,2021,7,29,4,2,1,1,6,602,99,2,30,5,5,7,9,2
19091,2021,7,30,5,17,3,2,1,101,1,1,19,2,2,4,1,1
19092,2021,7,30,5,11,2,1,1,101,18,1,40,7,7,9,1,1
19093,2021,7,30,5,20,4,3,1,101,18,1,30,5,5,7,1,1
19094,2021,7,30,5,15,3,2,1,101,12,1,28,4,4,6,1,1
19095,2021,7,30,5,23,4,3,1,101,21,1,26,4,4,6,1,1
19096,2021,7,30,5,19,4,3,1,115,99,1,28,4,4,6,1,1
19097,2021,7,30,5,14,3,2,1,108,99,1,16,2,2,4,1,1
19098,2021,7,30,5,22,4,3,22,2201,99,1,29,4,4,6,1,1
19099,2021,7,30,5,14,3,2,20,2008,99,1,33,5,5,7,1,1
19100,2021,7,30,5,6,2,1,18,1804,99,2,35,6,6,8,1,1
19101,2021,7,30,5,6,2,1,18,1804,99,2,56,10,10,12,1,1
19102,2021,7,30,5,14,3,2,4,413,99,1,48,8,8,10,1,1
19103,2021,7,30,5,18,4,3,3,301,99,1,26,4,4,6,1,1
19104,2021,7,30,5,20,4,3,3,306,99,1,18,2,2,4,1,1
19105,2021,7,30,5,14,3,2,1,101,11,1,25,4,4,6,7,2
19106,2021,7,30,5,15,3,2,1,101,12,1,33,5,5,7,7,2
19107,2021,7,30,5,14,3,2,1,101,12,1,47,8,8,10,7,2
19108,2021,7,30,5,15,3,2,1,108,99,1,26,4,4,6,7,2
19109,2021,7,30,5,16,3,2,20,2004,99,1,31,5,5,7,7,2
19110,2021,7,30,5,14,3,2,4,413,99,1,48,8,8,10,7,2
19111,2021,7,30,5,14,3,2,4,413,99,1,93,11,15,17,7,2
19112,2021,7,31,6,9,2,1,1,101,18,1,54,9,9,11,1,1
19113,2021,7,31,6,14,3,2,1,101,24,1,23,3,3,5,1,1
19114,2021,7,31,6,20,4,3,1,101,18,1,28,4,4,6,1,1
19115,2021,7,31,6,14,3,2,22,2214,99,1,17,2,2,4,1,1
19116,2021,7,31,6,20,4,3,21,2107,99,1,52,9,9,11,1,1
19117,2021,7,31,6,16,3,2,4,407,99,2,15,2,2,4,3,1
19118,2021,7,31,6,23,4,3,3,303,99,1,25,4,4,6,1,1
19119,2021,7,31,6,20,4,3,1,101,18,2,19,2,2,4,7,2
19120,2021,7,31,6,15,3,2,1,102,99,1,31,5,5,7,7,2
19121,2021,7,31,6,23,4,3,1,115,99,1,49,8,8,10,8,2
19122,2021,7,31,6,23,4,3,1,115,99,1,27,4,4,6,8,2
19123,2021,7,31,6,20,4,3,1,108,99,1,30,5,5,7,9,2
19124,2021,7,31,6,17,3,2,21,2104,99,1,32,5,5,7,7,2
19125,2021,7,31,6,5,1,1,5,501,99,1,34,5,5,7,7,2
19126,2021,7,31,6,19,4,3,9,917,99,1,28,4,4,6,8,2
19127,2021,7,31,6,18,4,3,12,1230,99,1,40,7,7,9,7,2
19128,2021,7,31,6,18,4,3,16,1606,99,1,11,1,1,3,7,2
19129,2021,8,1,7,9,2,1,1,101,17,2,12,1,1,3,5,1
19130,2021,8,1,7,13,3,2,1,101,6,1,25,4,4,6,1,1
19131,2021,8,1,7,4,1,1,1,103,99,1,33,5,5,7,1,1
19132,2021,8,1,7,7,2,1,1,101,13,1,41,7,7,9,1,1
19133,2021,8,1,7,18,4,3,1,102,99,1,30,5,5,7,1,1
19134,2021,8,1,7,3,1,1,1,115,99,1,47,8,8,10,1,1
19135,2021,8,1,7,18,4,3,1,115,99,1,20,3,3,5,1,1
19136,2021,8,1,7,18,4,3,1,101,19,1,28,4,4,6,1,1
19137,2021,8,1,7,12,3,2,22,2209,99,1,45,8,8,10,1,1
19138,2021,8,1,7,23,4,3,21,2102,99,1,40,7,7,9,1,1
19139,2021,8,1,7,19,4,3,20,2006,99,1,61,11,11,13,2,1
19140,2021,8,1,7,23,4,3,19,1909,99,1,38,6,6,8,2,1
19141,2021,8,1,7,0,1,1,5,506,99,1,28,4,4,6,1,1
19142,2021,8,1,7,7,2,1,2,204,99,1,999,12,16,18,1,1
19143,2021,8,1,7,9,2,1,5,501,99,1,24,3,3,5,1,1
19144,2021,8,1,7,12,3,2,18,1803,99,1,22,3,3,5,2,1
19145,2021,8,1,7,18,4,3,21,2105,99,1,21,3,3,5,1,1
19146,2021,8,2,1,16,3,2,1,101,18,1,32,5,5,7,1,1
19147,2021,8,2,1,3,1,1,1,101,12,1,22,3,3,5,1,1
19148,2021,8,2,1,17,3,2,1,115,99,2,32,5,5,7,1,1
19149,2021,8,2,1,0,1,1,1,115,99,1,31,5,5,7,1,1
19150,2021,8,2,1,14,3,2,1,115,99,2,29,4,4,6,1,1
19151,2021,8,2,1,7,2,1,20,2004,99,1,63,11,11,13,5,1
19152,2021,8,2,1,17,3,2,5,506,99,2,39,6,6,8,1,1
19153,2021,8,3,2,14,3,2,1,101,17,1,28,4,4,6,1,1
19154,2021,8,3,2,3,1,1,1,115,99,1,17,2,2,4,1,1
19155,2021,8,3,2,5,1,1,1,115,99,1,25,4,4,6,5,1
19156,2021,8,3,2,6,2,1,1,101,21,1,50,9,9,11,1,1
19157,2021,8,3,2,13,3,2,5,501,99,1,53,9,9,11,1,1
19158,2021,8,3,2,18,4,3,5,511,99,1,17,2,2,4,1,1
19159,2021,8,3,2,21,4,3,13,1311,99,1,29,4,4,6,1,1
19160,2021,8,4,3,0,1,1,13,1307,99,1,67,11,12,14,3,1
19161,2021,8,5,4,19,4,3,1,101,5,2,14,1,1,3,1,1
19162,2021,8,5,4,18,4,3,1,108,99,1,32,5,5,7,1,1
19163,2021,8,5,4,17,3,2,11,1106,99,1,39,6,6,8,1,1
19164,2021,8,5,4,21,4,3,17,1705,99,1,45,8,8,10,1,1
19165,2021,8,6,5,14,3,2,1,101,6,1,35,6,6,8,1,1
19166,2021,8,6,5,13,3,2,1,101,12,1,31,5,5,7,1,1
19167,2021,8,6,5,13,3,2,1,115,99,1,40,7,7,9,1,1
19168,2021,8,6,5,16,3,2,1,116,99,1,49,8,8,10,1,1
19169,2021,8,6,5,18,4,3,12,1219,99,1,23,3,3,5,1,1
19170,2021,8,6,5,16,3,2,5,513,99,1,62,11,11,13,1,1
19171,2021,8,7,6,18,4,3,1,101,6,1,34,5,5,7,1,1
19172,2021,8,7,6,0,1,1,1,116,99,1,24,3,3,5,1,1
19173,2021,8,7,6,16,3,2,20,2005,99,1,24,3,3,5,1,1
19174,2021,8,7,6,20,4,3,19,1901,99,1,40,7,7,9,1,1
19175,2021,8,7,6,17,3,2,16,1601,99,1,30,5,5,7,2,1
19176,2021,8,7,6,20,4,3,4,412,99,1,42,7,7,9,1,1
19177,2021,8,8,7,19,4,3,1,107,99,1,20,3,3,5,1,1
19178,2021,8,8,7,13,3,2,1,101,12,1,20,3,3,5,1,1
19179,2021,8,8,7,20,4,3,1,116,99,1,30,5,5,7,1,1
19180,2021,8,8,7,8,2,1,21,2102,99,1,48,8,8,10,1,1
19181,2021,8,8,7,17,3,2,21,2101,99,2,50,9,9,11,1,1
19182,2021,8,8,7,9,2,1,5,509,99,1,22,3,3,5,1,1
19183,2021,8,8,7,3,1,1,5,506,99,1,30,5,5,7,1,1
19184,2021,8,8,7,21,4,3,5,509,99,1,16,2,2,4,1,1
19185,2021,8,8,7,2,1,1,8,801,99,2,3,1,1,1,2,1
19186,2021,8,8,7,2,1,1,8,801,99,1,60,11,11,13,2,1
19187,2021,8,8,7,19,4,3,18,1805,99,1,31,5,5,7,1,1
19188,2021,8,8,7,9,2,1,5,509,99,1,22,3,3,5,1,1
19189,2021,8,8,7,21,4,3,17,1709,99,1,49,8,8,10,2,1
19190,2021,8,9,1,12,3,2,1,115,99,1,17,2,2,4,1,1
19191,2021,8,9,1,22,4,3,1,116,99,1,42,7,7,9,1,1
19192,2021,8,9,1,20,4,3,1,108,99,1,46,8,8,10,1,1
19193,2021,8,9,1,10,2,1,19,1905,99,1,36,6,6,8,3,1
19194,2021,8,9,1,1,1,1,12,1217,99,2,38,6,6,8,2,1
19195,2021,8,9,1,0,1,1,16,1601,99,1,38,6,6,8,3,1
19196,2021,8,9,1,3,1,1,18,1805,99,1,52,9,9,11,1,1
19197,2021,8,9,1,19,4,3,17,1701,99,1,41,7,7,9,1,1
19198,2021,8,9,1,13,3,2,22,2206,99,1,58,10,10,12,1,1
19199,2021,8,9,1,14,3,2,21,2101,99,1,28,4,4,6,2,1
19200,2021,8,10,2,5,1,1,5,506,99,1,42,7,7,9,1,1
19201,2021,8,10,2,10,2,1,18,1802,99,1,41,7,7,9,2,1
19202,2021,8,10,2,13,3,2,4,414,99,1,999,12,16,18,1,1
19203,2021,8,10,2,11,2,1,21,2101,99,2,42,7,7,9,2,1
19204,2021,8,11,3,14,3,2,9,901,99,2,28,4,4,6,1,1
19205,2021,8,11,3,23,4,3,20,2001,99,1,24,3,3,5,1,1
19206,2021,8,11,3,14,3,2,5,505,99,1,30,5,5,7,1,1
19207,2021,8,11,3,23,4,3,20,2001,99,1,24,3,3,5,1,1
19208,2021,8,12,4,12,3,2,20,2009,99,1,59,10,10,12,1,1
19209,2021,8,12,4,9,2,1,11,1109,99,1,59,10,10,12,2,1
19210,2021,8,12,4,11,2,1,9,901,99,1,27,4,4,6,1,1
19211,2021,8,12,4,15,3,2,2,202,99,1,42,7,7,9,1,1
19212,2021,8,12,4,16,3,2,2,202,99,1,41,7,7,9,1,1
19213,2021,8,13,5,17,3,2,1,101,1,1,18,2,2,4,1,1
19214,2021,8,13,5,17,3,2,1,101,1,1,24,3,3,5,1,1
19215,2021,8,13,5,17,3,2,1,101,1,1,25,4,4,6,1,1
19216,2021,8,13,5,13,3,2,1,101,18,2,30,5,5,7,1,1
19217,2021,8,13,5,22,4,3,1,101,7,1,32,5,5,7,1,1
19218,2021,8,13,5,17,3,2,1,108,99,1,21,3,3,5,1,1
19219,2021,8,13,5,21,4,3,1,115,99,1,23,3,3,5,2,1
19220,2021,8,13,5,12,3,2,20,2007,99,1,45,8,8,10,1,1
19221,2021,8,13,5,17,3,2,6,602,99,1,48,8,8,10,1,1
19222,2021,8,13,5,20,4,3,9,901,99,1,38,6,6,8,1,1
19223,2021,8,13,5,20,4,3,9,901,99,1,32,5,5,7,1,1
19224,2021,8,13,5,20,4,3,9,901,99,1,35,6,6,8,1,1
19225,2021,8,13,5,22,4,3,15,1502,99,1,17,2,2,4,1,1
19226,2021,8,13,5,17,3,2,17,1705,99,2,18,2,2,4,2,1
19227,2021,8,14,6,16,3,2,1,101,6,1,32,5,5,7,1,1
19228,2021,8,14,6,13,3,2,1,101,7,1,999,12,16,18,1,1
19229,2021,8,14,6,13,3,2,1,101,7,1,23,3,3,5,1,1
19230,2021,8,14,6,18,4,3,1,101,21,1,20,3,3,5,2,1
19231,2021,8,14,6,21,4,3,1,116,99,1,31,5,5,7,1,1
19232,2021,8,14,6,11,2,1,1,108,99,1,50,9,9,11,1,1
19233,2021,8,14,6,14,3,2,22,2203,99,2,43,7,7,9,1,1
19234,2021,8,14,6,14,3,2,19,1901,99,1,35,6,6,8,1,1
19235,2021,8,14,6,17,3,2,6,602,99,1,39,6,6,8,1,1
19236,2021,8,14,6,7,2,1,16,1601,99,1,25,4,4,6,1,1
19237,2021,8,15,7,9,2,1,1,101,3,1,22,3,3,5,2,1
19238,2021,8,15,7,7,2,1,1,101,24,1,26,4,4,6,1,1
19239,2021,8,15,7,13,3,2,1,101,6,1,21,3,3,5,1,1
19240,2021,8,15,7,9,2,1,1,101,12,1,25,4,4,6,1,1
19241,2021,8,15,7,19,4,3,1,114,99,1,24,3,3,5,1,1
19242,2021,8,15,7,19,4,3,21,2101,99,1,44,7,7,9,2,1
19243,2021,8,15,7,14,3,2,20,2007,99,1,22,3,3,5,1,1
19244,2021,8,15,7,8,2,1,19,1901,99,1,39,6,6,8,1,1
19245,2021,8,15,7,16,3,2,10,1001,99,1,39,6,6,8,1,1
19246,2021,8,15,7,7,2,1,18,1804,99,2,28,4,4,6,1,1
19247,2021,8,15,7,23,4,3,18,1804,99,1,43,7,7,9,2,1
19248,2021,8,15,7,20,4,3,5,505,99,2,40,7,7,9,1,1
19249,2021,8,16,1,3,1,1,1,101,9,1,28,4,4,6,1,1
19250,2021,8,16,1,14,3,2,1,107,99,1,33,5,5,7,1,1
19251,2021,8,16,1,10,2,1,1,101,21,1,45,8,8,10,1,1
19252,2021,8,16,1,13,3,2,1,115,99,1,22,3,3,5,1,1
19253,2021,8,16,1,2,1,1,5,506,99,2,18,2,2,4,1,1
19254,2021,8,16,1,14,3,2,5,511,99,1,20,3,3,5,1,1
19255,2021,8,17,2,9,2,1,1,117,99,1,38,6,6,8,1,1
19256,2021,8,17,2,12,3,2,21,2102,99,2,57,10,10,12,1,1
19257,2021,8,17,2,6,2,1,10,1001,99,1,999,12,16,18,1,1
19258,2021,8,17,2,9,2,1,17,1713,99,2,55,10,10,12,2,1
19259,2021,8,18,3,22,4,3,1,101,6,1,25,4,4,6,1,1
19260,2021,8,18,3,13,3,2,1,101,7,1,29,4,4,6,5,1
19261,2021,8,18,3,16,3,2,1,115,99,1,34,5,5,7,1,1
19262,2021,8,18,3,13,3,2,1,115,99,1,46,8,8,10,1,1
19263,2021,8,18,3,15,3,2,19,1909,99,1,46,8,8,10,1,1
19264,2021,8,18,3,16,3,2,5,514,99,1,49,8,8,10,2,1
19265,2021,8,18,3,20,4,3,13,1330,99,1,999,12,16,18,3,1
19266,2021,8,19,4,7,2,1,1,101,9,1,49,8,8,10,1,1
19267,2021,8,19,4,7,2,1,1,101,9,1,44,7,7,9,1,1
19268,2021,8,19,4,12,3,2,1,101,4,1,35,6,6,8,1,1
19269,2021,8,19,4,7,2,1,22,2201,99,1,40,7,7,9,1,1
19270,2021,8,19,4,20,4,3,18,1804,99,1,50,9,9,11,1,1
19271,2021,8,20,5,12,3,2,1,101,1,1,43,7,7,9,1,1
19272,2021,8,20,5,6,2,1,1,113,99,1,19,2,2,4,2,1
19273,2021,8,20,5,6,2,1,1,113,99,1,999,12,16,18,2,1
19274,2021,8,20,5,8,2,1,21,2106,99,1,18,2,2,4,1,1
19275,2021,8,20,5,6,2,1,20,2006,99,1,24,3,3,5,1,1
19276,2021,8,20,5,21,4,3,5,506,99,1,50,9,9,11,1,1
19277,2021,8,20,5,17,3,2,17,1705,99,1,35,6,6,8,1,1
19278,2021,8,21,6,11,2,1,1,107,99,2,29,4,4,6,1,1
19279,2021,8,21,6,14,3,2,1,102,99,2,45,8,8,10,1,1
19280,2021,8,21,6,20,4,3,1,115,99,2,21,3,3,5,1,1
19281,2021,8,21,6,18,4,3,20,2006,99,1,19,2,2,4,2,1
19282,2021,8,21,6,16,3,2,5,501,99,1,999,12,16,18,3,1
19283,2021,8,21,6,19,4,3,9,920,99,1,35,6,6,8,1,1
19284,2021,8,22,7,17,3,2,1,106,99,1,18,2,2,4,1,1
19285,2021,8,22,7,17,3,2,1,106,99,1,18,2,2,4,1,1
19286,2021,8,22,7,17,3,2,1,106,99,1,23,3,3,5,1,1
19287,2021,8,22,7,15,3,2,1,108,99,1,30,5,5,7,1,1
19288,2021,8,22,7,20,4,3,19,1901,99,1,17,2,2,4,1,1
19289,2021,8,22,7,5,1,1,5,511,99,1,999,12,16,18,1,1
19290,2021,8,22,7,21,4,3,5,509,99,1,21,3,3,5,3,1
19291,2021,8,22,7,22,4,3,5,506,99,1,35,6,6,8,1,1
19292,2021,8,22,7,10,2,1,16,1612,99,1,52,9,9,11,1,1
19293,2021,8,22,7,0,1,1,2,207,99,1,30,5,5,7,1,1
19294,2021,8,23,1,18,4,3,1,101,18,2,55,10,10,12,1,1
19295,2021,8,23,1,18,4,3,1,101,18,1,22,3,3,5,1,1
19296,2021,8,23,1,22,4,3,21,2101,99,1,21,3,3,5,1,1
19297,2021,8,23,1,12,3,2,5,509,99,1,29,4,4,6,1,1
19298,2021,8,23,1,21,4,3,5,509,99,1,26,4,4,6,1,1
19299,2021,8,23,1,16,3,2,6,604,99,1,45,8,8,10,1,1
19300,2021,8,23,1,11,2,1,13,1312,99,1,47,8,8,10,1,1
19301,2021,8,23,1,11,2,1,13,1312,99,1,30,5,5,7,1,1
19302,2021,8,23,1,16,3,2,3,306,99,1,30,5,5,7,1,1
19303,2021,8,24,2,12,3,2,1,107,99,1,25,4,4,6,1,1
19304,2021,8,24,2,23,4,3,1,105,99,1,39,6,6,8,1,1
19305,2021,8,24,2,19,4,3,1,107,99,1,23,3,3,5,1,1
19306,2021,8,24,2,18,4,3,1,101,10,1,52,9,9,11,1,1
19307,2021,8,24,2,4,1,1,20,2001,99,1,18,2,2,4,2,1
19308,2021,8,24,2,4,1,1,20,2001,99,1,26,4,4,6,2,1
19309,2021,8,24,2,4,1,1,20,2001,99,1,28,4,4,6,2,1
19310,2021,8,24,2,12,3,2,19,1905,99,1,31,5,5,7,1,1
19311,2021,8,24,2,13,3,2,10,1016,99,1,33,5,5,7,1,1
19312,2021,8,25,3,16,3,2,1,101,18,1,35,6,6,8,1,1
19313,2021,8,25,3,16,3,2,1,101,18,1,45,8,8,10,1,1
19314,2021,8,25,3,16,3,2,1,102,99,1,29,4,4,6,1,1
19315,2021,8,25,3,6,2,1,21,2101,99,1,33,5,5,7,1,1
19316,2021,8,25,3,9,2,1,21,2101,99,2,28,4,4,6,1,1
19317,2021,8,25,3,9,2,1,21,2101,99,1,43,7,7,9,1,1
19318,2021,8,25,3,17,3,2,9,917,99,1,27,4,4,6,1,1
19319,2021,8,25,3,17,3,2,9,917,99,1,17,2,2,4,1,1
19320,2021,8,26,4,13,3,2,1,101,1,1,39,6,6,8,1,1
19321,2021,8,26,4,14,3,2,1,101,24,1,25,4,4,6,1,1
19322,2021,8,26,4,15,3,2,1,101,18,1,27,4,4,6,1,1
19323,2021,8,26,4,5,1,1,1,115,99,1,28,4,4,6,1,1
19324,2021,8,26,4,8,2,1,22,2207,99,1,59,10,10,12,1,1
19325,2021,8,26,4,14,3,2,20,2005,99,1,27,4,4,6,1,1
19326,2021,8,26,4,13,3,2,19,1903,99,1,23,3,3,5,1,1
19327,2021,8,26,4,14,3,2,20,2005,99,1,38,6,6,8,1,1
19328,2021,8,26,4,19,4,3,6,602,99,1,24,3,3,5,1,1
19329,2021,8,27,5,21,4,3,1,101,17,1,47,8,8,10,1,1
19330,2021,8,27,5,16,3,2,1,115,99,1,20,3,3,5,1,1
19331,2021,8,27,5,18,4,3,1,101,21,1,36,6,6,8,1,1
19332,2021,8,27,5,18,4,3,1,101,21,1,33,5,5,7,1,1
19333,2021,8,27,5,14,3,2,1,117,99,1,20,3,3,5,1,1
19334,2021,8,27,5,9,2,1,6,613,99,1,27,4,4,6,1,1
19335,2021,8,27,5,20,4,3,11,1106,99,1,999,12,16,18,1,1
19336,2021,8,27,5,21,4,3,14,1401,99,1,42,7,7,9,1,1
19337,2021,8,27,5,21,4,3,4,413,99,1,20,3,3,5,2,1
19338,2021,8,28,6,11,2,1,1,106,99,1,29,4,4,6,1,1
19339,2021,8,28,6,19,4,3,1,101,18,1,41,7,7,9,1,1
19340,2021,8,28,6,13,3,2,1,101,18,1,37,6,6,8,2,1
19341,2021,8,28,6,0,1,1,1,101,7,1,23,3,3,5,1,1
19342,2021,8,28,6,14,3,2,1,108,99,1,23,3,3,5,1,1
19343,2021,8,28,6,7,2,1,5,503,99,1,57,10,10,12,1,1
19344,2021,8,28,6,17,3,2,5,501,99,1,25,4,4,6,1,1
19345,2021,8,28,6,17,3,2,5,501,99,1,37,6,6,8,1,1
19346,2021,8,28,6,3,1,1,5,514,99,1,21,3,3,5,1,1
19347,2021,8,28,6,20,4,3,9,901,99,1,35,6,6,8,1,1
19348,2021,8,28,6,20,4,3,9,901,99,2,35,6,6,8,1,1
19349,2021,8,28,6,22,4,3,17,1708,99,2,21,3,3,5,2,1
19350,2021,8,28,6,22,4,3,14,1405,99,1,23,3,3,5,1,1
19351,2021,8,29,7,2,1,1,1,101,19,1,30,5,5,7,2,1
19352,2021,8,29,7,19,4,3,21,2101,99,1,33,5,5,7,1,1
19353,2021,8,30,1,16,3,2,1,101,1,1,21,3,3,5,1,1
19354,2021,8,30,1,12,3,2,17,1705,99,1,15,2,2,4,1,1
19355,2021,8,30,1,17,3,2,17,1708,99,1,45,8,8,10,2,1
19356,2021,8,30,1,10,2,1,7,705,99,1,42,7,7,9,1,1
19357,2021,8,30,1,14,3,2,4,412,99,1,32,5,5,7,1,1
19358,2021,8,31,2,22,4,3,1,115,99,1,35,6,6,8,1,1
19359,2021,8,31,2,15,3,2,19,1904,99,1,25,4,4,6,1,1
19360,2021,8,31,2,21,4,3,20,2006,99,1,25,4,4,6,2,1
19361,2021,8,31,2,20,4,3,5,508,99,1,35,6,6,8,1,1
19362,2021,8,31,2,19,4,3,15,1501,99,1,999,12,16,18,2,1
19363,2021,8,31,2,12,3,2,18,1803,99,1,48,8,8,10,1,1
19364,2021,8,31,2,7,2,1,3,304,99,1,25,4,4,6,1,1
19365,2021,8,31,2,22,4,3,1,115,99,2,20,3,3,5,1,1
19366,2021,8,1,7,21,4,3,1,101,18,2,36,6,6,8,7,2
19367,2021,8,1,7,21,4,3,1,101,18,1,32,5,5,7,7,2
19368,2021,8,1,7,21,4,3,1,101,18,1,16,2,2,4,7,2
19369,2021,8,1,7,21,4,3,1,101,18,1,999,12,16,18,126,2
19370,2021,8,1,7,18,4,3,1,102,99,2,22,3,3,5,7,2
19371,2021,8,1,7,18,4,3,1,115,99,1,32,5,5,7,7,2
19372,2021,8,1,7,23,4,3,1,117,99,1,20,3,3,5,9,2
19373,2021,8,1,7,22,4,3,1,108,99,1,48,8,8,10,7,2
19374,2021,8,1,7,1,1,1,1,108,99,1,48,8,8,10,8,2
19375,2021,8,1,7,18,4,3,5,513,99,1,28,4,4,6,7,2
19376,2021,8,1,7,13,3,2,9,917,99,1,28,4,4,6,7,2
19377,2021,8,1,7,14,3,2,13,1301,99,1,18,2,2,4,126,2
19378,2021,8,1,7,14,3,2,13,1301,99,1,20,3,3,5,126,2
19379,2021,8,1,7,12,3,2,17,1711,99,1,29,4,4,6,7,2
19380,2021,8,1,7,12,3,2,17,1711,99,1,28,4,4,6,7,2
19381,2021,8,2,1,16,3,2,1,103,99,1,25,4,4,6,7,2
19382,2021,8,2,1,0,1,1,1,114,99,1,25,4,4,6,8,2
19383,2021,8,2,1,17,3,2,5,506,99,2,20,3,3,5,7,2
19384,2021,8,2,1,20,4,3,5,511,99,1,22,3,3,5,7,2
19385,2021,8,3,2,6,2,1,1,101,21,1,55,10,10,12,7,2
19386,2021,8,3,2,11,2,1,1,101,7,1,40,7,7,9,7,2
19387,2021,8,3,2,6,2,1,19,1903,99,1,32,5,5,7,7,2
19388,2021,8,3,2,13,3,2,5,501,99,2,47,8,8,10,7,2
19389,2021,8,3,2,10,2,1,18,1801,99,1,30,5,5,7,7,2
19390,2021,8,3,2,6,2,1,19,1903,99,1,36,6,6,8,8,2
19391,2021,8,3,2,22,4,3,17,1705,99,1,28,4,4,6,7,2
19392,2021,8,4,3,11,2,1,1,101,7,1,17,2,2,4,7,2
19393,2021,8,4,3,18,4,3,21,2101,99,1,53,9,9,11,8,2
19394,2021,8,4,3,9,2,1,4,401,99,1,32,5,5,7,7,2
19395,2021,8,4,3,9,2,1,4,401,99,1,27,4,4,6,7,2
19396,2021,8,5,4,16,3,2,1,101,6,1,19,2,2,4,7,2
19397,2021,8,5,4,22,4,3,5,502,99,2,74,11,13,15,9,2
19398,2021,8,5,4,17,3,2,5,501,99,1,38,6,6,8,7,2
19399,2021,8,5,4,19,4,3,12,1230,99,1,23,3,3,5,7,2
19400,2021,8,5,4,19,4,3,12,1230,99,2,23,3,3,5,7,2
19401,2021,8,5,4,9,2,1,3,301,99,1,42,7,7,9,7,2
19402,2021,8,6,5,23,4,3,1,101,1,1,50,9,9,11,8,2
19403,2021,8,6,5,18,4,3,1,101,16,1,21,3,3,5,7,2
19404,2021,8,6,5,13,3,2,1,101,12,1,30,5,5,7,7,2
19405,2021,8,6,5,18,4,3,12,1219,99,1,35,6,6,8,7,2
19406,2021,8,6,5,18,4,3,12,1219,99,1,19,2,2,4,8,2
19407,2021,8,6,5,22,4,3,18,1801,99,1,40,7,7,9,8,2
19408,2021,8,7,6,8,2,1,1,102,99,1,18,2,2,4,7,2
19409,2021,8,7,6,17,3,2,1,101,5,2,18,2,2,4,8,2
19410,2021,8,7,6,2,1,1,1,101,5,1,54,9,9,11,8,2
19411,2021,8,7,6,2,1,1,1,101,5,2,36,6,6,8,8,2
19412,2021,8,7,6,17,3,2,1,101,5,2,18,2,2,4,8,2
19413,2021,8,7,6,0,1,1,1,116,99,1,25,4,4,6,7,2
19414,2021,8,7,6,1,1,1,1,108,99,1,31,5,5,7,7,2
19415,2021,8,7,6,14,3,2,1,108,99,1,22,3,3,5,8,2
19416,2021,8,7,6,5,1,1,5,501,99,2,37,6,6,8,7,2
19417,2021,8,7,6,1,1,1,12,1214,99,1,24,3,3,5,7,2
19418,2021,8,7,6,2,1,1,16,1617,99,1,27,4,4,6,7,2
19419,2021,8,7,6,22,4,3,18,1801,99,1,38,6,6,8,8,2
19420,2021,8,7,6,20,4,3,3,306,99,1,21,3,3,5,7,2
19421,2021,8,8,7,21,4,3,1,105,99,1,23,3,3,5,8,2
19422,2021,8,8,7,4,1,1,1,105,99,1,23,3,3,5,8,2
19423,2021,8,8,7,22,4,3,1,102,99,1,29,4,4,6,9,2
19424,2021,8,8,7,13,3,2,1,101,12,2,28,4,4,6,7,2
19425,2021,8,8,7,3,1,1,1,108,99,1,21,3,3,5,8,2
19426,2021,8,8,7,17,3,2,5,513,99,1,32,5,5,7,7,2
19427,2021,8,8,7,2,1,1,8,801,99,2,6,1,1,2,8,2
19428,2021,8,8,7,18,4,3,17,1711,99,1,35,6,6,8,8,2
19429,2021,8,9,1,21,4,3,1,101,21,1,999,12,16,18,7,2
19430,2021,8,9,1,21,4,3,1,101,21,1,999,12,16,18,7,2
19431,2021,8,9,1,11,2,1,1,105,99,1,37,6,6,8,7,2
19432,2021,8,9,1,11,2,1,1,101,10,1,51,9,9,11,7,2
19433,2021,8,9,1,0,1,1,22,2206,99,1,23,3,3,5,8,2
19434,2021,8,9,1,18,4,3,21,2102,99,1,67,11,12,14,9,2
19435,2021,8,9,1,3,1,1,18,1804,99,2,48,8,8,10,7,2
19436,2021,8,10,2,23,4,3,1,101,7,2,41,7,7,9,8,2
19437,2021,8,10,2,23,4,3,1,101,1,1,25,4,4,6,8,2
19438,2021,8,10,2,23,4,3,1,101,1,2,24,3,3,5,8,2
19439,2021,8,11,3,15,3,2,1,101,1,1,45,8,8,10,7,2
19440,2021,8,11,3,21,4,3,5,501,99,1,55,10,10,12,7,2
19441,2021,8,12,4,21,4,3,1,108,99,1,42,7,7,9,9,2
19442,2021,8,12,4,0,1,1,1,101,4,1,29,4,4,6,7,2
19443,2021,8,12,4,21,4,3,2,207,99,2,60,11,11,13,7,2
19444,2021,8,13,5,17,3,2,1,101,1,2,45,8,8,10,7,2
19445,2021,8,13,5,11,2,1,1,101,3,1,33,5,5,7,7,2
19446,2021,8,13,5,19,4,3,1,102,99,1,44,7,7,9,7,2
19447,2021,8,13,5,21,4,3,1,101,16,1,24,3,3,5,7,2
19448,2021,8,13,5,17,3,2,1,108,99,1,25,4,4,6,7,2
19449,2021,8,13,5,8,2,1,1,108,99,1,35,6,6,8,9,2
19450,2021,8,13,5,23,4,3,1,108,99,1,26,4,4,6,9,2
19451,2021,8,13,5,23,4,3,1,108,99,2,28,4,4,6,9,2
19452,2021,8,13,5,17,3,2,21,2102,99,1,29,4,4,6,7,2
19453,2021,8,13,5,22,4,3,4,415,99,1,32,5,5,7,7,2
19454,2021,8,14,6,14,3,2,22,2203,99,1,45,8,8,10,7,2
19455,2021,8,14,6,17,3,2,6,602,99,1,39,6,6,8,7,2
19456,2021,8,14,6,21,4,3,12,1213,99,1,23,3,3,5,8,2
19457,2021,8,14,6,18,4,3,17,1713,99,1,78,11,14,16,8,2
19458,2021,8,14,6,22,4,3,1,101,24,1,52,9,9,11,7,2
19459,2021,8,14,6,2,1,1,1,101,4,1,22,3,3,5,8,2
19460,2021,8,14,6,18,4,3,1,101,15,1,31,5,5,7,8,2
19461,2021,8,14,6,22,4,3,1,101,7,2,37,6,6,8,8,2
19462,2021,8,14,6,21,4,3,1,115,99,1,22,3,3,5,8,2
19463,2021,8,14,6,19,4,3,6,609,99,1,25,4,4,6,8,2
19464,2021,8,15,7,21,4,3,1,101,1,1,46,8,8,10,8,2
19465,2021,8,15,7,22,4,3,1,101,4,1,31,5,5,7,8,2
19466,2021,8,15,7,19,4,3,1,105,99,1,68,11,12,14,8,2
19467,2021,8,15,7,4,1,1,1,101,5,2,25,4,4,6,9,2
19468,2021,8,15,7,19,4,3,1,102,99,1,58,10,10,12,8,2
19469,2021,8,15,7,13,3,2,1,117,99,1,26,4,4,6,7,2
19470,2021,8,15,7,14,3,2,1,116,99,1,40,7,7,9,7,2
19471,2021,8,15,7,6,2,1,5,506,99,1,25,4,4,6,7,2
19472,2021,8,15,7,20,4,3,5,505,99,2,17,2,2,4,7,2
19473,2021,8,15,7,17,3,2,10,1015,99,1,27,4,4,6,7,2
19474,2021,8,15,7,17,3,2,10,1009,99,1,31,5,5,7,8,2
19475,2021,8,15,7,21,4,3,16,1609,99,1,18,2,2,4,8,2
19476,2021,8,16,1,14,3,2,1,107,99,2,29,4,4,6,7,2
19477,2021,8,16,1,5,1,1,1,117,99,1,31,5,5,7,8,2
19478,2021,8,16,1,19,4,3,1,116,99,1,46,8,8,10,8,2
19479,2021,8,17,2,16,3,2,1,116,99,1,34,5,5,7,7,2
19480,2021,8,17,2,10,2,1,6,609,99,1,38,6,6,8,7,2
19481,2021,8,17,2,16,3,2,12,1230,99,1,32,5,5,7,7,2
19482,2021,8,18,3,20,4,3,1,101,1,1,39,6,6,8,8,2
19483,2021,8,18,3,20,4,3,1,101,17,1,22,3,3,5,7,2
19484,2021,8,18,3,12,3,2,6,602,99,1,20,3,3,5,7,2
19485,2021,8,18,3,16,3,2,1,115,99,1,27,4,4,6,7,2
19486,2021,8,19,4,9,2,1,1,108,99,1,35,6,6,8,7,2
19487,2021,8,19,4,7,2,1,1,101,13,1,31,5,5,7,7,2
19488,2021,8,19,4,15,3,2,20,2005,99,2,32,5,5,7,9,2
19489,2021,8,19,4,15,3,2,20,2005,99,1,48,8,8,10,9,2
19490,2021,8,19,4,15,3,2,20,2005,99,2,31,5,5,7,9,2
19491,2021,8,19,4,15,3,2,20,2005,99,2,31,5,5,7,9,2
19492,2021,8,19,4,15,3,2,20,2005,99,2,32,5,5,7,9,2
19493,2021,8,20,5,20,4,3,20,2001,99,1,36,6,6,8,7,2
19494,2021,8,20,5,23,4,3,5,506,99,1,20,3,3,5,7,2
19495,2021,8,20,5,15,3,2,18,1801,99,1,29,4,4,6,8,2
19496,2021,8,20,5,12,3,2,1,101,1,1,33,5,5,7,7,2
19497,2021,8,21,6,11,2,1,1,107,99,2,30,5,5,7,7,2
19498,2021,8,21,6,6,2,1,5,501,99,2,29,4,4,6,8,2
19499,2021,8,21,6,19,4,3,1,101,4,1,16,2,2,4,8,2
19500,2021,8,21,6,21,4,3,2,203,99,1,36,6,6,8,8,2
19501,2021,8,21,6,19,4,3,2,207,99,1,30,5,5,7,8,2
19502,2021,8,21,6,20,4,3,1,108,99,1,40,7,7,9,7,2
19503,2021,8,22,7,17,3,2,1,106,99,1,13,1,1,3,7,2
19504,2021,8,22,7,17,3,2,1,106,99,1,36,6,6,8,7,2
19505,2021,8,22,7,11,2,1,1,101,18,1,30,5,5,7,7,2
19506,2021,8,22,7,2,1,1,1,115,99,1,24,3,3,5,8,2
19507,2021,8,23,1,16,3,2,1,101,1,1,23,3,3,5,7,2
19508,2021,8,23,1,18,4,3,1,101,18,2,18,2,2,4,7,2
19509,2021,8,23,1,17,3,2,1,101,18,2,21,3,3,5,7,2
19510,2021,8,23,1,12,3,2,6,601,99,1,33,5,5,7,7,2
19511,2021,8,23,1,11,2,1,13,1312,99,1,20,3,3,5,7,2
19512,2021,8,23,1,11,2,1,13,1312,99,1,24,3,3,5,7,2
19513,2021,8,23,1,22,4,3,16,1607,99,1,32,5,5,7,7,2
19514,2021,8,23,1,15,3,2,4,401,99,2,10,1,1,3,7,2
19515,2021,8,24,2,23,4,3,1,105,99,1,45,8,8,10,7,2
19516,2021,8,24,2,10,2,1,1,114,99,1,32,5,5,7,7,2
19517,2021,8,24,2,5,1,1,5,501,99,1,22,3,3,5,7,2
19518,2021,8,24,2,9,2,1,5,502,99,1,36,6,6,8,7,2
19519,2021,8,24,2,10,2,1,5,513,99,1,21,3,3,5,7,2
19520,2021,8,24,2,18,4,3,18,1801,99,1,22,3,3,5,9,2
19521,2021,8,25,3,16,3,2,1,102,99,1,25,4,4,6,7,2
19522,2021,8,25,3,16,3,2,1,102,99,1,19,2,2,4,7,2
19523,2021,8,25,3,19,4,3,20,2007,99,1,43,7,7,9,7,2
19524,2021,8,25,3,17,3,2,9,917,99,1,11,1,1,3,7,2
19525,2021,8,25,3,20,4,3,1,101,18,1,31,5,5,7,7,2
19526,2021,8,25,3,19,4,3,1,107,99,1,38,6,6,8,7,2
19527,2021,8,26,4,0,1,1,1,101,4,1,17,2,2,4,7,2
19528,2021,8,26,4,17,3,2,1,101,10,1,21,3,3,5,7,2
19529,2021,8,26,4,5,1,1,1,115,99,2,29,4,4,6,7,2
19530,2021,8,26,4,19,4,3,1,115,99,1,20,3,3,5,7,2
19531,2021,8,27,5,13,3,2,1,101,13,1,33,5,5,7,7,2
19532,2021,8,27,5,10,2,1,1,103,99,1,24,3,3,5,7,2
19533,2021,8,27,5,20,4,3,3,311,99,1,33,5,5,7,7,2
19534,2021,8,27,5,5,1,1,12,1220,99,1,18,2,2,4,7,2
19535,2021,8,28,6,4,1,1,1,101,18,1,29,4,4,6,7,2
19536,2021,8,28,6,19,4,3,1,101,25,1,32,5,5,7,7,2
19537,2021,8,28,6,18,4,3,1,101,6,1,25,4,4,6,7,2
19538,2021,8,28,6,18,4,3,1,101,6,1,24,3,3,5,7,2
19539,2021,8,28,6,18,4,3,1,101,6,2,21,3,3,5,7,2
19540,2021,8,28,6,12,3,2,1,113,99,2,56,10,10,12,8,2
19541,2021,8,28,6,1,1,1,1,101,7,1,25,4,4,6,8,2
19542,2021,8,28,6,22,4,3,1,101,11,2,30,5,5,7,7,2
19543,2021,8,28,6,18,4,3,1,114,99,1,28,4,4,6,7,2
19544,2021,8,28,6,16,3,2,1,110,99,1,21,3,3,5,7,2
19545,2021,8,28,6,15,3,2,16,1601,99,2,30,5,5,7,7,2
19546,2021,8,28,6,17,3,2,17,1707,99,1,41,7,7,9,8,2
19547,2021,8,28,6,2,1,1,4,401,99,1,26,4,4,6,8,2
19548,2021,8,29,7,21,4,3,1,101,16,1,30,5,5,7,7,2
19549,2021,8,29,7,11,2,1,1,101,18,1,28,4,4,6,9,2
19550,2021,8,29,7,7,2,1,1,106,99,1,25,4,4,6,8,2
19551,2021,8,29,7,3,1,1,15,1501,99,1,36,6,6,8,7,2
19552,2021,8,29,7,3,1,1,15,1501,99,1,17,2,2,4,7,2
19553,2021,8,29,7,14,3,2,18,1805,99,1,48,8,8,10,8,2
19554,2021,8,29,7,20,4,3,17,1706,99,1,20,3,3,5,7,2
19555,2021,8,29,7,19,4,3,17,1704,99,1,26,4,4,6,8,2
19556,2021,8,29,7,22,4,3,1,101,16,1,20,3,3,5,7,2
19557,2021,8,30,1,8,2,1,1,101,7,2,43,7,7,9,7,2
19558,2021,8,30,1,17,3,2,1,115,99,1,60,11,11,13,8,2
19559,2021,8,31,2,19,4,3,1,101,1,1,20,3,3,5,7,2
19560,2021,8,31,2,2,1,1,1,101,17,1,30,5,5,7,8,2
19561,2021,8,31,2,8,2,1,1,114,99,1,28,4,4,6,7,2
19562,2021,8,31,2,15,3,2,19,1904,99,1,17,2,2,4,7,2
19563,2021,8,31,2,20,4,3,5,508,99,1,18,2,2,4,7,2
19564,2021,8,31,2,20,4,3,16,1609,99,1,33,5,5,7,8,2
19565,2021,8,31,2,14,3,2,18,1801,99,1,19,2,2,4,7,2
19566,2021,8,31,2,21,4,3,18,1803,99,1,18,2,2,4,8,2
19567,2021,8,31,2,21,4,3,18,1803,99,1,18,2,2,4,8,2
19568,2021,8,31,2,7,2,1,3,304,99,1,999,12,16,18,7,2
19569,2021,7,1,4,4,1,1,16,1616,99,1,28,4,4,6,68,7
19570,2021,7,3,6,15,3,2,1,101,18,2,38,6,6,8,68,7
19571,2021,7,3,6,21,4,3,1,101,18,2,45,8,8,10,68,7
19572,2021,7,3,6,18,4,3,21,2101,99,2,25,4,4,6,68,7
19573,2021,7,3,6,21,4,3,5,505,99,2,14,1,1,3,68,7
19574,2021,7,3,6,19,4,3,13,1301,99,2,36,6,6,8,68,7
19575,2021,7,3,6,1,1,1,16,1610,99,2,33,5,5,7,68,7
19576,2021,7,3,6,22,4,3,15,1507,99,2,45,8,8,10,68,7
19577,2021,7,4,7,23,4,3,19,1907,99,2,14,1,1,3,68,7
19578,2021,7,4,7,6,2,1,6,602,99,2,999,12,16,18,68,7
19579,2021,7,4,7,19,4,3,10,1001,99,2,25,4,4,6,68,7
19580,2021,7,4,7,16,3,2,13,1302,99,2,47,8,8,10,68,7
19581,2021,7,4,7,21,4,3,2,205,99,2,37,6,6,8,68,7
19582,2021,7,4,7,22,4,3,17,1701,99,2,24,3,3,5,68,7
19583,2021,7,6,2,18,4,3,21,2101,99,2,24,3,3,5,68,7
19584,2021,7,7,3,10,2,1,22,2201,99,1,999,12,16,18,68,7
19585,2021,7,7,3,21,4,3,17,1712,99,2,21,3,3,5,68,7
19586,2021,7,8,4,17,3,2,5,506,99,2,34,5,5,7,68,7
19587,2021,7,8,4,20,4,3,6,613,99,2,27,4,4,6,68,7
19588,2021,7,9,5,8,2,1,14,1420,99,2,20,3,3,5,68,7
19589,2021,7,9,5,21,4,3,13,1302,99,2,999,12,16,18,68,7
19590,2021,7,9,5,21,4,3,16,1604,99,2,26,4,4,6,68,7
19591,2021,7,10,6,18,4,3,10,1001,99,2,28,4,4,6,68,7
19592,2021,7,10,6,22,4,3,4,401,99,2,27,4,4,6,68,7
19593,2021,7,10,6,22,4,3,4,401,99,2,1,1,1,1,68,7
19594,2021,7,11,7,0,1,1,17,1705,99,2,31,5,5,7,68,7
19595,2021,7,11,7,12,3,2,9,920,99,2,28,4,4,6,68,7
19596,2021,7,12,1,12,3,2,21,2101,99,2,35,6,6,8,68,7
19597,2021,7,12,1,0,1,1,13,1305,99,1,2,1,1,1,68,7
19598,2021,7,12,1,16,3,2,16,1601,99,2,32,5,5,7,68,7
19599,2021,7,13,2,21,4,3,14,1404,99,2,34,5,5,7,68,7
19600,2021,7,14,3,14,3,2,1,116,99,1,50,9,9,11,68,7
19601,2021,7,15,4,2,1,1,1,101,17,2,21,3,3,5,68,7
19602,2021,7,16,5,14,3,2,18,1804,99,2,41,7,7,9,68,7
19603,2021,7,16,5,21,4,3,3,309,99,2,45,8,8,10,68,7
19604,2021,7,17,6,19,4,3,10,1020,99,1,50,9,9,11,68,7
19605,2021,7,17,6,22,4,3,16,1612,99,2,25,4,4,6,68,7
19606,2021,7,17,6,23,4,3,14,1420,99,1,81,11,15,17,68,7
19607,2021,7,18,7,2,1,1,1,101,18,2,23,3,3,5,68,7
19608,2021,7,18,7,17,3,2,1,101,5,2,999,12,16,18,68,7
19609,2021,7,18,7,18,4,3,10,1001,99,1,33,5,5,7,68,7
19610,2021,7,18,7,0,1,1,15,1503,99,1,2,1,1,1,68,7
19611,2021,7,18,7,19,4,3,14,1412,99,2,46,8,8,10,68,7
19612,2021,7,19,1,5,1,1,13,1306,99,2,28,4,4,6,68,7
19613,2021,7,20,2,22,4,3,21,2102,99,2,4,1,1,1,68,7
19614,2021,7,21,3,11,2,1,11,1101,99,2,999,12,16,18,68,7
19615,2021,7,21,3,21,4,3,13,1319,99,2,999,12,16,18,68,7
19616,2021,7,21,3,0,1,1,13,1301,99,2,16,2,2,4,68,7
19617,2021,7,21,3,0,1,1,15,1506,99,2,36,6,6,8,68,7
19618,2021,7,21,3,7,2,1,7,718,99,2,999,12,16,18,68,7
19619,2021,7,22,4,20,4,3,17,1712,99,2,27,4,4,6,68,7
19620,2021,7,22,4,20,4,3,17,1712,99,2,9,1,1,2,68,7
19621,2021,7,23,5,21,4,3,14,1413,99,2,25,4,4,6,68,7
19622,2021,7,23,5,23,4,3,4,412,99,2,23,3,3,5,68,7
19623,2021,7,24,6,21,4,3,10,1002,99,2,16,2,2,4,68,7
19624,2021,7,24,6,23,4,3,15,1508,99,2,33,5,5,7,68,7
19625,2021,7,25,7,10,2,1,6,601,99,2,23,3,3,5,68,7
19626,2021,7,25,7,17,3,2,9,922,99,2,42,7,7,9,68,7
19627,2021,7,26,1,15,3,2,21,2102,99,2,53,9,9,11,68,7
19628,2021,7,26,1,20,4,3,19,1901,99,2,28,4,4,6,68,7
19629,2021,7,26,1,19,4,3,9,907,99,1,999,12,16,18,68,7
19630,2021,7,26,1,19,4,3,9,907,99,2,999,12,16,18,68,7
19631,2021,7,26,1,1,1,1,16,1615,99,2,34,5,5,7,68,7
19632,2021,7,26,1,11,2,1,7,710,99,1,999,12,16,18,68,7
19633,2021,7,26,1,16,3,2,7,719,99,2,999,12,16,18,68,7
19634,2021,7,26,1,23,4,3,4,412,99,2,30,5,5,7,68,7
19635,2021,7,27,2,22,4,3,9,901,99,2,33,5,5,7,68,7
19636,2021,7,27,2,20,4,3,4,401,99,2,47,8,8,10,68,7
19637,2021,7,27,2,20,4,3,4,401,99,2,24,3,3,5,68,7
19638,2021,7,30,5,21,4,3,16,1601,99,2,33,5,5,7,68,7
19639,2021,7,30,5,21,4,3,16,1601,99,2,63,11,11,13,68,7
19640,2021,7,30,5,12,3,2,16,1603,99,2,53,9,9,11,68,7
19641,2021,7,30,5,12,3,2,16,1603,99,2,25,4,4,6,68,7
19642,2021,7,30,5,17,3,2,18,1803,99,2,43,7,7,9,68,7
19643,2021,7,30,5,20,4,3,17,1706,99,2,27,4,4,6,68,7
19644,2021,7,31,6,19,4,3,1,106,99,2,37,6,6,8,68,7
19645,2021,7,31,6,21,4,3,1,101,5,2,45,8,8,10,68,7
19646,2021,7,31,6,20,4,3,22,2201,99,2,23,3,3,5,68,7
19647,2021,7,31,6,20,4,3,16,1604,99,2,35,6,6,8,68,7
19648,2021,8,1,7,18,4,3,5,511,99,2,33,5,5,7,68,7
19649,2021,8,1,7,22,4,3,6,613,99,2,44,7,7,9,68,7
19650,2021,8,1,7,22,4,3,6,613,99,2,24,3,3,5,68,7
19651,2021,8,1,7,21,4,3,10,1006,99,2,22,3,3,5,68,7
19652,2021,8,1,7,19,4,3,13,1327,99,2,52,9,9,11,68,7
19653,2021,8,1,7,12,3,2,16,1609,99,2,36,6,6,8,68,7
19654,2021,8,1,7,0,1,1,17,1706,99,2,21,3,3,5,68,7
19655,2021,8,1,7,10,2,1,14,1413,99,2,47,8,8,10,68,7
19656,2021,8,1,7,19,4,3,7,701,99,2,999,12,16,18,68,7
19657,2021,8,2,1,15,3,2,21,2101,99,1,67,11,12,14,68,7
19658,2021,8,2,1,21,4,3,16,1601,99,2,29,4,4,6,68,7
19659,2021,8,2,1,17,3,2,16,1602,99,1,54,9,9,11,68,7
19660,2021,8,2,1,17,3,2,3,301,99,2,999,12,16,18,68,7
19661,2021,8,3,2,14,3,2,22,2213,99,2,29,4,4,6,68,7
19662,2021,8,3,2,13,3,2,5,501,99,2,34,5,5,7,68,7
19663,2021,8,3,2,14,3,2,5,508,99,2,50,9,9,11,68,7
19664,2021,8,3,2,0,1,1,16,1603,99,2,38,6,6,8,68,7
19665,2021,8,3,2,22,4,3,18,1801,99,2,20,3,3,5,68,7
19666,2021,8,4,3,19,4,3,11,1102,99,2,22,3,3,5,68,7
19667,2021,8,4,3,18,4,3,8,801,99,1,31,5,5,7,68,7
19668,2021,8,4,3,18,4,3,8,801,99,2,29,4,4,6,68,7
19669,2021,8,4,3,0,1,1,7,719,99,2,56,10,10,12,68,7
19670,2021,8,5,4,0,1,1,21,2102,99,2,41,7,7,9,68,7
19671,2021,8,6,5,21,4,3,16,1607,99,1,71,11,13,15,68,7
19672,2021,8,7,6,20,4,3,5,501,99,2,25,4,4,6,68,7
19673,2021,8,8,7,20,4,3,1,101,12,2,32,5,5,7,68,7
19674,2021,8,8,7,22,4,3,4,404,99,2,45,8,8,10,68,7
19675,2021,8,8,7,17,3,2,14,1420,99,1,51,9,9,11,68,7
19676,2021,8,8,7,19,4,3,7,704,99,1,999,12,16,18,68,7
19677,2021,8,9,1,10,2,1,9,906,99,2,33,5,5,7,68,7
19678,2021,8,9,1,16,3,2,13,1309,99,1,59,10,10,12,68,7
19679,2021,8,10,2,13,3,2,1,115,99,2,23,3,3,5,68,7
19680,2021,8,10,2,13,3,2,1,115,99,1,999,12,16,18,68,7
19681,2021,8,10,2,0,1,1,14,1421,99,2,32,5,5,7,68,7
19682,2021,8,10,2,20,4,3,9,901,99,2,999,12,16,18,68,7
19683,2021,8,10,2,20,4,3,10,1020,99,2,27,4,4,6,68,7
19684,2021,8,10,2,23,4,3,17,1710,99,2,50,9,9,11,68,7
19685,2021,8,11,3,11,2,1,11,1102,99,2,16,2,2,4,68,7
19686,2021,8,11,3,16,3,2,9,921,99,2,21,3,3,5,68,7
19687,2021,8,13,5,11,2,1,16,1601,99,2,38,6,6,8,68,7
19688,2021,8,13,5,22,4,3,16,1604,99,2,46,8,8,10,68,7
19689,2021,8,14,6,20,4,3,4,415,99,1,35,6,6,8,68,7
19690,2021,8,14,6,18,4,3,1,101,5,2,10,1,1,3,68,7
19691,2021,8,14,6,19,4,3,9,901,99,2,26,4,4,6,68,7
19692,2021,8,15,7,7,2,1,1,101,18,1,25,4,4,6,68,7
19693,2021,8,15,7,20,4,3,22,2217,99,2,26,4,4,6,68,7
19694,2021,8,15,7,21,4,3,13,1301,99,2,31,5,5,7,68,7
19695,2021,8,15,7,21,4,3,13,1301,99,2,31,5,5,7,68,7
19696,2021,8,15,7,22,4,3,13,1308,99,2,17,2,2,4,68,7
19697,2021,8,15,7,20,4,3,13,1301,99,2,999,12,16,18,68,7
19698,2021,8,15,7,99,5,4,16,1612,99,2,50,9,9,11,68,7
19699,2021,8,16,1,22,4,3,11,1102,99,2,32,5,5,7,68,7
19700,2021,8,16,1,22,4,3,19,1901,99,2,31,5,5,7,68,7
19701,2021,8,16,1,22,4,3,1,108,99,2,31,5,5,7,68,7
19702,2021,8,16,1,20,4,3,1,115,99,2,36,6,6,8,68,7
19703,2021,8,18,3,18,4,3,6,611,99,2,999,12,16,18,68,7
19704,2021,8,18,3,12,3,2,7,717,99,2,999,12,16,18,68,7
19705,2021,8,21,6,16,3,2,19,1910,99,2,43,7,7,9,68,7
19706,2021,8,21,6,12,3,2,5,501,99,2,20,3,3,5,68,7
19707,2021,8,21,6,12,3,2,12,1219,99,2,35,6,6,8,68,7
19708,2021,8,21,6,10,2,1,17,1703,99,2,78,11,14,16,68,7
19709,2021,8,21,6,23,4,3,7,719,99,2,19,2,2,4,68,7
19710,2021,8,21,6,1,1,1,3,303,99,2,38,6,6,8,68,7
19711,2021,8,22,7,8,2,1,10,1004,99,2,53,9,9,11,68,7
19712,2021,8,22,7,17,3,2,9,920,99,2,47,8,8,10,68,7
19713,2021,8,22,7,0,1,1,16,1603,99,2,27,4,4,6,68,7
19714,2021,8,22,7,21,4,3,16,1609,99,2,20,3,3,5,68,7
19715,2021,8,22,7,0,1,1,14,1420,99,2,30,5,5,7,68,7
19716,2021,8,22,7,17,3,2,3,312,99,2,999,12,16,18,68,7
19717,2021,8,23,1,11,2,1,21,2101,99,2,48,8,8,10,68,7
19718,2021,8,23,1,21,4,3,9,914,99,1,55,10,10,12,68,7
19719,2021,8,24,2,15,3,2,1,101,17,2,24,3,3,5,68,7
19720,2021,8,25,3,23,4,3,16,1614,99,2,21,3,3,5,68,7
19721,2021,8,25,3,16,3,2,3,301,99,2,999,12,16,18,68,7
19722,2021,8,27,5,9,2,1,1,101,7,2,999,12,16,18,68,7
19723,2021,8,28,6,19,4,3,5,501,99,2,26,4,4,6,68,7
19724,2021,8,28,6,2,1,1,16,1601,99,2,27,4,4,6,68,7
19725,2021,8,28,6,18,4,3,16,1601,99,2,22,3,3,5,68,7
19726,2021,8,29,7,12,3,2,1,114,99,2,23,3,3,5,68,7
19727,2021,8,29,7,17,3,2,19,1907,99,2,29,4,4,6,68,7
19728,2021,8,29,7,2,1,1,17,1701,99,2,26,4,4,6,68,7
19729,2021,8,29,7,0,1,1,13,1301,99,2,27,4,4,6,68,7
19730,2021,8,29,7,22,4,3,16,1601,99,2,35,6,6,8,68,7
19731,2021,8,29,7,21,4,3,5,501,99,2,38,6,6,8,68,7
19732,2021,8,29,7,22,4,3,10,1001,99,2,20,3,3,5,68,7
19733,2021,8,29,7,22,4,3,6,608,99,2,18,2,2,4,68,7
19734,2021,8,30,1,20,4,3,16,1616,99,2,26,4,4,6,68,7
19735,2021,8,30,1,21,4,3,16,1613,99,2,30,5,5,7,68,7
19736,2021,8,30,1,20,4,3,14,1401,99,2,35,6,6,8,68,7
19737,2021,8,31,2,2,1,1,6,602,99,2,35,6,6,8,68,7
19738,2021,7,2,5,18,4,3,16,1601,99,1,32,5,5,7,116,7
19739,2021,7,2,5,13,3,2,17,1710,99,2,72,11,13,15,88,7
19740,2021,7,3,6,14,3,2,1,105,99,1,66,11,12,14,88,7
19741,2021,7,3,6,6,2,1,1,117,99,2,51,9,9,11,88,7
19742,2021,7,3,6,0,1,1,1,115,99,2,999,12,16,18,112,7
19743,2021,7,3,6,6,2,1,22,2216,99,1,18,2,2,4,88,7
19744,2021,7,4,7,21,4,3,1,116,99,2,28,4,4,6,108,7
19745,2021,7,4,7,22,4,3,1,110,99,1,29,4,4,6,106,7
19746,2021,7,6,2,8,2,1,1,116,99,1,16,2,2,4,88,7
19747,2021,7,6,2,19,4,3,21,2101,99,2,38,6,6,8,88,7
19748,2021,7,7,3,13,3,2,1,101,13,2,43,7,7,9,88,7
19749,2021,7,7,3,20,4,3,1,117,99,2,21,3,3,5,88,7
19750,2021,7,7,3,10,2,1,6,601,99,1,22,3,3,5,88,7
19751,2021,7,7,3,6,2,1,17,1703,99,1,22,3,3,5,87,7
19752,2021,7,9,5,18,4,3,2,203,99,1,41,7,7,9,110,7
19753,2021,7,10,6,19,4,3,12,1201,99,1,31,5,5,7,106,7
19754,2021,7,12,1,11,2,1,19,1901,99,2,17,2,2,4,88,7
19755,2021,7,12,1,19,4,3,4,409,99,1,24,3,3,5,88,7
19756,2021,7,13,2,23,4,3,8,804,99,1,22,3,3,5,88,7
19757,2021,7,13,2,17,3,2,18,1803,99,1,33,5,5,7,88,7
19758,2021,7,14,3,18,4,3,1,115,99,1,42,7,7,9,112,7
19759,2021,7,15,4,20,4,3,12,1216,99,1,28,4,4,6,88,7
19760,2021,7,16,5,11,2,1,1,117,99,1,54,9,9,11,87,7
19761,2021,7,16,5,17,3,2,14,1413,99,1,26,4,4,6,88,7
19762,2021,7,17,6,2,1,1,5,501,99,1,15,2,2,4,88,7
19763,2021,7,18,7,10,2,1,16,1601,99,1,35,6,6,8,88,7
19764,2021,7,18,7,6,2,1,18,1803,99,1,30,5,5,7,88,7
19765,2021,7,20,2,9,2,1,1,105,99,1,30,5,5,7,108,7
19766,2021,7,20,2,11,2,1,1,102,99,1,28,4,4,6,88,7
19767,2021,7,25,7,18,4,3,1,101,7,1,28,4,4,6,88,7
19768,2021,7,26,1,11,2,1,6,614,99,1,43,7,7,9,88,7
19769,2021,7,26,1,18,4,3,6,601,99,1,28,4,4,6,88,7
19770,2021,7,26,1,0,1,1,12,1212,99,1,67,11,12,14,88,7
19771,2021,7,26,1,12,3,2,2,201,99,1,61,11,11,13,89,7
19772,2021,7,26,1,8,2,1,3,307,99,1,38,6,6,8,88,7
19773,2021,7,26,1,12,3,2,3,314,99,1,20,3,3,5,88,7
19774,2021,7,27,2,13,3,2,1,108,99,1,41,7,7,9,116,7
19775,2021,7,27,2,23,4,3,20,2005,99,1,37,6,6,8,88,7
19776,2021,7,27,2,9,2,1,5,513,99,1,30,5,5,7,88,7
19777,2021,7,29,4,11,2,1,3,313,99,1,40,7,7,9,87,7
19778,2021,7,30,5,12,3,2,21,2101,99,2,56,10,10,12,88,7
19779,2021,7,31,6,14,3,2,1,101,3,1,17,2,2,4,88,7
19780,2021,7,31,6,12,3,2,5,511,99,1,26,4,4,6,88,7
19781,2021,7,31,6,16,3,2,5,501,99,1,22,3,3,5,88,7
19782,2021,7,31,6,15,3,2,6,614,99,2,24,3,3,5,88,7
19783,2021,8,1,7,12,3,2,14,1420,99,1,19,2,2,4,88,7
19784,2021,8,1,7,18,4,3,3,309,99,2,40,7,7,9,87,7
19785,2021,8,2,1,13,3,2,1,101,5,1,48,8,8,10,88,7
19786,2021,8,2,1,14,3,2,1,103,99,2,18,2,2,4,89,7
19787,2021,8,2,1,14,3,2,1,115,99,1,31,5,5,7,87,7
19788,2021,8,2,1,7,2,1,19,1904,99,1,25,4,4,6,88,7
19789,2021,8,2,1,6,2,1,16,1613,99,1,18,2,2,4,88,7
19790,2021,8,4,3,19,4,3,1,103,99,1,52,9,9,11,87,7
19791,2021,8,5,4,16,3,2,1,115,99,2,20,3,3,5,88,7
19792,2021,8,6,5,20,4,3,22,2201,99,1,30,5,5,7,88,7
19793,2021,8,6,5,23,4,3,18,1804,99,1,24,3,3,5,88,7
19794,2021,8,8,7,23,4,3,20,2004,99,1,35,6,6,8,88,7
19795,2021,8,8,7,8,2,1,5,502,99,1,22,3,3,5,88,7
19796,2021,8,9,1,23,4,3,20,2004,99,1,35,6,6,8,88,7
19797,2021,8,10,2,12,3,2,6,613,99,2,12,1,1,3,91,7
19798,2021,8,11,3,9,2,1,4,401,99,1,16,2,2,4,88,7
19799,2021,8,11,3,8,2,1,4,401,99,2,26,4,4,6,88,7
19800,2021,8,12,4,3,1,1,1,115,99,1,25,4,4,6,88,7
19801,2021,8,13,5,22,4,3,1,103,99,1,20,3,3,5,88,7
19802,2021,8,13,5,8,2,1,5,509,99,1,19,2,2,4,88,7
19803,2021,8,14,6,11,2,1,1,108,99,1,56,10,10,12,88,7
19804,2021,8,15,7,7,2,1,18,1801,99,1,19,2,2,4,88,7
19805,2021,8,16,1,11,2,1,2,208,99,1,66,11,12,14,88,7
19806,2021,8,16,1,8,2,1,18,1804,99,2,51,9,9,11,88,7
19807,2021,8,16,1,16,3,2,4,406,99,2,27,4,4,6,88,7
19808,2021,8,17,2,14,3,2,17,1705,99,2,12,1,1,3,88,7
19809,2021,8,18,3,18,4,3,1,101,6,1,21,3,3,5,88,7
19810,2021,8,18,3,2,1,1,1,101,7,1,40,7,7,9,107,7
19811,2021,8,19,4,11,2,1,1,102,99,1,18,2,2,4,88,7
19812,2021,8,20,5,22,4,3,1,101,13,1,25,4,4,6,92,7
19813,2021,8,20,5,1,1,1,18,1804,99,2,19,2,2,4,91,7
19814,2021,8,21,6,1,1,1,1,115,99,1,16,2,2,4,90,7
19815,2021,8,21,6,4,1,1,19,1909,99,2,45,8,8,10,89,7
19816,2021,8,21,6,4,1,1,17,1709,99,1,17,2,2,4,88,7
19817,2021,8,21,6,0,1,1,4,412,99,1,19,2,2,4,88,7
19818,2021,8,21,6,17,3,2,5,512,99,1,23,3,3,5,87,7
19819,2021,8,22,7,21,4,3,14,1420,99,1,24,3,3,5,88,7
19820,2021,8,23,1,7,2,1,18,1805,99,1,40,7,7,9,87,7
19821,2021,8,23,1,12,3,2,4,401,99,1,14,1,1,3,88,7
19822,2021,8,24,2,13,3,2,1,110,99,2,19,2,2,4,112,7
19823,2021,8,26,4,11,2,1,7,714,99,1,17,2,2,4,88,7
19824,2021,8,27,5,13,3,2,22,2205,99,1,64,11,11,13,87,7
19825,2021,8,28,6,14,3,2,1,101,2,2,49,8,8,10,86,7
19826,2021,8,28,6,21,4,3,1,101,13,1,41,7,7,9,88,7
19827,2021,8,28,6,11,2,1,1,110,99,1,19,2,2,4,88,7
19828,2021,8,29,7,6,2,1,1,101,18,1,25,4,4,6,89,7
19829,2021,8,29,7,11,2,1,1,108,99,1,63,11,11,13,87,7
19830,2021,8,30,1,2,1,1,1,115,99,1,25,4,4,6,88,7
19831,2021,8,30,1,11,2,1,1,115,99,1,21,3,3,5,87,7
19832,2021,8,30,1,23,4,3,18,1805,99,1,34,5,5,7,87,7
19833,2021,8,31,2,2,1,1,1,102,99,1,49,8,8,10,87,7
19834,2021,8,31,2,21,4,3,1,101,16,1,53,9,9,11,87,7
19835,2021,8,31,2,13,3,2,1,117,99,1,46,8,8,10,87,7
19836,2021,8,31,2,11,2,1,3,309,99,1,40,7,7,9,88,7
19837,2021,7,5,1,11,2,1,13,1301,99,1,53,9,9,11,74,6
19838,2021,7,2,5,17,3,2,2,201,99,2,36,6,6,8,74,6
19839,2021,7,4,7,13,3,2,2,208,99,1,48,8,8,10,74,6
19840,2021,7,1,4,21,4,3,14,1411,99,2,22,3,3,5,74,6
19841,2021,7,2,5,17,3,2,14,1404,99,1,52,9,9,11,74,6
19842,2021,7,2,5,21,4,3,14,1404,99,1,26,4,4,6,74,6
19843,2021,7,2,5,21,4,3,14,1402,99,1,31,5,5,7,74,6
19844,2021,7,5,1,11,2,1,14,1413,99,1,38,6,6,8,74,6
19845,2021,7,2,5,18,4,3,3,302,99,1,22,3,3,5,74,6
19846,2021,7,1,4,10,2,1,12,1201,99,2,42,7,7,9,104,6
19847,2021,7,2,5,9,2,1,12,1214,99,2,31,5,5,7,104,6
19848,2021,7,3,6,11,2,1,12,1214,99,1,64,11,11,13,104,6
19849,2021,7,5,1,10,2,1,12,1201,99,2,999,12,16,18,97,6
19850,2021,7,5,1,11,2,1,12,1202,99,1,999,12,16,18,97,6
19851,2021,7,5,1,18,4,3,12,1211,99,2,17,2,2,4,104,6
19852,2021,7,4,7,18,4,3,7,704,99,2,26,4,4,6,97,6
19853,2021,7,2,5,9,2,1,7,704,99,1,28,4,4,6,104,6
19854,2021,7,5,1,18,4,3,7,704,99,1,26,4,4,6,97,6
19855,2021,7,5,1,18,4,3,7,704,99,1,27,4,4,6,104,6
19856,2021,7,1,4,10,2,1,1,116,99,2,41,7,7,9,104,6
19857,2021,7,1,4,16,3,2,1,114,99,2,44,7,7,9,104,6
19858,2021,7,2,5,13,3,2,1,116,99,1,35,6,6,8,104,6
19859,2021,7,3,6,99,5,4,1,114,99,1,47,8,8,10,104,6
19860,2021,7,2,5,99,5,4,1,114,99,1,61,11,11,13,104,6
19861,2021,7,2,5,99,5,4,1,114,99,1,24,3,3,5,97,6
19862,2021,7,3,6,99,5,4,1,114,99,1,44,7,7,9,97,6
19863,2021,7,3,6,16,3,2,19,1901,99,2,39,6,6,8,104,6
19864,2021,7,6,2,14,3,2,13,1320,99,1,42,7,7,9,74,6
19865,2021,7,6,2,15,3,2,13,1301,99,1,32,5,5,7,97,6
19866,2021,7,5,1,19,4,3,14,1416,99,1,47,8,8,10,74,6
19867,2021,7,6,2,11,2,1,14,1401,99,1,999,12,16,18,74,6
19868,2021,7,10,6,17,3,2,14,1419,99,1,46,8,8,10,74,6
19869,2021,7,6,2,12,3,2,12,1201,99,2,32,5,5,7,104,6
19870,2021,7,6,2,12,3,2,12,1219,99,2,30,5,5,7,104,6
19871,2021,7,8,4,11,2,1,12,1229,99,1,56,10,10,12,104,6
19872,2021,7,8,4,11,2,1,12,1229,99,1,41,7,7,9,104,6
19873,2021,7,9,5,12,3,2,12,1201,99,1,33,5,5,7,97,6
19874,2021,7,9,5,13,3,2,12,1229,99,1,53,9,9,11,97,6
19875,2021,7,9,5,16,3,2,12,1229,99,2,999,12,16,18,104,6
19876,2021,7,12,1,16,3,2,12,1229,99,1,40,7,7,9,104,6
19877,2021,7,6,2,99,5,4,1,114,99,1,54,9,9,11,97,6
19878,2021,7,6,2,9,2,1,1,117,99,2,34,5,5,7,104,6
19879,2021,7,7,3,9,2,1,1,116,99,1,48,8,8,10,104,6
19880,2021,7,7,3,10,2,1,1,117,99,1,49,8,8,10,104,6
19881,2021,7,7,3,17,3,2,1,116,99,1,20,3,3,5,104,6
19882,2021,7,9,5,16,3,2,1,114,99,2,27,4,4,6,104,6
19883,2021,7,19,1,11,2,1,2,208,99,2,29,4,4,6,74,6
19884,2021,7,13,2,16,3,2,14,1406,99,1,21,3,3,5,74,6
19885,2021,7,13,2,16,3,2,14,1406,99,1,45,8,8,10,74,6
19886,2021,7,14,3,14,3,2,14,1409,99,2,27,4,4,6,74,6
19887,2021,7,15,4,18,4,3,14,1412,99,1,47,8,8,10,74,6
19888,2021,7,15,4,18,4,3,14,1415,99,1,18,2,2,4,74,6
19889,2021,7,15,4,18,4,3,14,1411,99,2,39,6,6,8,74,6
19890,2021,7,16,5,17,3,2,14,1406,99,1,38,6,6,8,74,6
19891,2021,7,16,5,17,3,2,14,1416,99,2,19,2,2,4,74,6
19892,2021,7,6,2,15,3,2,3,304,99,1,18,2,2,4,74,6
19893,2021,7,8,4,14,3,2,3,307,99,2,44,7,7,9,74,6
19894,2021,7,9,5,16,3,2,3,301,99,2,34,5,5,7,74,6
19895,2021,7,10,6,14,3,2,3,313,99,1,44,7,7,9,74,6
19896,2021,7,10,6,99,5,4,3,303,99,1,23,3,3,5,74,6
19897,2021,7,10,6,10,2,1,3,305,99,2,20,3,3,5,74,6
19898,2021,7,12,1,7,2,1,3,312,99,1,44,7,7,9,74,6
19899,2021,7,12,1,11,2,1,3,312,99,1,48,8,8,10,74,6
19900,2021,7,12,1,10,2,1,3,305,99,1,26,4,4,6,74,6
19901,2021,7,12,1,13,3,2,3,308,99,2,33,5,5,7,74,6
19902,2021,7,13,2,13,3,2,3,301,99,1,28,4,4,6,74,6
19903,2021,7,13,2,15,3,2,3,301,99,2,39,6,6,8,74,6
19904,2021,7,15,4,9,2,1,3,302,99,1,51,9,9,11,74,6
19905,2021,7,15,4,13,3,2,3,301,99,1,70,11,13,15,74,6
19906,2021,7,13,2,8,2,1,12,1216,99,1,32,5,5,7,104,6
19907,2021,7,13,2,17,3,2,12,1210,99,1,58,10,10,12,104,6
19908,2021,7,14,3,15,3,2,12,1207,99,2,999,12,16,18,104,6
19909,2021,7,14,3,13,3,2,12,1219,99,2,35,6,6,8,104,6
19910,2021,7,14,3,16,3,2,12,1227,99,2,39,6,6,8,104,6
19911,2021,7,16,5,9,2,1,12,1202,99,1,38,6,6,8,104,6
19912,2021,7,19,1,11,2,1,12,1202,99,1,39,6,6,8,104,6
19913,2021,7,19,1,7,2,1,12,1207,99,2,999,12,16,18,104,6
19914,2021,7,6,2,16,3,2,7,704,99,1,25,4,4,6,104,6
19915,2021,7,9,5,14,3,2,7,712,99,2,20,3,3,5,104,6
19916,2021,7,12,1,19,4,3,7,718,99,1,42,7,7,9,97,6
19917,2021,7,13,2,13,3,2,7,701,99,1,42,7,7,9,104,6
19918,2021,7,16,5,15,3,2,7,712,99,1,47,8,8,10,104,6
19919,2021,7,16,5,15,3,2,7,703,99,1,22,3,3,5,104,6
19920,2021,7,7,3,12,3,2,8,804,99,1,52,9,9,11,104,6
19921,2021,7,7,3,9,2,1,8,801,99,1,25,4,4,6,104,6
19922,2021,7,16,5,14,3,2,8,801,99,1,33,5,5,7,104,6
19923,2021,7,16,5,18,4,3,8,802,99,1,22,3,3,5,97,6
19924,2021,7,14,3,13,3,2,1,114,99,2,999,12,16,18,97,6
19925,2021,7,14,3,13,3,2,1,114,99,2,29,4,4,6,97,6
19926,2021,7,14,3,14,3,2,1,117,99,1,34,5,5,7,104,6
19927,2021,7,14,3,14,3,2,1,117,99,2,26,4,4,6,97,6
19928,2021,7,14,3,14,3,2,1,116,99,1,24,3,3,5,97,6
19929,2021,7,15,4,16,3,2,1,115,99,1,44,7,7,9,104,6
19930,2021,7,7,3,0,1,1,19,1901,99,1,35,6,6,8,104,6
19931,2021,7,12,1,16,3,2,19,1908,99,1,35,6,6,8,104,6
19932,2021,7,13,2,0,1,1,1,108,99,9,999,12,16,18,97,6
19933,2021,7,7,3,16,3,2,17,1703,99,1,55,10,10,12,97,6
19934,2021,7,21,3,8,2,1,2,207,99,1,999,12,16,18,74,6
19935,2021,7,29,4,15,3,2,2,201,99,2,23,3,3,5,97,6
19936,2021,7,22,4,15,3,2,13,1301,99,2,999,12,16,18,74,6
19937,2021,7,26,1,99,5,4,1,108,99,1,999,12,16,18,104,6
19938,2021,7,27,2,99,5,4,1,108,99,1,42,7,7,9,104,6
19939,2021,7,20,2,13,3,2,14,1411,99,2,33,5,5,7,74,6
19940,2021,7,21,3,12,3,2,14,1401,99,1,27,4,4,6,74,6
19941,2021,7,22,4,12,3,2,14,1411,99,2,24,3,3,5,74,6
19942,2021,7,23,5,20,4,3,14,1411,99,2,42,7,7,9,74,6
19943,2021,7,26,1,12,3,2,14,1402,99,1,33,5,5,7,74,6
19944,2021,7,28,3,12,3,2,14,1401,99,2,39,6,6,8,74,6
19945,2021,7,29,4,11,2,1,14,1401,99,1,23,3,3,5,74,6
19946,2021,7,20,2,12,3,2,3,303,99,1,43,7,7,9,74,6
19947,2021,7,20,2,17,3,2,3,301,99,1,71,11,13,15,74,6
19948,2021,7,21,3,10,2,1,3,315,99,1,39,6,6,8,74,6
19949,2021,7,23,5,22,4,3,3,311,99,1,16,2,2,4,74,6
19950,2021,7,23,5,22,4,3,3,306,99,1,28,4,4,6,74,6
19951,2021,7,24,6,10,2,1,3,310,99,2,21,3,3,5,74,6
19952,2021,7,24,6,10,2,1,3,312,99,1,20,3,3,5,74,6
19953,2021,7,25,7,12,3,2,3,311,99,1,25,4,4,6,74,6
19954,2021,7,25,7,13,3,2,3,313,99,2,40,7,7,9,74,6
19955,2021,7,26,1,11,2,1,3,304,99,1,28,4,4,6,74,6
19956,2021,7,26,1,9,2,1,3,305,99,2,54,9,9,11,74,6
19957,2021,7,26,1,17,3,2,3,308,99,1,29,4,4,6,74,6
19958,2021,7,26,1,18,4,3,3,306,99,2,27,4,4,6,74,6
19959,2021,7,27,2,11,2,1,3,312,99,1,23,3,3,5,74,6
19960,2021,7,27,2,10,2,1,3,302,99,2,36,6,6,8,74,6
19961,2021,7,27,2,11,2,1,3,308,99,2,21,3,3,5,74,6
19962,2021,7,28,3,9,2,1,3,301,99,2,25,4,4,6,74,6
19963,2021,7,28,3,11,2,1,3,302,99,1,49,8,8,10,74,6
19964,2021,7,29,4,10,2,1,3,302,99,2,40,7,7,9,74,6
19965,2021,7,29,4,11,2,1,3,313,99,2,23,3,3,5,74,6
19966,2021,7,29,4,12,3,2,3,311,99,1,31,5,5,7,74,6
19967,2021,7,30,5,12,3,2,3,301,99,1,22,3,3,5,74,6
19968,2021,7,20,2,18,4,3,12,1214,99,2,999,12,16,18,104,6
19969,2021,7,21,3,10,2,1,12,1202,99,1,25,4,4,6,74,6
19970,2021,7,22,4,13,3,2,12,1202,99,2,57,10,10,12,104,6
19971,2021,7,27,2,18,4,3,12,1215,99,1,999,12,16,18,104,6
19972,2021,7,27,2,15,3,2,12,1215,99,1,999,12,16,18,104,6
19973,2021,7,27,2,12,3,2,12,1202,99,2,42,7,7,9,104,6
19974,2021,7,27,2,14,3,2,12,1201,99,1,999,12,16,18,104,6
19975,2021,7,28,3,10,2,1,12,1214,99,1,44,7,7,9,104,6
19976,2021,7,28,3,9,2,1,12,1202,99,2,31,5,5,7,97,6
19977,2021,7,28,3,19,4,3,12,1215,99,2,38,6,6,8,104,6
19978,2021,7,28,3,11,2,1,12,1201,99,1,32,5,5,7,74,6
19979,2021,7,29,4,16,3,2,12,1201,99,2,27,4,4,6,97,6
19980,2021,7,30,5,11,2,1,12,1202,99,2,34,5,5,7,104,6
19981,2021,7,30,5,12,3,2,12,1215,99,1,47,8,8,10,104,6
19982,2021,7,31,6,15,3,2,12,1223,99,2,19,2,2,4,104,6
19983,2021,7,22,4,14,3,2,7,710,99,2,43,7,7,9,104,6
19984,2021,7,27,2,13,3,2,7,701,99,1,66,11,12,14,104,6
19985,2021,7,28,3,18,4,3,7,713,99,1,68,11,12,14,104,6
19986,2021,7,22,4,8,2,1,8,803,99,2,28,4,4,6,104,6
19987,2021,7,31,6,11,2,1,8,801,99,1,30,5,5,7,104,6
19988,2021,7,31,6,15,3,2,8,802,99,2,27,4,4,6,104,6
19989,2021,7,20,2,12,3,2,1,114,99,1,50,9,9,11,104,6
19990,2021,7,21,3,16,3,2,1,114,99,1,29,4,4,6,104,6
19991,2021,7,23,5,10,2,1,1,116,99,9,999,12,16,18,97,6
19992,2021,7,29,4,10,2,1,1,114,99,2,33,5,5,7,104,6
19993,2021,7,17,6,9,2,1,1,116,99,9,999,12,16,18,97,6
19994,2021,7,22,4,5,1,1,1,116,99,1,29,4,4,6,97,6
19995,2021,7,26,1,9,2,1,1,114,99,1,33,5,5,7,97,6
19996,2021,7,27,2,99,5,4,1,114,99,9,999,12,16,18,97,6
19997,2021,7,26,1,9,2,1,1,117,99,2,27,4,4,6,104,6
19998,2021,7,25,7,10,2,1,1,117,99,1,32,5,5,7,104,6
19999,2021,7,21,3,17,3,2,1,117,99,2,50,9,9,11,104,6
20000,2021,7,5,1,12,3,2,1,117,99,1,40,7,7,9,104,6
20001,2021,7,22,4,18,4,3,1,114,99,2,29,4,4,6,104,6
20002,2021,7,23,5,18,4,3,1,114,99,1,27,4,4,6,104,6
20003,2021,7,24,6,12,3,2,1,115,99,1,47,8,8,10,104,6
20004,2021,7,27,2,16,3,2,1,114,99,2,43,7,7,9,104,6
20005,2021,7,27,2,10,2,1,1,114,99,1,34,5,5,7,104,6
20006,2021,7,30,5,18,4,3,1,114,99,1,31,5,5,7,104,6
20007,2021,7,21,3,22,4,3,19,1901,99,1,33,5,5,7,104,6
20008,2021,7,29,4,10,2,1,19,1902,99,2,24,3,3,5,104,6
20009,2021,7,1,4,8,2,1,1,101,18,1,39,6,6,8,97,6
20010,2021,7,1,4,8,2,1,1,107,99,2,36,6,6,8,97,6
20011,2021,7,1,4,11,2,1,1,101,14,2,38,6,6,8,104,6
20012,2021,7,1,4,7,2,1,1,108,99,1,38,6,6,8,97,6
20013,2021,7,1,4,15,3,2,1,101,99,2,38,6,6,8,104,6
20014,2021,7,1,4,15,3,2,1,101,18,1,41,7,7,9,104,6
20015,2021,7,1,4,17,3,2,4,416,99,1,72,11,13,15,95,6
20016,2021,7,1,4,17,3,2,1,113,99,2,46,8,8,10,104,6
20017,2021,7,1,4,18,4,3,1,102,99,2,29,4,4,6,97,6
20018,2021,7,1,4,18,4,3,1,101,99,1,37,6,6,8,104,6
20019,2021,7,1,4,21,4,3,1,101,6,2,67,11,12,14,97,6
20020,2021,7,1,4,21,4,3,1,101,12,1,54,9,9,11,96,6
20021,2021,7,2,5,12,3,2,1,107,99,2,36,6,6,8,97,6
20022,2021,7,2,5,13,3,2,1,107,99,1,27,4,4,6,97,6
20023,2021,7,2,5,5,1,1,1,101,6,2,41,7,7,9,104,6
20024,2021,7,2,5,13,3,2,1,101,21,2,36,6,6,8,104,6
20025,2021,7,2,5,16,3,2,1,103,99,2,45,8,8,10,104,6
20026,2021,7,2,5,23,4,3,1,106,99,1,19,2,2,4,97,6
20027,2021,7,3,6,10,2,1,1,102,99,1,21,3,3,5,104,6
20028,2021,7,3,6,11,2,1,1,107,99,1,37,6,6,8,104,6
20029,2021,7,3,6,13,3,2,1,101,2,1,54,9,9,11,97,6
20030,2021,7,4,7,21,4,3,1,115,99,1,44,7,7,9,97,6
20031,2021,7,5,1,10,2,1,1,107,99,2,24,3,3,5,97,6
20032,2021,7,5,1,13,3,2,1,101,5,2,24,3,3,5,97,6
20033,2021,7,5,1,13,3,2,1,101,1,2,30,5,5,7,104,6
20034,2021,7,5,1,15,3,2,1,101,7,1,23,3,3,5,104,6
20035,2021,7,5,1,16,3,2,1,101,99,1,37,6,6,8,104,6
20036,2021,7,5,1,17,3,2,1,101,3,2,35,6,6,8,104,6
20037,2021,7,5,1,21,4,3,1,101,18,2,50,9,9,11,84,6
20038,2021,7,5,1,21,4,3,1,101,7,2,42,7,7,9,104,6
20039,2021,7,5,1,21,4,3,1,101,18,1,46,8,8,10,84,6
20040,2021,7,6,2,15,3,2,1,101,6,1,27,4,4,6,104,6
20041,2021,7,6,2,17,3,2,1,101,12,1,28,4,4,6,104,6
20042,2021,7,6,2,17,3,2,1,115,99,2,25,4,4,6,104,6
20043,2021,7,6,2,17,3,2,1,115,99,1,45,8,8,10,97,6
20044,2021,7,6,2,17,3,2,1,110,99,1,31,5,5,7,97,6
20045,2021,7,6,2,18,4,3,1,101,6,2,45,8,8,10,74,6
20046,2021,7,6,2,18,4,3,1,101,13,2,47,8,8,10,97,6
20047,2021,7,6,2,18,4,3,1,101,14,1,52,9,9,11,97,6
20048,2021,7,6,2,19,4,3,1,101,17,2,34,5,5,7,104,6
20049,2021,7,6,2,19,4,3,1,101,6,1,37,6,6,8,104,6
20050,2021,7,6,2,19,4,3,1,101,18,2,36,6,6,8,104,6
20051,2021,7,6,2,21,4,3,1,101,1,2,21,3,3,5,104,6
20052,2021,7,6,2,21,4,3,1,101,99,2,42,7,7,9,97,6
20053,2021,7,6,2,21,4,3,1,101,17,2,53,9,9,11,99,6
20054,2021,7,7,3,14,3,2,1,101,12,2,25,4,4,6,104,6
20055,2021,7,7,3,14,3,2,1,101,10,1,48,8,8,10,95,6
20056,2021,7,7,3,15,3,2,1,101,1,1,30,5,5,7,97,6
20057,2021,7,7,3,15,3,2,1,101,21,1,30,5,5,7,97,6
20058,2021,7,7,3,17,3,2,1,101,21,2,36,6,6,8,104,6
20059,2021,7,7,3,18,4,3,1,101,18,1,24,3,3,5,104,6
20060,2021,7,7,3,21,4,3,1,101,11,1,52,9,9,11,97,6
20061,2021,7,7,3,21,4,3,1,101,13,1,25,4,4,6,104,6
20062,2021,7,8,4,9,2,1,1,103,99,1,70,11,13,15,104,6
20063,2021,7,8,4,15,3,2,1,101,99,1,29,4,4,6,104,6
20064,2021,7,8,4,17,3,2,1,101,5,1,35,6,6,8,97,6
20065,2021,7,8,4,18,4,3,1,114,99,2,34,5,5,7,97,6
20066,2021,7,8,4,18,4,3,1,101,1,1,51,9,9,11,97,6
20067,2021,7,8,4,19,4,3,1,101,12,2,38,6,6,8,97,6
20068,2021,7,8,4,19,4,3,1,101,99,1,999,12,16,18,104,6
20069,2021,7,8,4,19,4,3,1,101,18,2,30,5,5,7,97,6
20070,2021,7,8,4,21,4,3,1,101,99,1,31,5,5,7,97,6
20071,2021,7,9,5,11,2,1,1,102,99,1,36,6,6,8,104,6
20072,2021,7,9,5,14,3,2,1,101,99,2,30,5,5,7,97,6
20073,2021,7,9,5,18,4,3,1,101,21,2,58,10,10,12,97,6
20074,2021,7,9,5,18,4,3,1,101,11,1,52,9,9,11,99,6
20075,2021,7,9,5,18,4,3,1,101,1,1,33,5,5,7,104,6
20076,2021,7,9,5,12,3,2,1,101,9,1,26,4,4,6,104,6
20077,2021,7,10,6,17,3,2,1,101,6,1,33,5,5,7,97,6
20078,2021,7,10,6,18,4,3,1,101,10,1,22,3,3,5,104,6
20079,2021,7,11,7,14,3,2,1,113,99,1,62,11,11,13,104,6
20080,2021,7,11,7,21,4,3,1,101,5,2,28,4,4,6,104,6
20081,2021,7,11,7,21,4,3,1,101,12,1,60,11,11,13,104,6
20082,2021,7,11,7,22,4,3,1,117,99,2,32,5,5,7,97,6
20083,2021,7,11,7,22,4,3,1,101,18,1,44,7,7,9,104,6
20084,2021,7,12,1,9,2,1,1,101,12,2,36,6,6,8,104,6
20085,2021,7,12,1,11,2,1,1,101,7,2,23,3,3,5,104,6
20086,2021,7,12,1,15,3,2,1,101,18,1,26,4,4,6,97,6
20087,2021,7,12,1,15,3,2,1,101,1,1,26,4,4,6,97,6
20088,2021,7,12,1,17,3,2,1,101,10,2,36,6,6,8,104,6
20089,2021,7,12,1,18,4,3,3,301,99,1,25,4,4,6,97,6
20090,2021,7,12,1,19,4,3,1,101,7,2,25,4,4,6,104,6
20091,2021,7,12,1,19,4,3,1,101,6,1,21,3,3,5,97,6
20092,2021,7,12,1,20,4,3,1,101,18,1,32,5,5,7,104,6
20093,2021,7,12,1,21,4,3,1,101,18,1,25,4,4,6,104,6
20094,2021,7,12,1,21,4,3,1,101,6,2,18,2,2,4,104,6
20095,2021,7,12,1,22,4,3,1,101,18,1,60,11,11,13,104,6
20096,2021,7,12,1,22,4,3,1,101,21,2,45,8,8,10,97,6
20097,2021,7,13,2,23,4,3,1,107,99,1,26,4,4,6,97,6
20098,2021,7,13,2,23,4,3,1,101,18,1,31,5,5,7,97,6
20099,2021,7,13,2,17,3,2,1,101,1,1,30,5,5,7,104,6
20100,2021,7,13,2,18,4,3,1,101,2,1,61,11,11,13,104,6
20101,2021,7,13,2,22,4,3,1,107,99,2,53,9,9,11,104,6
20102,2021,7,14,3,19,4,3,1,101,1,2,25,4,4,6,104,6
20103,2021,7,14,3,19,4,3,1,108,99,2,41,7,7,9,104,6
20104,2021,7,14,3,21,4,3,1,101,7,1,28,4,4,6,104,6
20105,2021,7,14,3,21,4,3,1,106,99,2,39,6,6,8,104,6
20106,2021,7,14,3,23,4,3,1,101,99,2,999,12,16,18,104,6
20107,2021,7,15,4,10,2,1,1,101,99,1,999,12,16,18,97,6
20108,2021,7,15,4,14,3,2,1,101,1,1,43,7,7,9,99,6
20109,2021,7,15,4,18,4,3,1,101,99,1,999,12,16,18,97,6
20110,2021,7,15,4,18,4,3,1,101,99,1,26,4,4,6,99,6
20111,2021,7,15,4,18,4,3,1,101,17,1,55,10,10,12,104,6
20112,2021,7,15,4,18,4,3,6,606,99,2,45,8,8,10,104,6
20113,2021,7,15,4,22,4,3,1,101,11,1,30,5,5,7,104,6
20114,2021,7,15,4,22,4,3,1,101,18,1,37,6,6,8,97,6
20115,2021,7,15,4,22,4,3,1,101,7,1,29,4,4,6,104,6
20116,2021,7,16,5,9,2,1,1,107,99,2,999,12,16,18,74,6
20117,2021,7,16,5,12,3,2,1,101,1,1,21,3,3,5,104,6
20118,2021,7,16,5,14,3,2,1,101,18,2,31,5,5,7,97,6
20119,2021,7,16,5,14,3,2,1,101,8,2,38,6,6,8,104,6
20120,2021,7,16,5,14,3,2,1,101,16,1,43,7,7,9,97,6
20121,2021,7,16,5,15,3,2,1,113,99,1,31,5,5,7,104,6
20122,2021,7,16,5,15,3,2,1,103,99,2,20,3,3,5,104,6
20123,2021,7,16,5,16,3,2,1,107,99,1,49,8,8,10,97,6
20124,2021,7,16,5,21,4,3,1,101,7,1,47,8,8,10,104,6
20125,2021,7,16,5,22,4,3,1,107,99,2,36,6,6,8,99,6
20126,2021,7,17,6,11,2,1,1,101,3,1,46,8,8,10,104,6
20127,2021,7,17,6,12,3,2,1,101,18,1,35,6,6,8,97,6
20128,2021,7,17,6,17,3,2,1,102,99,2,49,8,8,10,104,6
20129,2021,7,17,6,19,4,3,1,101,7,2,30,5,5,7,104,6
20130,2021,7,17,6,17,3,2,1,115,99,2,25,4,4,6,104,6
20131,2021,7,17,6,19,4,3,1,101,21,1,37,6,6,8,104,6
20132,2021,7,18,7,10,2,1,1,101,21,2,21,3,3,5,104,6
20133,2021,7,18,7,18,4,3,1,101,7,1,49,8,8,10,97,6
20134,2021,7,18,7,10,2,1,1,117,99,1,55,10,10,12,104,6
20135,2021,7,19,1,9,2,1,1,107,99,1,27,4,4,6,95,6
20136,2021,7,19,1,9,2,1,1,115,99,2,32,5,5,7,104,6
20137,2021,7,19,1,13,3,2,1,115,99,1,51,9,9,11,99,6
20138,2021,7,19,1,13,3,2,1,106,99,2,38,6,6,8,97,6
20139,2021,7,19,1,15,3,2,1,108,99,1,36,6,6,8,104,6
20140,2021,7,19,1,13,3,2,1,106,99,2,59,10,10,12,104,6
20141,2021,7,19,1,15,3,2,1,103,99,1,49,8,8,10,104,6
20142,2021,7,19,1,18,4,3,1,102,99,1,46,8,8,10,97,6
20143,2021,7,20,2,0,1,1,1,101,18,1,35,6,6,8,97,6
20144,2021,7,20,2,9,2,1,1,105,99,1,21,3,3,5,104,6
20145,2021,7,20,2,10,2,1,1,105,99,2,21,3,3,5,104,6
20146,2021,7,20,2,12,3,2,1,101,25,1,34,5,5,7,97,6
20147,2021,7,20,2,15,3,2,1,101,13,1,26,4,4,6,97,6
20148,2021,7,20,2,16,3,2,1,101,10,2,59,10,10,12,104,6
20149,2021,7,20,2,14,3,2,1,101,10,1,48,8,8,10,104,6
20150,2021,7,20,2,15,3,2,1,101,10,1,42,7,7,9,97,6
20151,2021,7,20,2,12,3,2,1,103,99,2,31,5,5,7,104,6
20152,2021,7,20,2,16,3,2,1,101,18,2,44,7,7,9,104,6
20153,2021,7,20,2,17,3,2,1,101,7,1,73,11,13,15,95,6
20154,2021,7,20,2,20,4,3,1,101,12,1,46,8,8,10,97,6
20155,2021,7,20,2,22,4,3,1,113,99,1,31,5,5,7,104,6
20156,2021,7,21,3,9,2,1,1,106,99,1,37,6,6,8,97,6
20157,2021,7,21,3,10,2,1,1,101,18,2,52,9,9,11,97,6
20158,2021,7,21,3,10,2,1,1,101,3,2,34,5,5,7,97,6
20159,2021,7,21,3,14,3,2,1,101,16,2,24,3,3,5,104,6
20160,2021,7,21,3,16,3,2,1,103,99,1,26,4,4,6,104,6
20161,2021,7,21,3,16,3,2,1,101,3,1,48,8,8,10,97,6
20162,2021,7,21,3,7,2,1,1,101,1,1,42,7,7,9,104,6
20163,2021,7,21,3,17,3,2,1,103,99,2,48,8,8,10,104,6
20164,2021,7,21,3,18,4,3,1,101,1,2,34,5,5,7,97,6
20165,2021,7,21,3,19,4,3,1,101,1,2,40,7,7,9,97,6
20166,2021,7,21,3,19,4,3,1,101,10,2,19,2,2,4,97,6
20167,2021,7,21,3,20,4,3,1,113,99,2,40,7,7,9,104,6
20168,2021,7,21,3,21,4,3,1,101,18,1,26,4,4,6,104,6
20169,2021,7,21,3,21,4,3,1,101,9,2,24,3,3,5,95,6
20170,2021,7,21,3,21,4,3,1,101,7,2,55,10,10,12,104,6
20171,2021,7,21,3,21,4,3,1,116,99,1,40,7,7,9,97,6
20172,2021,7,21,3,22,4,3,1,101,11,2,39,6,6,8,104,6
20173,2021,7,22,4,13,3,2,1,101,7,1,62,11,11,13,97,6
20174,2021,7,22,4,15,3,2,1,101,10,2,39,6,6,8,97,6
20175,2021,7,22,4,14,3,2,1,101,7,1,24,3,3,5,104,6
20176,2021,7,22,4,16,3,2,1,101,10,1,32,5,5,7,104,6
20177,2021,7,22,4,16,3,2,1,101,1,1,24,3,3,5,104,6
20178,2021,7,22,4,16,3,2,1,101,2,1,41,7,7,9,97,6
20179,2021,7,22,4,16,3,2,1,101,8,1,61,11,11,13,95,6
20180,2021,7,22,4,16,3,2,1,101,12,1,35,6,6,8,97,6
20181,2021,7,22,4,19,4,3,1,101,6,1,31,5,5,7,104,6
20182,2021,7,23,5,11,2,1,1,106,99,2,32,5,5,7,97,6
20183,2021,7,23,5,12,3,2,1,116,99,1,15,2,2,4,104,6
20184,2021,7,23,5,17,3,2,1,102,99,1,29,4,4,6,104,6
20185,2021,7,23,5,19,4,3,1,101,6,1,33,5,5,7,104,6
20186,2021,7,23,5,20,4,3,1,101,18,2,59,10,10,12,104,6
20187,2021,7,23,5,21,4,3,1,101,2,2,20,3,3,5,104,6
20188,2021,7,23,5,21,4,3,1,101,1,2,35,6,6,8,97,6
20189,2021,7,23,5,23,4,3,1,101,7,1,36,6,6,8,104,6
20190,2021,7,24,6,8,2,1,1,101,7,1,30,5,5,7,99,6
20191,2021,7,24,6,11,2,1,1,101,21,2,47,8,8,10,104,6
20192,2021,7,24,6,12,3,2,1,101,6,2,47,8,8,10,104,6
20193,2021,7,24,6,13,3,2,1,101,4,1,33,5,5,7,104,6
20194,2021,7,24,6,16,3,2,1,101,99,1,18,2,2,4,104,6
20195,2021,7,24,6,18,4,3,1,101,6,1,49,8,8,10,97,6
20196,2021,7,24,6,18,4,3,1,101,99,2,53,9,9,11,97,6
20197,2021,7,24,6,20,4,3,1,101,3,2,38,6,6,8,97,6
20198,2021,7,25,7,14,3,2,6,606,99,1,28,4,4,6,104,6
20199,2021,7,25,7,15,3,2,1,101,18,1,43,7,7,9,97,6
20200,2021,7,25,7,18,4,3,1,101,5,1,36,6,6,8,97,6
20201,2021,7,25,7,20,4,3,1,106,99,2,35,6,6,8,104,6
20202,2021,7,25,7,21,4,3,1,101,3,2,21,3,3,5,104,6
20203,2021,7,26,1,14,3,2,1,101,9,1,53,9,9,11,97,6
20204,2021,7,26,1,15,3,2,1,103,99,2,27,4,4,6,104,6
20205,2021,7,26,1,16,3,2,1,101,13,1,38,6,6,8,97,6
20206,2021,7,26,1,17,3,2,1,113,99,2,51,9,9,11,104,6
20207,2021,7,26,1,19,4,3,1,101,14,1,66,11,12,14,97,6
20208,2021,7,26,1,19,4,3,1,101,15,1,59,10,10,12,104,6
20209,2021,7,26,1,20,4,3,1,108,99,2,31,5,5,7,97,6
20210,2021,7,26,1,0,1,1,1,101,5,2,22,3,3,5,104,6
20211,2021,7,26,1,20,4,3,1,101,99,1,48,8,8,10,97,6
20212,2021,7,26,1,21,4,3,1,101,18,1,64,11,11,13,104,6
20213,2021,7,27,2,12,3,2,1,101,5,2,29,4,4,6,97,6
20214,2021,7,27,2,13,3,2,1,101,18,2,40,7,7,9,97,6
20215,2021,7,27,2,13,3,2,1,113,99,1,54,9,9,11,97,6
20216,2021,7,27,2,17,3,2,1,102,99,1,49,8,8,10,97,6
20217,2021,7,27,2,19,4,3,1,101,16,1,60,11,11,13,104,6
20218,2021,7,27,2,19,4,3,1,101,5,2,30,5,5,7,104,6
20219,2021,7,27,2,19,4,3,1,107,99,2,24,3,3,5,104,6
20220,2021,7,27,2,19,4,3,1,101,7,2,24,3,3,5,104,6
20221,2021,7,27,2,19,4,3,1,101,19,1,999,12,16,18,104,6
20222,2021,7,27,2,19,4,3,1,101,99,2,39,6,6,8,104,6
20223,2021,7,27,2,19,4,3,1,101,6,1,43,7,7,9,104,6
20224,2021,7,27,2,19,4,3,1,101,7,1,21,3,3,5,104,6
20225,2021,7,27,2,21,4,3,1,108,99,1,21,3,3,5,104,6
20226,2021,7,27,2,21,4,3,1,101,1,2,37,6,6,8,104,6
20227,2021,7,27,2,21,4,3,1,101,19,2,60,11,11,13,104,6
20228,2021,7,27,2,9,2,1,1,101,8,2,33,5,5,7,97,6
20229,2021,7,27,2,11,2,1,1,103,99,2,39,6,6,8,97,6
20230,2021,7,28,3,11,2,1,1,101,21,1,61,11,11,13,97,6
20231,2021,7,28,3,12,3,2,1,101,21,1,33,5,5,7,97,6
20232,2021,7,28,3,11,2,1,1,101,18,2,78,11,14,16,104,6
20233,2021,7,28,3,13,3,2,1,102,99,1,50,9,9,11,104,6
20234,2021,7,28,3,10,2,1,1,108,99,1,32,5,5,7,104,6
20235,2021,7,28,3,10,2,1,1,101,15,1,35,6,6,8,104,6
20236,2021,7,28,3,17,3,2,1,101,18,2,48,8,8,10,104,6
20237,2021,7,29,4,10,2,1,1,116,99,1,40,7,7,9,97,6
20238,2021,7,29,4,12,3,2,1,101,4,1,29,4,4,6,97,6
20239,2021,7,30,5,15,3,2,1,102,99,1,27,4,4,6,104,6
20240,2021,7,30,5,12,3,2,1,101,18,2,45,8,8,10,97,6
20241,2021,7,30,5,14,3,2,1,103,99,1,35,6,6,8,97,6
20242,2021,7,30,5,13,3,2,1,103,99,2,45,8,8,10,104,6
20243,2021,7,30,5,11,2,1,1,101,12,1,47,8,8,10,97,6
20244,2021,7,30,5,15,3,2,1,101,4,2,29,4,4,6,97,6
20245,2021,7,30,5,11,2,1,1,108,99,1,41,7,7,9,97,6
20246,2021,7,30,5,21,4,3,1,101,16,1,39,6,6,8,99,6
20247,2021,7,30,5,22,4,3,1,101,7,1,56,10,10,12,97,6
20248,2021,7,30,5,22,4,3,1,101,13,2,27,4,4,6,104,6
20249,2021,7,31,6,8,2,1,1,101,5,2,38,6,6,8,97,6
20250,2021,7,31,6,10,2,1,1,101,5,1,39,6,6,8,99,6
20251,2021,7,31,6,10,2,1,1,101,18,2,40,7,7,9,97,6
20252,2021,7,31,6,14,3,2,1,103,99,2,37,6,6,8,104,6
20253,2021,7,31,6,16,3,2,1,102,99,1,38,6,6,8,97,6
20254,2021,7,31,6,16,3,2,1,101,7,1,48,8,8,10,104,6
20255,2021,7,31,6,16,3,2,1,101,21,1,32,5,5,7,97,6
20256,2021,7,31,6,17,3,2,1,101,11,1,40,7,7,9,97,6
20257,2021,7,31,6,20,4,3,1,101,18,1,43,7,7,9,95,6
20258,2021,7,31,6,21,4,3,1,101,6,1,26,4,4,6,104,6
20259,2021,7,31,6,23,4,3,1,101,3,2,61,11,11,13,104,6
20260,2021,7,1,4,15,3,2,13,1301,99,1,30,5,5,7,97,6
20261,2021,7,1,4,18,4,3,11,1105,99,2,42,7,7,9,104,6
20262,2021,7,2,5,9,2,1,12,1218,99,2,55,10,10,12,104,6
20263,2021,7,2,5,13,3,2,9,921,99,1,31,5,5,7,97,6
20264,2021,7,2,5,14,3,2,9,901,99,1,56,10,10,12,97,6
20265,2021,7,2,5,15,3,2,12,1230,99,1,45,8,8,10,104,6
20266,2021,7,2,5,17,3,2,9,913,99,2,29,4,4,6,97,6
20267,2021,7,5,1,10,2,1,12,1205,99,2,23,3,3,5,97,6
20268,2021,7,5,1,11,2,1,12,1221,99,1,34,5,5,7,104,6
20269,2021,7,5,1,12,3,2,9,905,99,2,28,4,4,6,104,6
20270,2021,7,7,3,12,3,2,9,901,99,2,34,5,5,7,97,6
20271,2021,7,7,3,12,3,2,9,903,99,1,43,7,7,9,104,6
20272,2021,7,7,3,15,3,2,12,1217,99,1,29,4,4,6,104,6
20273,2021,7,7,3,16,3,2,9,917,99,1,34,5,5,7,104,6
20274,2021,7,7,3,17,3,2,9,901,99,1,999,12,16,18,104,6
20275,2021,7,7,3,18,4,3,9,923,99,1,44,7,7,9,97,6
20276,2021,7,8,4,14,3,2,9,901,99,1,30,5,5,7,97,6
20277,2021,7,8,4,17,3,2,9,919,99,1,41,7,7,9,97,6
20278,2021,7,9,5,16,3,2,7,719,99,1,47,8,8,10,104,6
20279,2021,7,10,6,18,4,3,9,901,99,1,58,10,10,12,95,6
20280,2021,7,11,7,17,3,2,12,1222,99,1,30,5,5,7,97,6
20281,2021,7,12,1,12,3,2,9,910,99,2,45,8,8,10,104,6
20282,2021,7,12,1,15,3,2,12,1222,99,2,37,6,6,8,97,6
20283,2021,7,12,1,18,4,3,12,1217,99,1,38,6,6,8,104,6
20284,2021,7,13,2,10,2,1,12,1230,99,2,30,5,5,7,97,6
20285,2021,7,14,3,11,2,1,9,901,99,1,38,6,6,8,104,6
20286,2021,7,14,3,12,3,2,12,1222,99,2,37,6,6,8,104,6
20287,2021,7,14,3,13,3,2,9,901,99,1,32,5,5,7,97,6
20288,2021,7,14,3,17,3,2,12,1230,99,2,21,3,3,5,104,6
20289,2021,7,14,3,20,4,3,9,919,99,2,41,7,7,9,104,6
20290,2021,7,15,4,12,3,2,9,923,99,1,31,5,5,7,97,6
20291,2021,7,15,4,13,3,2,9,901,99,1,28,4,4,6,97,6
20292,2021,7,15,4,16,3,2,9,906,99,1,25,4,4,6,104,6
20293,2021,7,16,5,10,2,1,12,1217,99,2,37,6,6,8,104,6
20294,2021,7,16,5,16,3,2,9,901,99,2,61,11,11,13,104,6
20295,2021,7,16,5,18,4,3,9,919,99,1,30,5,5,7,95,6
20296,2021,7,17,6,17,3,2,9,901,99,2,51,9,9,11,97,6
20297,2021,7,19,1,16,3,2,12,1222,99,2,46,8,8,10,104,6
20298,2021,7,19,1,16,3,2,9,901,99,2,23,3,3,5,104,6
20299,2021,7,19,1,22,4,3,9,901,99,2,27,4,4,6,97,6
20300,2021,7,20,2,12,3,2,9,923,99,1,52,9,9,11,104,6
20301,2021,7,20,2,13,3,2,12,1212,99,2,23,3,3,5,97,6
20302,2021,7,21,3,8,2,1,9,901,99,2,27,4,4,6,104,6
20303,2021,7,21,3,15,3,2,9,912,99,1,26,4,4,6,104,6
20304,2021,7,22,4,11,2,1,12,1221,99,1,29,4,4,6,104,6
20305,2021,7,22,4,11,2,1,12,1221,99,1,36,6,6,8,104,6
20306,2021,7,23,5,12,3,2,9,915,99,2,31,5,5,7,104,6
20307,2021,7,23,5,13,3,2,12,1221,99,2,36,6,6,8,104,6
20308,2021,7,23,5,16,3,2,9,904,99,1,21,3,3,5,104,6
20309,2021,7,24,6,15,3,2,12,1230,99,1,33,5,5,7,104,6
20310,2021,7,26,1,15,3,2,9,901,99,2,30,5,5,7,104,6
20311,2021,7,26,1,16,3,2,9,919,99,1,51,9,9,11,104,6
20312,2021,7,26,1,16,3,2,8,801,99,1,61,11,11,13,94,6
20313,2021,7,26,1,18,4,3,12,1222,99,2,36,6,6,8,104,6
20314,2021,7,26,1,20,4,3,9,901,99,2,51,9,9,11,95,6
20315,2021,7,27,2,10,2,1,12,1212,99,1,24,3,3,5,97,6
20316,2021,7,27,2,12,3,2,12,1221,99,1,36,6,6,8,104,6
20317,2021,7,27,2,15,3,2,9,901,99,2,27,4,4,6,97,6
20318,2021,7,27,2,17,3,2,9,901,99,1,49,8,8,10,97,6
20319,2021,7,27,2,17,3,2,9,901,99,2,26,4,4,6,104,6
20320,2021,7,27,2,17,3,2,9,909,99,1,35,6,6,8,104,6
20321,2021,7,27,2,22,4,3,12,1215,99,1,28,4,4,6,104,6
20322,2021,7,28,3,10,2,1,9,907,99,1,34,5,5,7,97,6
20323,2021,7,28,3,11,2,1,12,1222,99,1,30,5,5,7,104,6
20324,2021,7,28,3,12,3,2,9,901,99,2,48,8,8,10,74,6
20325,2021,7,28,3,14,3,2,9,913,99,1,29,4,4,6,104,6
20326,2021,7,28,3,15,3,2,9,915,99,1,22,3,3,5,104,6
20327,2021,7,28,3,19,4,3,9,901,99,1,27,4,4,6,104,6
20328,2021,7,29,4,14,3,2,9,901,99,1,39,6,6,8,97,6
20329,2021,7,29,4,22,4,3,12,1216,99,2,31,5,5,7,97,6
20330,2021,7,30,5,14,3,2,9,911,99,2,21,3,3,5,104,6
20331,2021,7,30,5,14,3,2,9,919,99,2,17,2,2,4,104,6
20332,2021,7,30,5,19,4,3,9,907,99,1,22,3,3,5,97,6
20333,2021,7,31,6,15,3,2,9,901,99,2,44,7,7,9,97,6
20334,2021,7,2,5,8,2,1,21,2101,99,2,21,3,3,5,104,6
20335,2021,7,2,5,9,2,1,21,2101,99,1,38,6,6,8,97,6
20336,2021,7,2,5,9,2,1,21,2101,99,1,32,5,5,7,97,6
20337,2021,7,3,6,13,3,2,21,2101,99,1,43,7,7,9,97,6
20338,2021,7,3,6,15,3,2,21,2106,99,1,40,7,7,9,97,6
20339,2021,7,5,1,9,2,1,21,2101,99,2,31,5,5,7,104,6
20340,2021,7,5,1,20,4,3,21,2101,99,1,50,9,9,11,97,6
20341,2021,7,6,2,15,3,2,21,2101,99,2,29,4,4,6,104,6
20342,2021,7,8,4,18,4,3,21,2101,99,1,54,9,9,11,97,6
20343,2021,7,9,5,10,2,1,21,2102,99,2,58,10,10,12,97,6
20344,2021,7,9,5,15,3,2,21,2101,99,2,41,7,7,9,97,6
20345,2021,7,11,7,13,3,2,21,2107,99,2,44,7,7,9,97,6
20346,2021,7,12,1,15,3,2,21,2101,99,2,20,3,3,5,97,6
20347,2021,7,13,2,13,3,2,21,2107,99,1,39,6,6,8,104,6
20348,2021,7,19,1,14,3,2,20,2007,99,2,39,6,6,8,104,6
20349,2021,7,21,3,12,3,2,21,2101,99,2,41,7,7,9,104,6
20350,2021,7,22,4,15,3,2,21,2103,99,1,19,2,2,4,104,6
20351,2021,7,22,4,17,3,2,21,2102,99,2,26,4,4,6,104,6
20352,2021,7,23,5,13,3,2,21,2101,99,2,35,6,6,8,104,6
20353,2021,7,23,5,13,3,2,21,2101,99,2,22,3,3,5,104,6
20354,2021,7,23,5,16,3,2,21,2101,99,1,43,7,7,9,104,6
20355,2021,7,24,6,12,3,2,21,2101,99,1,41,7,7,9,104,6
20356,2021,7,26,1,12,3,2,2,207,99,2,23,3,3,5,104,6
20357,2021,7,26,1,14,3,2,21,2107,99,2,42,7,7,9,97,6
20358,2021,7,28,3,9,2,1,21,2101,99,1,32,5,5,7,104,6
20359,2021,7,28,3,12,3,2,21,2106,99,1,41,7,7,9,104,6
20360,2021,7,28,3,15,3,2,21,2101,99,2,41,7,7,9,104,6
20361,2021,7,28,3,15,3,2,21,2103,99,1,33,5,5,7,104,6
20362,2021,7,28,3,15,3,2,21,2102,99,2,20,3,3,5,104,6
20363,2021,7,30,5,11,2,1,21,2101,99,2,35,6,6,8,97,6
20364,2021,7,30,5,12,3,2,21,2101,99,1,46,8,8,10,104,6
20365,2021,7,30,5,13,3,2,21,2106,99,1,51,9,9,11,104,6
20366,2021,7,1,4,8,2,1,15,1501,99,1,23,3,3,5,104,6
20367,2021,7,1,4,16,3,2,15,1503,99,2,29,4,4,6,104,6
20368,2021,7,2,5,15,3,2,16,1601,99,2,31,5,5,7,104,6
20369,2021,7,2,5,17,3,2,14,1420,99,2,33,5,5,7,104,6
20370,2021,7,3,6,8,2,1,15,1503,99,1,75,11,14,16,104,6
20371,2021,7,3,6,16,3,2,16,1609,99,1,23,3,3,5,104,6
20372,2021,7,5,1,15,3,2,16,1601,99,1,999,12,16,18,104,6
20373,2021,7,5,1,16,3,2,15,1501,99,1,31,5,5,7,104,6
20374,2021,7,5,1,19,4,3,16,1602,99,2,35,6,6,8,104,6
20375,2021,7,6,2,15,3,2,16,1615,99,1,26,4,4,6,104,6
20376,2021,7,6,2,15,3,2,15,1507,99,1,27,4,4,6,104,6
20377,2021,7,6,2,16,3,2,17,1710,99,2,39,6,6,8,104,6
20378,2021,7,6,2,16,3,2,15,1502,99,1,43,7,7,9,104,6
20379,2021,7,6,2,16,3,2,15,1502,99,2,25,4,4,6,104,6
20380,2021,7,6,2,17,3,2,15,1501,99,1,34,5,5,7,104,6
20381,2021,7,6,2,18,4,3,15,1501,99,1,25,4,4,6,104,6
20382,2021,7,7,3,14,3,2,16,1601,99,1,63,11,11,13,97,6
20383,2021,7,7,3,14,3,2,16,1601,99,2,20,3,3,5,104,6
20384,2021,7,7,3,15,3,2,15,1501,99,1,36,6,6,8,104,6
20385,2021,7,7,3,16,3,2,15,1501,99,2,23,3,3,5,104,6
20386,2021,7,7,3,21,4,3,16,1601,99,1,49,8,8,10,104,6
20387,2021,7,8,4,10,2,1,15,1501,99,1,44,7,7,9,104,6
20388,2021,7,8,4,14,3,2,16,1602,99,1,29,4,4,6,104,6
20389,2021,7,8,4,15,3,2,16,1602,99,1,38,6,6,8,104,6
20390,2021,7,8,4,16,3,2,16,1604,99,2,29,4,4,6,104,6
20391,2021,7,9,5,15,3,2,15,1501,99,1,47,8,8,10,104,6
20392,2021,7,9,5,17,3,2,16,1603,99,2,44,7,7,9,104,6
20393,2021,7,9,5,18,4,3,16,1601,99,1,20,3,3,5,104,6
20394,2021,7,10,6,21,4,3,16,1601,99,2,27,4,4,6,104,6
20395,2021,7,11,7,11,2,1,16,1609,99,1,20,3,3,5,104,6
20396,2021,7,12,1,16,3,2,15,1507,99,1,47,8,8,10,104,6
20397,2021,7,13,2,13,3,2,16,1601,99,1,40,7,7,9,104,6
20398,2021,7,13,2,15,3,2,15,1501,99,2,44,7,7,9,104,6
20399,2021,7,13,2,15,3,2,16,1608,99,1,37,6,6,8,104,6
20400,2021,7,13,2,17,3,2,14,1420,99,1,22,3,3,5,104,6
20401,2021,7,13,2,19,4,3,14,1420,99,2,26,4,4,6,104,6
20402,2021,7,13,2,21,4,3,16,1601,99,2,27,4,4,6,104,6
20403,2021,7,14,3,15,3,2,16,1610,99,1,35,6,6,8,104,6
20404,2021,7,14,3,18,4,3,16,1601,99,2,56,10,10,12,104,6
20405,2021,7,15,4,16,3,2,16,1601,99,2,41,7,7,9,104,6
20406,2021,7,16,5,15,3,2,14,1420,99,1,40,7,7,9,104,6
20407,2021,7,19,1,17,3,2,16,1604,99,1,47,8,8,10,97,6
20408,2021,7,20,2,17,3,2,16,1602,99,2,44,7,7,9,104,6
20409,2021,7,21,3,16,3,2,16,1615,99,2,35,6,6,8,104,6
20410,2021,7,22,4,16,3,2,15,1501,99,2,39,6,6,8,104,6
20411,2021,7,23,5,8,2,1,15,1502,99,1,31,5,5,7,97,6
20412,2021,7,23,5,11,2,1,16,1601,99,2,27,4,4,6,104,6
20413,2021,7,23,5,13,3,2,16,1601,99,1,30,5,5,7,104,6
20414,2021,7,23,5,14,3,2,15,1502,99,1,44,7,7,9,104,6
20415,2021,7,23,5,15,3,2,16,1603,99,2,40,7,7,9,97,6
20416,2021,7,23,5,17,3,2,16,1601,99,2,33,5,5,7,104,6
20417,2021,7,25,7,13,3,2,15,1501,99,1,23,3,3,5,104,6
20418,2021,7,25,7,19,4,3,16,1601,99,1,25,4,4,6,97,6
20419,2021,7,26,1,2,1,1,15,1501,99,2,24,3,3,5,104,6
20420,2021,7,26,1,12,3,2,15,1508,99,1,35,6,6,8,104,6
20421,2021,7,26,1,13,3,2,15,1503,99,1,28,4,4,6,104,6
20422,2021,7,26,1,14,3,2,16,1601,99,1,23,3,3,5,104,6
20423,2021,7,26,1,16,3,2,15,1503,99,1,33,5,5,7,97,6
20424,2021,7,27,2,16,3,2,16,1609,99,2,53,9,9,11,97,6
20425,2021,7,27,2,16,3,2,15,1502,99,1,26,4,4,6,97,6
20426,2021,7,27,2,17,3,2,16,1616,99,1,19,2,2,4,104,6
20427,2021,7,27,2,18,4,3,16,1603,99,2,38,6,6,8,104,6
20428,2021,7,29,4,14,3,2,15,1502,99,1,32,5,5,7,104,6
20429,2021,7,29,4,16,3,2,15,1506,99,1,46,8,8,10,104,6
20430,2021,7,29,4,16,3,2,15,1506,99,1,999,12,16,18,104,6
20431,2021,7,30,5,17,3,2,16,1601,99,2,13,1,1,3,104,6
20432,2021,7,30,5,18,4,3,16,1601,99,1,73,11,13,15,104,6
20433,2021,7,30,5,21,4,3,16,1604,99,1,52,9,9,11,104,6
20434,2021,7,31,6,8,2,1,15,1501,99,1,33,5,5,7,104,6
20435,2021,7,1,4,16,3,2,10,1003,99,1,62,11,11,13,95,6
20436,2021,7,2,5,13,3,2,11,1101,99,2,36,6,6,8,104,6
20437,2021,7,2,5,8,2,1,10,1016,99,2,23,3,3,5,104,6
20438,2021,7,2,5,17,3,2,10,1001,99,2,999,12,16,18,97,6
20439,2021,7,3,6,9,2,1,10,1009,99,1,27,4,4,6,95,6
20440,2021,7,3,6,11,2,1,10,1019,99,1,64,11,11,13,104,6
20441,2021,7,3,6,12,3,2,10,1001,99,2,31,5,5,7,104,6
20442,2021,7,3,6,14,3,2,10,1010,99,1,21,3,3,5,97,6
20443,2021,7,3,6,18,4,3,10,1001,99,1,34,5,5,7,104,6
20444,2021,7,3,6,21,4,3,10,1019,99,1,39,6,6,8,104,6
20445,2021,7,5,1,16,3,2,11,1102,99,1,28,4,4,6,97,6
20446,2021,7,5,1,18,4,3,10,1008,99,2,37,6,6,8,99,6
20447,2021,7,5,1,19,4,3,10,1013,99,2,21,3,3,5,97,6
20448,2021,7,9,5,14,3,2,10,1021,99,2,34,5,5,7,97,6
20449,2021,7,9,5,11,2,1,10,1016,99,1,16,2,2,4,104,6
20450,2021,7,9,5,10,2,1,11,1109,99,1,999,12,16,18,95,6
20451,2021,7,9,5,13,3,2,11,1106,99,1,30,5,5,7,104,6
20452,2021,7,9,5,15,3,2,11,1108,99,2,29,4,4,6,104,6
20453,2021,7,9,5,12,3,2,10,1001,99,1,999,12,16,18,95,6
20454,2021,7,9,5,16,3,2,11,1108,99,1,49,8,8,10,104,6
20455,2021,7,9,5,12,3,2,11,1104,99,1,27,4,4,6,104,6
20456,2021,7,11,7,13,3,2,11,1101,99,2,30,5,5,7,97,6
20457,2021,7,11,7,10,2,1,10,1016,99,1,42,7,7,9,97,6
20458,2021,7,11,7,18,4,3,10,1020,99,2,31,5,5,7,97,6
20459,2021,7,13,2,9,2,1,10,1016,99,1,23,3,3,5,104,6
20460,2021,7,14,3,10,2,1,11,1101,99,1,30,5,5,7,104,6
20461,2021,7,14,3,11,2,1,10,1015,99,1,33,5,5,7,104,6
20462,2021,7,14,3,14,3,2,10,1002,99,1,28,4,4,6,104,6
20463,2021,7,15,4,9,2,1,10,1001,99,2,999,12,16,18,104,6
20464,2021,7,15,4,14,3,2,10,1001,99,1,35,6,6,8,97,6
20465,2021,7,15,4,14,3,2,11,1101,99,2,36,6,6,8,104,6
20466,2021,7,15,4,12,3,2,11,1109,99,1,33,5,5,7,95,6
20467,2021,7,15,4,15,3,2,11,1108,99,1,60,11,11,13,104,6
20468,2021,7,15,4,15,3,2,10,1001,99,2,36,6,6,8,97,6
20469,2021,7,15,4,16,3,2,10,1010,99,2,27,4,4,6,104,6
20470,2021,7,15,4,10,2,1,10,1001,99,1,999,12,16,18,97,6
20471,2021,7,15,4,9,2,1,10,1021,99,2,999,12,16,18,104,6
20472,2021,7,15,4,15,3,2,10,1001,99,1,999,12,16,18,97,6
20473,2021,7,15,4,18,4,3,10,1011,99,1,74,11,13,15,104,6
20474,2021,7,16,5,13,3,2,10,1014,99,1,57,10,10,12,97,6
20475,2021,7,16,5,13,3,2,11,1105,99,2,36,6,6,8,104,6
20476,2021,7,16,5,17,3,2,11,1105,99,1,44,7,7,9,104,6
20477,2021,7,17,6,11,2,1,11,1109,99,2,22,3,3,5,97,6
20478,2021,7,17,6,8,2,1,10,1013,99,1,62,11,11,13,95,6
20479,2021,7,18,7,7,2,1,10,1001,99,1,39,6,6,8,97,6
20480,2021,7,18,7,17,3,2,10,1002,99,1,45,8,8,10,104,6
20481,2021,7,19,1,16,3,2,11,1107,99,2,21,3,3,5,104,6
20482,2021,7,19,1,18,4,3,10,1004,99,1,62,11,11,13,97,6
20483,2021,7,20,2,10,2,1,10,1020,99,1,23,3,3,5,97,6
20484,2021,7,20,2,8,2,1,10,1002,99,1,27,4,4,6,97,6
20485,2021,7,21,3,99,5,4,10,1009,99,2,28,4,4,6,104,6
20486,2021,7,22,4,7,2,1,10,1017,99,2,31,5,5,7,97,6
20487,2021,7,23,5,9,2,1,10,1020,99,2,23,3,3,5,104,6
20488,2021,7,23,5,16,3,2,11,1102,99,1,35,6,6,8,104,6
20489,2021,7,23,5,10,2,1,10,1020,99,1,55,10,10,12,104,6
20490,2021,7,23,5,10,2,1,11,1106,99,1,25,4,4,6,104,6
20491,2021,7,23,5,17,3,2,11,1101,99,1,34,5,5,7,104,6
20492,2021,7,23,5,11,2,1,11,1101,99,2,35,6,6,8,104,6
20493,2021,7,23,5,10,2,1,11,1101,99,1,33,5,5,7,104,6
20494,2021,7,23,5,11,2,1,11,1108,99,1,34,5,5,7,104,6
20495,2021,7,24,6,20,4,3,11,1102,99,1,34,5,5,7,97,6
20496,2021,7,24,6,18,4,3,10,1020,99,2,36,6,6,8,104,6
20497,2021,7,24,6,17,3,2,11,1106,99,2,41,7,7,9,104,6
20498,2021,7,24,6,17,3,2,11,1101,99,1,43,7,7,9,104,6
20499,2021,7,25,7,11,2,1,10,1017,99,1,30,5,5,7,104,6
20500,2021,7,25,7,12,3,2,10,1001,99,1,41,7,7,9,104,6
20501,2021,7,26,1,14,3,2,10,1010,99,1,30,5,5,7,104,6
20502,2021,7,26,1,10,2,1,11,1101,99,2,23,3,3,5,97,6
20503,2021,7,26,1,11,2,1,10,1004,99,1,44,7,7,9,104,6
20504,2021,7,26,1,14,3,2,10,1004,99,1,39,6,6,8,104,6
20505,2021,7,26,1,8,2,1,11,1102,99,2,26,4,4,6,104,6
20506,2021,7,26,1,17,3,2,11,1101,99,2,34,5,5,7,104,6
20507,2021,7,26,1,12,3,2,10,1020,99,2,37,6,6,8,104,6
20508,2021,7,26,1,15,3,2,10,1013,99,1,34,5,5,7,104,6
20509,2021,7,27,2,8,2,1,11,1106,99,1,20,3,3,5,104,6
20510,2021,7,27,2,14,3,2,10,1011,99,2,28,4,4,6,97,6
20511,2021,7,28,3,11,2,1,11,1102,99,2,49,8,8,10,104,6
20512,2021,7,28,3,15,3,2,10,1009,99,2,38,6,6,8,104,6
20513,2021,7,30,5,18,4,3,10,1002,99,1,23,3,3,5,104,6
20514,2021,7,30,5,18,4,3,10,1002,99,2,39,6,6,8,104,6
20515,2021,7,30,5,19,4,3,10,1013,99,1,43,7,7,9,104,6
20516,2021,7,1,4,11,2,1,4,411,99,2,36,6,6,8,97,6
20517,2021,7,1,4,13,3,2,4,406,99,2,35,6,6,8,97,6
20518,2021,7,5,1,13,3,2,4,403,99,1,25,4,4,6,104,6
20519,2021,7,6,2,9,2,1,4,404,99,1,38,6,6,8,104,6
20520,2021,7,6,2,15,3,2,4,405,99,1,33,5,5,7,97,6
20521,2021,7,7,3,18,4,3,4,401,99,1,25,4,4,6,104,6
20522,2021,7,8,4,18,4,3,4,403,99,2,43,7,7,9,104,6
20523,2021,7,8,4,20,4,3,4,401,99,2,44,7,7,9,104,6
20524,2021,7,11,7,20,4,3,4,401,99,1,23,3,3,5,104,6
20525,2021,7,12,1,18,4,3,4,406,99,1,43,7,7,9,97,6
20526,2021,7,12,1,22,4,3,4,401,99,2,29,4,4,6,97,6
20527,2021,7,12,1,22,4,3,4,401,99,1,53,9,9,11,104,6
20528,2021,7,12,1,22,4,3,4,401,99,2,37,6,6,8,104,6
20529,2021,7,13,2,11,2,1,4,416,99,1,21,3,3,5,104,6
20530,2021,7,16,5,11,2,1,4,412,99,2,33,5,5,7,97,6
20531,2021,7,16,5,15,3,2,4,415,99,1,25,4,4,6,97,6
20532,2021,7,16,5,9,2,1,3,309,99,1,42,7,7,9,97,6
20533,2021,7,22,4,21,4,3,4,403,99,1,29,4,4,6,104,6
20534,2021,7,22,4,21,4,3,4,401,99,1,28,4,4,6,97,6
20535,2021,7,22,4,21,4,3,4,409,99,1,37,6,6,8,104,6
20536,2021,7,23,5,17,3,2,4,416,99,2,24,3,3,5,104,6
20537,2021,7,23,5,18,4,3,4,406,99,1,54,9,9,11,104,6
20538,2021,7,23,5,19,4,3,4,401,99,1,27,4,4,6,104,6
20539,2021,7,24,6,12,3,2,4,401,99,1,28,4,4,6,97,6
20540,2021,7,25,7,21,4,3,3,304,99,1,20,3,3,5,97,6
20541,2021,7,27,2,13,3,2,4,409,99,2,32,5,5,7,104,6
20542,2021,7,28,3,11,2,1,4,401,99,1,34,5,5,7,97,6
20543,2021,7,28,3,13,3,2,4,410,99,1,31,5,5,7,104,6
20544,2021,7,28,3,15,3,2,4,406,99,2,43,7,7,9,104,6
20545,2021,7,28,3,16,3,2,4,413,99,2,43,7,7,9,97,6
20546,2021,7,28,3,12,3,2,4,401,99,2,24,3,3,5,97,6
20547,2021,7,29,4,9,2,1,4,410,99,1,33,5,5,7,97,6
20548,2021,7,29,4,16,3,2,4,414,99,1,30,5,5,7,104,6
20549,2021,7,30,5,8,2,1,3,306,99,1,38,6,6,8,97,6
20550,2021,7,1,4,11,2,1,22,2204,99,1,42,7,7,9,104,6
20551,2021,7,4,7,10,2,1,22,2203,99,1,25,4,4,6,97,6
20552,2021,7,5,1,12,3,2,22,2212,99,2,25,4,4,6,104,6
20553,2021,7,6,2,9,2,1,22,2210,99,1,32,5,5,7,104,6
20554,2021,7,6,2,15,3,2,22,2201,99,1,29,4,4,6,104,6
20555,2021,7,6,2,18,4,3,22,2202,99,1,52,9,9,11,104,6
20556,2021,7,8,4,10,2,1,22,2214,99,1,24,3,3,5,104,6
20557,2021,7,8,4,13,3,2,22,2201,99,1,47,8,8,10,95,6
20558,2021,7,9,5,17,3,2,22,2204,99,1,38,6,6,8,104,6
20559,2021,7,9,5,21,4,3,22,2212,99,2,43,7,7,9,104,6
20560,2021,7,10,6,9,2,1,22,2211,99,2,32,5,5,7,104,6
20561,2021,7,10,6,16,3,2,22,2207,99,2,24,3,3,5,104,6
20562,2021,7,11,7,12,3,2,22,2203,99,2,38,6,6,8,97,6
20563,2021,7,12,1,11,2,1,22,2214,99,2,50,9,9,11,104,6
20564,2021,7,12,1,12,3,2,22,2208,99,1,47,8,8,10,104,6
20565,2021,7,12,1,12,3,2,22,2201,99,1,999,12,16,18,104,6
20566,2021,7,12,1,12,3,2,22,2204,99,1,40,7,7,9,104,6
20567,2021,7,12,1,15,3,2,22,2204,99,1,19,2,2,4,104,6
20568,2021,7,12,1,20,4,3,22,2204,99,1,47,8,8,10,104,6
20569,2021,7,13,2,14,3,2,22,2203,99,2,42,7,7,9,104,6
20570,2021,7,13,2,20,4,3,22,2201,99,2,24,3,3,5,104,6
20571,2021,7,14,3,9,2,1,22,2207,99,1,33,5,5,7,104,6
20572,2021,7,15,4,15,3,2,22,2202,99,2,29,4,4,6,104,6
20573,2021,7,15,4,16,3,2,22,2205,99,1,28,4,4,6,104,6
20574,2021,7,15,4,8,2,1,22,2205,99,1,45,8,8,10,104,6
20575,2021,7,15,4,13,3,2,22,2211,99,1,28,4,4,6,104,6
20576,2021,7,15,4,15,3,2,22,2205,99,2,41,7,7,9,104,6
20577,2021,7,15,4,15,3,2,22,2212,99,1,48,8,8,10,104,6
20578,2021,7,15,4,12,3,2,22,2202,99,2,55,10,10,12,104,6
20579,2021,7,19,1,15,3,2,22,2205,99,1,24,3,3,5,104,6
20580,2021,7,19,1,13,3,2,22,2212,99,2,28,4,4,6,104,6
20581,2021,7,20,2,14,3,2,22,2203,99,2,19,2,2,4,104,6
20582,2021,7,20,2,11,2,1,22,2214,99,2,40,7,7,9,104,6
20583,2021,7,20,2,12,3,2,22,2217,99,1,26,4,4,6,104,6
20584,2021,7,20,2,14,3,2,22,2203,99,1,31,5,5,7,104,6
20585,2021,7,20,2,21,4,3,22,2214,99,1,24,3,3,5,104,6
20586,2021,7,20,2,20,4,3,22,2214,99,1,29,4,4,6,104,6
20587,2021,7,22,4,12,3,2,22,2205,99,2,39,6,6,8,104,6
20588,2021,7,22,4,16,3,2,22,2202,99,2,29,4,4,6,104,6
20589,2021,7,23,5,14,3,2,22,2206,99,1,28,4,4,6,104,6
20590,2021,7,24,6,14,3,2,22,2201,99,1,32,5,5,7,97,6
20591,2021,7,24,6,16,3,2,22,2204,99,1,54,9,9,11,104,6
20592,2021,7,26,1,16,3,2,22,2207,99,1,32,5,5,7,104,6
20593,2021,7,27,2,15,3,2,22,2202,99,1,38,6,6,8,99,6
20594,2021,7,28,3,9,2,1,22,2203,99,1,39,6,6,8,104,6
20595,2021,7,28,3,10,2,1,22,2201,99,1,34,5,5,7,104,6
20596,2021,7,28,3,10,2,1,22,2214,99,1,24,3,3,5,104,6
20597,2021,7,28,3,13,3,2,22,2201,99,2,38,6,6,8,104,6
20598,2021,7,28,3,10,2,1,22,2205,99,1,42,7,7,9,104,6
20599,2021,7,28,3,11,2,1,22,2205,99,2,35,6,6,8,104,6
20600,2021,7,29,4,12,3,2,22,2214,99,1,29,4,4,6,104,6
20601,2021,7,30,5,23,4,3,22,2214,99,1,20,3,3,5,104,6
20602,2021,7,30,5,13,3,2,22,2201,99,1,999,12,16,18,97,6
20603,2021,7,31,6,15,3,2,22,2201,99,2,23,3,3,5,104,6
20604,2021,7,1,4,14,3,2,5,509,99,1,59,10,10,12,97,6
20605,2021,7,1,4,14,3,2,5,512,99,1,42,7,7,9,104,6
20606,2021,7,2,5,12,3,2,5,514,99,2,42,7,7,9,97,6
20607,2021,7,2,5,16,3,2,5,501,99,2,39,6,6,8,104,6
20608,2021,7,2,5,19,4,3,5,505,99,1,53,9,9,11,104,6
20609,2021,7,2,5,20,4,3,5,506,99,2,49,8,8,10,97,6
20610,2021,7,5,1,10,2,1,5,511,99,2,30,5,5,7,97,6
20611,2021,7,5,1,11,2,1,5,513,99,1,29,4,4,6,97,6
20612,2021,7,5,1,14,3,2,5,511,99,1,30,5,5,7,104,6
20613,2021,7,5,1,15,3,2,5,513,99,1,48,8,8,10,104,6
20614,2021,7,5,1,16,3,2,5,501,99,2,30,5,5,7,97,6
20615,2021,7,6,2,9,2,1,5,501,99,1,29,4,4,6,104,6
20616,2021,7,6,2,17,3,2,5,502,99,1,36,6,6,8,97,6
20617,2021,7,6,2,20,4,3,5,511,99,2,33,5,5,7,104,6
20618,2021,7,7,3,9,2,1,5,501,99,1,45,8,8,10,97,6
20619,2021,7,7,3,16,3,2,5,502,99,1,56,10,10,12,104,6
20620,2021,7,7,3,17,3,2,5,502,99,1,31,5,5,7,104,6
20621,2021,7,8,4,6,2,1,5,502,99,2,35,6,6,8,104,6
20622,2021,7,8,4,12,3,2,5,501,99,2,23,3,3,5,104,6
20623,2021,7,8,4,17,3,2,5,502,99,1,26,4,4,6,104,6
20624,2021,7,8,4,20,4,3,1,108,99,2,50,9,9,11,97,6
20625,2021,7,9,5,9,2,1,5,501,99,2,44,7,7,9,104,6
20626,2021,7,9,5,12,3,2,5,502,99,1,18,2,2,4,97,6
20627,2021,7,9,5,12,3,2,5,502,99,2,43,7,7,9,104,6
20628,2021,7,9,5,14,3,2,5,506,99,2,40,7,7,9,104,6
20629,2021,7,9,5,22,4,3,5,512,99,1,25,4,4,6,104,6
20630,2021,7,10,6,11,2,1,5,505,99,1,66,11,12,14,104,6
20631,2021,7,10,6,12,3,2,5,506,99,1,50,9,9,11,104,6
20632,2021,7,10,6,15,3,2,5,511,99,2,38,6,6,8,104,6
20633,2021,7,10,6,16,3,2,5,501,99,1,33,5,5,7,104,6
20634,2021,7,10,6,17,3,2,5,505,99,2,45,8,8,10,97,6
20635,2021,7,10,6,19,4,3,5,502,99,1,63,11,11,13,97,6
20636,2021,7,12,1,16,3,2,5,509,99,1,54,9,9,11,104,6
20637,2021,7,12,1,20,4,3,5,513,99,2,34,5,5,7,104,6
20638,2021,7,13,2,9,2,1,5,503,99,1,32,5,5,7,104,6
20639,2021,7,13,2,10,2,1,5,509,99,2,26,4,4,6,104,6
20640,2021,7,13,2,11,2,1,5,501,99,1,55,10,10,12,104,6
20641,2021,7,13,2,17,3,2,5,502,99,1,24,3,3,5,104,6
20642,2021,7,13,2,17,3,2,5,502,99,2,21,3,3,5,104,6
20643,2021,7,13,2,17,3,2,5,502,99,1,18,2,2,4,104,6
20644,2021,7,13,2,17,3,2,5,502,99,1,52,9,9,11,104,6
20645,2021,7,13,2,23,4,3,5,506,99,1,23,3,3,5,104,6
20646,2021,7,14,3,9,2,1,5,502,99,1,20,3,3,5,104,6
20647,2021,7,14,3,10,2,1,5,501,99,2,28,4,4,6,97,6
20648,2021,7,14,3,10,2,1,5,513,99,2,27,4,4,6,104,6
20649,2021,7,14,3,11,2,1,5,501,99,1,40,7,7,9,97,6
20650,2021,7,14,3,15,3,2,5,513,99,1,54,9,9,11,97,6
20651,2021,7,14,3,16,3,2,5,506,99,1,27,4,4,6,104,6
20652,2021,7,15,4,12,3,2,5,513,99,2,21,3,3,5,104,6
20653,2021,7,15,4,12,3,2,5,513,99,1,27,4,4,6,104,6
20654,2021,7,15,4,15,3,2,5,510,99,1,44,7,7,9,104,6
20655,2021,7,15,4,15,3,2,5,506,99,1,27,4,4,6,104,6
20656,2021,7,15,4,17,3,2,5,501,99,2,36,6,6,8,104,6
20657,2021,7,15,4,17,3,2,5,512,99,1,31,5,5,7,97,6
20658,2021,7,16,5,13,3,2,5,501,99,1,47,8,8,10,104,6
20659,2021,7,16,5,16,3,2,5,511,99,1,23,3,3,5,97,6
20660,2021,7,16,5,18,4,3,5,501,99,1,38,6,6,8,104,6
20661,2021,7,17,6,11,2,1,5,505,99,1,32,5,5,7,104,6
20662,2021,7,17,6,12,3,2,5,513,99,1,47,8,8,10,104,6
20663,2021,7,17,6,13,3,2,5,502,99,1,39,6,6,8,95,6
20664,2021,7,17,6,18,4,3,5,506,99,1,33,5,5,7,104,6
20665,2021,7,17,6,18,4,3,5,506,99,1,26,4,4,6,104,6
20666,2021,7,18,7,12,3,2,5,506,99,2,48,8,8,10,104,6
20667,2021,7,18,7,15,3,2,5,509,99,1,26,4,4,6,104,6
20668,2021,7,19,1,16,3,2,5,513,99,1,63,11,11,13,104,6
20669,2021,7,19,1,16,3,2,5,506,99,2,54,9,9,11,104,6
20670,2021,7,19,1,16,3,2,5,501,99,1,40,7,7,9,97,6
20671,2021,7,20,2,16,3,2,5,514,99,2,23,3,3,5,104,6
20672,2021,7,21,3,11,2,1,5,505,99,1,28,4,4,6,104,6
20673,2021,7,21,3,12,3,2,5,501,99,1,19,2,2,4,104,6
20674,2021,7,21,3,17,3,2,5,509,99,2,21,3,3,5,104,6
20675,2021,7,22,4,13,3,2,5,501,99,1,30,5,5,7,104,6
20676,2021,7,22,4,13,3,2,5,501,99,1,41,7,7,9,104,6
20677,2021,7,22,4,13,3,2,5,511,99,2,49,8,8,10,104,6
20678,2021,7,22,4,15,3,2,5,505,99,1,28,4,4,6,104,6
20679,2021,7,23,5,11,2,1,5,501,99,1,39,6,6,8,104,6
20680,2021,7,23,5,12,3,2,5,509,99,1,40,7,7,9,104,6
20681,2021,7,23,5,14,3,2,5,502,99,1,33,5,5,7,104,6
20682,2021,7,23,5,15,3,2,5,502,99,1,33,5,5,7,104,6
20683,2021,7,23,5,15,3,2,5,506,99,2,31,5,5,7,104,6
20684,2021,7,23,5,16,3,2,5,501,99,2,33,5,5,7,97,6
20685,2021,7,23,5,17,3,2,5,501,99,2,34,5,5,7,97,6
20686,2021,7,23,5,19,4,3,5,512,99,2,35,6,6,8,104,6
20687,2021,7,24,6,11,2,1,5,509,99,1,27,4,4,6,104,6
20688,2021,7,24,6,14,3,2,5,511,99,1,35,6,6,8,97,6
20689,2021,7,24,6,15,3,2,5,506,99,1,31,5,5,7,104,6
20690,2021,7,24,6,18,4,3,5,501,99,1,22,3,3,5,104,6
20691,2021,7,24,6,19,4,3,5,501,99,1,29,4,4,6,97,6
20692,2021,7,24,6,20,4,3,5,501,99,1,26,4,4,6,104,6
20693,2021,7,27,2,10,2,1,5,511,99,1,23,3,3,5,104,6
20694,2021,7,27,2,12,3,2,5,502,99,1,45,8,8,10,104,6
20695,2021,7,27,2,12,3,2,5,502,99,1,27,4,4,6,104,6
20696,2021,7,27,2,12,3,2,5,502,99,1,23,3,3,5,104,6
20697,2021,7,27,2,12,3,2,5,513,99,1,32,5,5,7,104,6
20698,2021,7,27,2,12,3,2,5,501,99,1,29,4,4,6,97,6
20699,2021,7,27,2,12,3,2,5,501,99,1,39,6,6,8,104,6
20700,2021,7,28,3,15,3,2,5,502,99,1,56,10,10,12,104,6
20701,2021,7,28,3,19,4,3,5,509,99,2,65,11,12,14,104,6
20702,2021,7,29,4,9,2,1,5,511,99,1,43,7,7,9,97,6
20703,2021,7,29,4,14,3,2,5,502,99,2,57,10,10,12,104,6
20704,2021,7,29,4,14,3,2,5,513,99,2,28,4,4,6,97,6
20705,2021,7,29,4,14,3,2,5,513,99,1,29,4,4,6,104,6
20706,2021,7,30,5,18,4,3,5,506,99,2,33,5,5,7,97,6
20707,2021,7,30,5,18,4,3,5,507,99,1,38,6,6,8,104,6
20708,2021,7,1,4,14,3,2,18,1801,99,2,43,7,7,9,104,6
20709,2021,7,4,7,9,2,1,18,1801,99,1,23,3,3,5,104,6
20710,2021,7,4,7,18,4,3,18,1801,99,2,50,9,9,11,104,6
20711,2021,7,5,1,16,3,2,18,1801,99,9,999,12,16,18,104,6
20712,2021,7,6,2,20,4,3,18,1801,99,2,20,3,3,5,104,6
20713,2021,7,6,2,20,4,3,18,1801,99,2,26,4,4,6,104,6
20714,2021,7,8,4,10,2,1,18,1801,99,2,999,12,16,18,104,6
20715,2021,7,8,4,9,2,1,18,1801,99,2,34,5,5,7,97,6
20716,2021,7,8,4,13,3,2,18,1801,99,1,52,9,9,11,97,6
20717,2021,7,8,4,15,3,2,18,1801,99,2,33,5,5,7,104,6
20718,2021,7,8,4,16,3,2,18,1801,99,2,41,7,7,9,97,6
20719,2021,7,8,4,11,2,1,18,1801,99,2,24,3,3,5,97,6
20720,2021,7,9,5,16,3,2,18,1803,99,1,38,6,6,8,104,6
20721,2021,7,9,5,17,3,2,18,1804,99,1,20,3,3,5,104,6
20722,2021,7,10,6,19,4,3,18,1801,99,2,55,10,10,12,97,6
20723,2021,7,12,1,16,3,2,18,1802,99,1,31,5,5,7,104,6
20724,2021,7,12,1,16,3,2,18,1804,99,2,29,4,4,6,104,6
20725,2021,7,13,2,14,3,2,18,1801,99,2,23,3,3,5,97,6
20726,2021,7,13,2,9,2,1,18,1801,99,2,28,4,4,6,104,6
20727,2021,7,13,2,11,2,1,18,1801,99,1,999,12,16,18,97,6
20728,2021,7,14,3,9,2,1,18,1801,99,9,999,12,16,18,104,6
20729,2021,7,14,3,20,4,3,18,1802,99,2,31,5,5,7,104,6
20730,2021,7,15,4,18,4,3,18,1801,99,1,55,10,10,12,97,6
20731,2021,7,19,1,13,3,2,18,1805,99,1,37,6,6,8,97,6
20732,2021,7,20,2,9,2,1,18,1801,99,1,45,8,8,10,97,6
20733,2021,7,20,2,15,3,2,18,1804,99,1,31,5,5,7,104,6
20734,2021,7,21,3,11,2,1,18,1801,99,2,23,3,3,5,104,6
20735,2021,7,21,3,15,3,2,18,1804,99,1,25,4,4,6,99,6
20736,2021,7,22,4,11,2,1,18,1805,99,1,57,10,10,12,104,6
20737,2021,7,26,1,11,2,1,18,1805,99,2,61,11,11,13,104,6
20738,2021,7,27,2,11,2,1,18,1801,99,2,40,7,7,9,104,6
20739,2021,7,28,3,10,2,1,18,1801,99,1,34,5,5,7,104,6
20740,2021,7,30,5,12,3,2,18,1801,99,1,28,4,4,6,104,6
20741,2021,7,30,5,13,3,2,19,1903,99,2,44,7,7,9,104,6
20742,2021,7,1,4,12,3,2,6,602,99,2,38,6,6,8,97,6
20743,2021,7,2,5,12,3,2,6,608,99,1,22,3,3,5,104,6
20744,2021,7,6,2,12,3,2,6,608,99,1,72,11,13,15,104,6
20745,2021,7,6,2,15,3,2,6,613,99,2,30,5,5,7,97,6
20746,2021,7,6,2,19,4,3,6,608,99,1,23,3,3,5,104,6
20747,2021,7,7,3,12,3,2,6,608,99,2,22,3,3,5,97,6
20748,2021,7,8,4,8,2,1,6,608,99,2,21,3,3,5,104,6
20749,2021,7,8,4,11,2,1,6,603,99,1,33,5,5,7,104,6
20750,2021,7,9,5,20,4,3,6,612,99,2,32,5,5,7,104,6
20751,2021,7,12,1,10,2,1,6,602,99,1,20,3,3,5,104,6
20752,2021,7,13,2,11,2,1,6,602,99,2,40,7,7,9,104,6
20753,2021,7,13,2,13,3,2,6,608,99,1,41,7,7,9,104,6
20754,2021,7,14,3,11,2,1,6,603,99,1,44,7,7,9,104,6
20755,2021,7,14,3,12,3,2,6,603,99,2,31,5,5,7,104,6
20756,2021,7,15,4,12,3,2,6,608,99,2,32,5,5,7,104,6
20757,2021,7,15,4,15,3,2,6,608,99,1,32,5,5,7,104,6
20758,2021,7,18,7,16,3,2,6,612,99,2,20,3,3,5,97,6
20759,2021,7,20,2,17,3,2,6,614,99,2,36,6,6,8,104,6
20760,2021,7,20,2,20,4,3,6,601,99,1,28,4,4,6,104,6
20761,2021,7,20,2,20,4,3,6,602,99,1,28,4,4,6,97,6
20762,2021,7,21,3,13,3,2,6,612,99,1,24,3,3,5,97,6
20763,2021,7,21,3,22,4,3,6,601,99,2,999,12,16,18,104,6
20764,2021,7,22,4,13,3,2,6,612,99,2,30,5,5,7,104,6
20765,2021,7,22,4,14,3,2,6,608,99,1,22,3,3,5,104,6
20766,2021,7,22,4,15,3,2,6,614,99,1,44,7,7,9,104,6
20767,2021,7,22,4,17,3,2,6,602,99,1,25,4,4,6,97,6
20768,2021,7,22,4,18,4,3,6,602,99,1,22,3,3,5,97,6
20769,2021,7,23,5,9,2,1,6,607,99,2,33,5,5,7,104,6
20770,2021,7,24,6,10,2,1,6,601,99,2,36,6,6,8,104,6
20771,2021,7,24,6,13,3,2,6,602,99,2,49,8,8,10,97,6
20772,2021,7,26,1,15,3,2,6,614,99,2,35,6,6,8,104,6
20773,2021,7,26,1,15,3,2,6,606,99,1,37,6,6,8,104,6
20774,2021,7,27,2,8,2,1,6,609,99,1,41,7,7,9,104,6
20775,2021,7,27,2,12,3,2,6,608,99,1,65,11,12,14,104,6
20776,2021,7,28,3,12,3,2,22,2214,99,1,24,3,3,5,104,6
20777,2021,7,28,3,13,3,2,6,608,99,2,25,4,4,6,104,6
20778,2021,7,28,3,16,3,2,6,601,99,1,30,5,5,7,97,6
20779,2021,7,28,3,16,3,2,6,609,99,2,34,5,5,7,104,6
20780,2021,7,29,4,11,2,1,6,602,99,2,42,7,7,9,104,6
20781,2021,7,29,4,15,3,2,6,608,99,1,31,5,5,7,104,6
20782,2021,7,29,4,17,3,2,6,602,99,1,28,4,4,6,97,6
20783,2021,7,30,5,15,3,2,6,608,99,2,34,5,5,7,104,6
20784,2021,7,30,5,16,3,2,6,609,99,1,31,5,5,7,104,6
20785,2021,7,30,5,17,3,2,6,610,99,2,29,4,4,6,97,6
20786,2021,7,30,5,22,4,3,6,602,99,1,36,6,6,8,104,6
20787,2021,7,31,6,15,3,2,6,608,99,2,17,2,2,4,104,6
20788,2021,7,31,6,20,4,3,6,601,99,2,22,3,3,5,97,6
20789,2021,7,31,6,20,4,3,6,601,99,2,58,10,10,12,104,6
20790,2021,7,1,4,16,3,2,1,115,99,2,25,4,4,6,104,6
20791,2021,7,1,4,22,4,3,1,117,99,1,20,3,3,5,104,6
20792,2021,7,2,5,10,2,1,1,115,99,1,33,5,5,7,99,6
20793,2021,7,3,6,9,2,1,1,115,99,1,23,3,3,5,97,6
20794,2021,7,3,6,15,3,2,1,116,99,1,34,5,5,7,97,6
20795,2021,7,3,6,17,3,2,1,115,99,1,19,2,2,4,97,6
20796,2021,7,3,6,18,4,3,1,114,99,1,23,3,3,5,97,6
20797,2021,7,4,7,21,4,3,1,115,99,2,25,4,4,6,104,6
20798,2021,7,4,7,1,1,1,1,114,99,1,28,4,4,6,97,6
20799,2021,7,5,1,11,2,1,1,115,99,1,27,4,4,6,104,6
20800,2021,7,5,1,15,3,2,1,114,99,2,32,5,5,7,104,6
20801,2021,7,6,2,21,4,3,1,116,99,2,51,9,9,11,104,6
20802,2021,7,6,2,13,3,2,1,115,99,1,37,6,6,8,97,6
20803,2021,7,6,2,16,3,2,1,115,99,1,47,8,8,10,95,6
20804,2021,7,6,2,15,3,2,1,114,99,2,47,8,8,10,97,6
20805,2021,7,6,2,16,3,2,1,115,99,1,39,6,6,8,99,6
20806,2021,7,6,2,9,2,1,10,1009,99,1,27,4,4,6,95,6
20807,2021,7,7,3,10,2,1,1,115,99,2,34,5,5,7,104,6
20808,2021,7,8,4,15,3,2,1,115,99,2,44,7,7,9,97,6
20809,2021,7,8,4,14,3,2,1,115,99,1,28,4,4,6,97,6
20810,2021,7,8,4,11,2,1,1,115,99,1,44,7,7,9,104,6
20811,2021,7,8,4,14,3,2,1,115,99,2,42,7,7,9,97,6
20812,2021,7,8,4,14,3,2,1,117,99,1,30,5,5,7,97,6
20813,2021,7,8,4,12,3,2,1,117,99,1,27,4,4,6,97,6
20814,2021,7,8,4,17,3,2,1,115,99,1,56,10,10,12,96,6
20815,2021,7,9,5,20,4,3,1,115,99,1,29,4,4,6,104,6
20816,2021,7,9,5,10,2,1,1,115,99,1,56,10,10,12,95,6
20817,2021,7,9,5,12,3,2,1,115,99,2,51,9,9,11,104,6
20818,2021,7,10,6,9,2,1,1,115,99,2,22,3,3,5,97,6
20819,2021,7,10,6,11,2,1,1,117,99,2,34,5,5,7,97,6
20820,2021,7,10,6,13,3,2,1,114,99,1,52,9,9,11,97,6
20821,2021,7,10,6,14,3,2,1,117,99,2,28,4,4,6,104,6
20822,2021,7,11,7,16,3,2,1,115,99,2,42,7,7,9,104,6
20823,2021,7,11,7,17,3,2,1,115,99,2,27,4,4,6,104,6
20824,2021,7,11,7,12,3,2,1,117,99,2,41,7,7,9,97,6
20825,2021,7,12,1,13,3,2,1,115,99,1,24,3,3,5,104,6
20826,2021,7,12,1,18,4,3,1,115,99,1,38,6,6,8,104,6
20827,2021,7,13,2,13,3,2,1,117,99,1,41,7,7,9,97,6
20828,2021,7,13,2,15,3,2,1,115,99,1,50,9,9,11,97,6
20829,2021,7,13,2,9,2,1,1,115,99,2,31,5,5,7,104,6
20830,2021,7,13,2,18,4,3,1,115,99,1,50,9,9,11,95,6
20831,2021,7,13,2,17,3,2,1,117,99,1,29,4,4,6,104,6
20832,2021,7,14,3,10,2,1,1,117,99,2,49,8,8,10,104,6
20833,2021,7,14,3,13,3,2,1,115,99,2,23,3,3,5,104,6
20834,2021,7,15,4,9,2,1,1,115,99,2,25,4,4,6,104,6
20835,2021,7,15,4,11,2,1,1,116,99,1,48,8,8,10,97,6
20836,2021,7,15,4,20,4,3,1,115,99,1,43,7,7,9,95,6
20837,2021,7,16,5,11,2,1,1,115,99,2,41,7,7,9,104,6
20838,2021,7,16,5,12,3,2,1,115,99,2,58,10,10,12,97,6
20839,2021,7,17,6,15,3,2,1,117,99,2,19,2,2,4,104,6
20840,2021,7,17,6,14,3,2,1,115,99,2,29,4,4,6,97,6
20841,2021,7,18,7,19,4,3,1,115,99,1,43,7,7,9,104,6
20842,2021,7,18,7,9,2,1,1,117,99,1,22,3,3,5,104,6
20843,2021,7,19,1,10,2,1,1,117,99,2,23,3,3,5,104,6
20844,2021,7,19,1,15,3,2,1,115,99,1,35,6,6,8,97,6
20845,2021,7,19,1,11,2,1,1,115,99,1,29,4,4,6,97,6
20846,2021,7,20,2,19,4,3,1,117,99,2,25,4,4,6,104,6
20847,2021,7,20,2,21,4,3,1,117,99,2,32,5,5,7,97,6
20848,2021,7,21,3,18,4,3,1,115,99,2,26,4,4,6,104,6
20849,2021,7,21,3,8,2,1,1,115,99,1,79,11,14,16,97,6
20850,2021,7,21,3,13,3,2,1,115,99,1,49,8,8,10,104,6
20851,2021,7,21,3,16,3,2,1,115,99,1,37,6,6,8,97,6
20852,2021,7,22,4,10,2,1,1,115,99,2,37,6,6,8,97,6
20853,2021,7,22,4,13,3,2,1,115,99,1,46,8,8,10,104,6
20854,2021,7,22,4,16,3,2,1,117,99,1,34,5,5,7,95,6
20855,2021,7,23,5,10,2,1,1,117,99,1,45,8,8,10,95,6
20856,2021,7,23,5,11,2,1,1,115,99,1,41,7,7,9,97,6
20857,2021,7,23,5,19,4,3,1,115,99,2,33,5,5,7,97,6
20858,2021,7,24,6,10,2,1,1,115,99,1,24,3,3,5,97,6
20859,2021,7,24,6,15,3,2,1,115,99,2,46,8,8,10,97,6
20860,2021,7,25,7,17,3,2,1,115,99,2,40,7,7,9,97,6
20861,2021,7,25,7,11,2,1,1,117,99,2,24,3,3,5,97,6
20862,2021,7,26,1,11,2,1,1,115,99,1,24,3,3,5,97,6
20863,2021,7,26,1,12,3,2,1,116,99,1,46,8,8,10,104,6
20864,2021,7,26,1,13,3,2,1,115,99,2,25,4,4,6,104,6
20865,2021,7,27,2,12,3,2,1,114,99,1,39,6,6,8,97,6
20866,2021,7,27,2,14,3,2,1,115,99,1,23,3,3,5,97,6
20867,2021,7,27,2,17,3,2,1,117,99,1,27,4,4,6,97,6
20868,2021,7,27,2,8,2,1,1,115,99,2,48,8,8,10,97,6
20869,2021,7,27,2,14,3,2,1,115,99,1,36,6,6,8,97,6
20870,2021,7,28,3,14,3,2,1,117,99,2,51,9,9,11,104,6
20871,2021,7,28,3,15,3,2,1,117,99,2,33,5,5,7,97,6
20872,2021,7,28,3,16,3,2,1,115,99,1,35,6,6,8,104,6
20873,2021,7,29,4,14,3,2,1,116,99,1,30,5,5,7,97,6
20874,2021,7,29,4,4,1,1,1,117,99,1,41,7,7,9,97,6
20875,2021,7,30,5,12,3,2,1,116,99,2,57,10,10,12,104,6
20876,2021,7,30,5,12,3,2,1,116,99,2,26,4,4,6,104,6
20877,2021,7,30,5,9,2,1,1,115,99,1,46,8,8,10,104,6
20878,2021,7,30,5,11,2,1,1,115,99,1,38,6,6,8,97,6
20879,2021,7,31,6,11,2,1,1,108,99,1,53,9,9,11,104,6
20880,2021,7,1,4,21,4,3,1,108,99,1,41,7,7,9,104,6
20881,2021,7,2,5,9,2,1,1,108,99,1,48,8,8,10,97,6
20882,2021,7,3,6,14,3,2,1,108,99,2,27,4,4,6,104,6
20883,2021,7,3,6,22,4,3,1,108,99,2,42,7,7,9,97,6
20884,2021,7,5,1,6,2,1,1,108,99,1,20,3,3,5,97,6
20885,2021,7,5,1,17,3,2,1,101,12,1,42,7,7,9,97,6
20886,2021,7,6,2,10,2,1,1,110,99,1,22,3,3,5,104,6
20887,2021,7,6,2,13,3,2,1,109,99,1,25,4,4,6,104,6
20888,2021,7,6,2,15,3,2,1,108,99,1,26,4,4,6,104,6
20889,2021,7,7,3,10,2,1,1,110,99,2,42,7,7,9,104,6
20890,2021,7,7,3,11,2,1,1,108,99,1,59,10,10,12,104,6
20891,2021,7,8,4,8,2,1,1,108,99,1,24,3,3,5,104,6
20892,2021,7,8,4,8,2,1,1,108,99,2,39,6,6,8,97,6
20893,2021,7,8,4,10,2,1,1,108,99,2,28,4,4,6,104,6
20894,2021,7,8,4,12,3,2,1,108,99,2,18,2,2,4,104,6
20895,2021,7,8,4,12,3,2,1,108,99,1,39,6,6,8,104,6
20896,2021,7,8,4,14,3,2,1,111,99,1,21,3,3,5,104,6
20897,2021,7,9,5,8,2,1,1,108,99,2,82,11,15,17,104,6
20898,2021,7,10,6,22,4,3,1,108,99,2,22,3,3,5,104,6
20899,2021,7,11,7,8,2,1,1,108,99,1,28,4,4,6,97,6
20900,2021,7,12,1,15,3,2,1,108,99,2,45,8,8,10,104,6
20901,2021,7,12,1,16,3,2,1,110,99,2,41,7,7,9,104,6
20902,2021,7,13,2,14,3,2,1,108,99,1,43,7,7,9,104,6
20903,2021,7,14,3,13,3,2,1,108,99,2,35,6,6,8,104,6
20904,2021,7,14,3,14,3,2,1,108,99,1,28,4,4,6,104,6
20905,2021,7,14,3,14,3,2,1,108,99,2,56,10,10,12,104,6
20906,2021,7,15,4,9,2,1,1,108,99,1,20,3,3,5,97,6
20907,2021,7,15,4,13,3,2,1,110,99,2,25,4,4,6,104,6
20908,2021,7,16,5,15,3,2,1,108,99,1,74,11,13,15,104,6
20909,2021,7,16,5,17,3,2,1,108,99,1,27,4,4,6,104,6
20910,2021,7,16,5,18,4,3,1,109,99,1,16,2,2,4,104,6
20911,2021,7,17,6,18,4,3,1,108,99,1,72,11,13,15,97,6
20912,2021,7,18,7,21,4,3,1,108,99,2,19,2,2,4,104,6
20913,2021,7,19,1,16,3,2,1,110,99,1,48,8,8,10,104,6
20914,2021,7,19,1,20,4,3,1,101,19,2,51,9,9,11,97,6
20915,2021,7,20,2,10,2,1,1,108,99,1,31,5,5,7,97,6
20916,2021,7,20,2,16,3,2,1,108,99,1,24,3,3,5,97,6
20917,2021,7,21,3,14,3,2,1,108,99,2,31,5,5,7,97,6
20918,2021,7,21,3,16,3,2,1,108,99,1,30,5,5,7,97,6
20919,2021,7,21,3,16,3,2,1,108,99,1,55,10,10,12,104,6
20920,2021,7,22,4,1,1,1,1,110,99,2,42,7,7,9,104,6
20921,2021,7,22,4,10,2,1,1,108,99,1,46,8,8,10,97,6
20922,2021,7,22,4,12,3,2,1,108,99,1,40,7,7,9,104,6
20923,2021,7,22,4,14,3,2,1,108,99,1,26,4,4,6,97,6
20924,2021,7,22,4,17,3,2,1,111,99,2,26,4,4,6,104,6
20925,2021,7,22,4,17,3,2,1,108,99,1,29,4,4,6,97,6
20926,2021,7,23,5,18,4,3,1,108,99,1,23,3,3,5,97,6
20927,2021,7,25,7,8,2,1,1,108,99,1,39,6,6,8,104,6
20928,2021,7,25,7,14,3,2,1,108,99,2,35,6,6,8,104,6
20929,2021,7,27,2,10,2,1,1,108,99,2,43,7,7,9,97,6
20930,2021,7,27,2,16,3,2,1,108,99,2,40,7,7,9,97,6
20931,2021,7,27,2,16,3,2,1,108,99,2,30,5,5,7,104,6
20932,2021,7,28,3,14,3,2,1,110,99,1,29,4,4,6,97,6
20933,2021,7,28,3,16,3,2,1,110,99,2,27,4,4,6,104,6
20934,2021,7,28,3,18,4,3,1,108,99,2,45,8,8,10,104,6
20935,2021,7,29,4,21,4,3,1,111,99,1,31,5,5,7,104,6
20936,2021,7,30,5,10,2,1,1,110,99,1,48,8,8,10,104,6
20937,2021,7,30,5,11,2,1,1,110,99,2,24,3,3,5,97,6
20938,2021,7,30,5,11,2,1,1,108,99,1,46,8,8,10,97,6
20939,2021,7,30,5,12,3,2,1,111,99,2,33,5,5,7,104,6
20940,2021,7,30,5,12,3,2,1,109,99,1,55,10,10,12,97,6
20941,2021,7,30,5,18,4,3,1,108,99,1,41,7,7,9,95,6
20942,2021,7,31,6,14,3,2,1,108,99,2,53,9,9,11,104,6
20943,2021,7,31,6,15,3,2,1,108,99,2,65,11,12,14,97,6
20944,2021,7,3,6,14,3,2,12,1212,99,1,34,5,5,7,104,6
20945,2021,7,4,7,11,2,1,9,920,99,2,34,5,5,7,97,6
20946,2021,7,4,7,16,3,2,9,920,99,1,39,6,6,8,104,6
20947,2021,7,5,1,10,2,1,9,920,99,1,44,7,7,9,97,6
20948,2021,7,5,1,15,3,2,9,920,99,2,31,5,5,7,97,6
20949,2021,7,5,1,18,4,3,9,920,99,2,56,10,10,12,104,6
20950,2021,7,7,3,12,3,2,9,920,99,2,22,3,3,5,97,6
20951,2021,7,7,3,12,3,2,9,920,99,1,31,5,5,7,104,6
20952,2021,7,7,3,12,3,2,9,920,99,1,21,3,3,5,104,6
20953,2021,7,9,5,20,4,3,9,920,99,1,32,5,5,7,104,6
20954,2021,7,9,5,20,4,3,9,920,99,2,26,4,4,6,104,6
20955,2021,7,10,6,9,2,1,9,920,99,2,21,3,3,5,104,6
20956,2021,7,11,7,20,4,3,9,920,99,1,34,5,5,7,97,6
20957,2021,7,12,1,17,3,2,9,920,99,1,40,7,7,9,97,6
20958,2021,7,13,2,16,3,2,9,920,99,1,27,4,4,6,104,6
20959,2021,7,14,3,14,3,2,9,920,99,2,30,5,5,7,104,6
20960,2021,7,14,3,14,3,2,9,920,99,2,27,4,4,6,104,6
20961,2021,7,14,3,16,3,2,9,917,99,2,23,3,3,5,104,6
20962,2021,7,14,3,16,3,2,9,920,99,2,21,3,3,5,97,6
20963,2021,7,16,5,12,3,2,12,1220,99,1,45,8,8,10,97,6
20964,2021,7,16,5,17,3,2,9,917,99,1,25,4,4,6,104,6
20965,2021,7,18,7,13,3,2,9,920,99,2,41,7,7,9,97,6
20966,2021,7,19,1,18,4,3,9,917,99,1,26,4,4,6,97,6
20967,2021,7,21,3,10,2,1,9,920,99,1,34,5,5,7,104,6
20968,2021,7,21,3,10,2,1,9,920,99,1,36,6,6,8,97,6
20969,2021,7,23,5,11,2,1,9,920,99,1,32,5,5,7,97,6
20970,2021,7,26,1,11,2,1,9,920,99,1,44,7,7,9,97,6
20971,2021,7,26,1,16,3,2,12,1222,99,2,42,7,7,9,95,6
20972,2021,7,27,2,10,2,1,12,1225,99,1,33,5,5,7,104,6
20973,2021,7,27,2,10,2,1,9,920,99,1,27,4,4,6,104,6
20974,2021,7,27,2,11,2,1,9,920,99,1,25,4,4,6,97,6
20975,2021,7,27,2,12,3,2,9,920,99,1,31,5,5,7,97,6
20976,2021,7,28,3,13,3,2,9,920,99,2,30,5,5,7,104,6
20977,2021,7,30,5,9,2,1,9,920,99,2,999,12,16,18,97,6
20978,2021,7,30,5,18,4,3,9,920,99,2,31,5,5,7,104,6
20979,2021,8,1,7,14,3,2,20,2001,99,1,33,5,5,7,74,6
20980,2021,8,1,7,20,4,3,19,1901,99,2,21,3,3,5,104,6
20981,2021,8,2,1,11,2,1,1,117,99,2,31,5,5,7,104,6
20982,2021,8,2,1,17,3,2,14,1416,99,2,25,4,4,6,74,6
20983,2021,8,3,2,13,3,2,14,1413,99,1,55,10,10,12,74,6
20984,2021,8,3,2,13,3,2,3,310,99,2,46,8,8,10,74,6
20985,2021,8,4,3,10,2,1,14,1401,99,2,42,7,7,9,74,6
20986,2021,8,4,3,15,3,2,3,301,99,2,24,3,3,5,74,6
20987,2021,8,5,4,14,3,2,20,2004,99,2,25,4,4,6,74,6
20988,2021,8,5,4,12,3,2,1,115,99,2,30,5,5,7,74,6
20989,2021,8,5,4,10,2,1,12,1206,99,1,35,6,6,8,97,6
20990,2021,8,5,4,10,2,1,12,1204,99,1,999,12,16,18,104,6
20991,2021,8,5,4,9,2,1,7,704,99,1,45,8,8,10,104,6
20992,2021,8,5,4,17,3,2,1,114,99,1,23,3,3,5,97,6
20993,2021,8,5,4,13,3,2,13,1301,99,1,24,3,3,5,74,6
20994,2021,8,6,5,16,3,2,14,1416,99,2,32,5,5,7,74,6
20995,2021,8,6,5,18,4,3,14,1408,99,1,26,4,4,6,74,6
20996,2021,8,6,5,15,3,2,3,306,99,2,22,3,3,5,74,6
20997,2021,8,6,5,14,3,2,12,1211,99,1,24,3,3,5,97,6
20998,2021,8,7,6,10,2,1,1,108,99,2,999,12,16,18,97,6
20999,2021,8,7,6,16,3,2,1,108,99,2,32,5,5,7,97,6
21000,2021,8,7,6,11,2,1,13,1327,99,2,32,5,5,7,74,6
21001,2021,8,7,6,18,4,3,13,1301,99,1,34,5,5,7,74,6
21002,2021,8,8,7,15,3,2,3,312,99,1,35,6,6,8,74,6
21003,2021,8,8,7,13,3,2,3,306,99,1,28,4,4,6,74,6
21004,2021,8,9,1,13,3,2,14,1401,99,1,22,3,3,5,74,6
21005,2021,8,9,1,15,3,2,14,1413,99,2,49,8,8,10,74,6
21006,2021,8,9,1,17,3,2,14,1412,99,1,32,5,5,7,74,6
21007,2021,8,9,1,12,3,2,3,312,99,1,58,10,10,12,74,6
21008,2021,8,9,1,2,1,1,1,117,99,2,36,6,6,8,104,6
21009,2021,8,9,1,15,3,2,13,1301,99,1,999,12,16,18,74,6
21010,2021,8,9,1,15,3,2,1,115,99,1,999,12,16,18,95,6
21011,2021,8,9,1,18,4,3,1,114,99,2,20,3,3,5,104,6
21012,2021,8,9,1,99,5,4,1,108,99,2,51,9,9,11,104,6
21013,2021,8,10,2,10,2,1,20,2001,99,1,24,3,3,5,97,6
21014,2021,8,10,2,9,2,1,14,1415,99,2,30,5,5,7,74,6
21015,2021,8,10,2,18,4,3,14,1410,99,1,27,4,4,6,74,6
21016,2021,8,10,2,15,3,2,12,1213,99,1,41,7,7,9,104,6
21017,2021,8,10,2,11,2,1,12,1210,99,1,35,6,6,8,104,6
21018,2021,8,10,2,12,3,2,12,1223,99,1,20,3,3,5,104,6
21019,2021,8,10,2,12,3,2,12,1223,99,2,29,4,4,6,104,6
21020,2021,8,10,2,20,4,3,7,704,99,1,47,8,8,10,104,6
21021,2021,8,10,2,13,3,2,1,114,99,1,37,6,6,8,97,6
21022,2021,8,10,2,12,3,2,1,117,99,2,56,10,10,12,97,6
21023,2021,8,10,2,12,3,2,1,115,99,1,32,5,5,7,95,6
21024,2021,8,10,2,12,3,2,1,117,99,1,28,4,4,6,104,6
21025,2021,8,10,2,99,5,4,1,110,99,2,41,7,7,9,104,6
21026,2021,8,11,3,8,2,1,13,1301,99,1,999,12,16,18,74,6
21027,2021,8,11,3,12,3,2,13,1301,99,1,23,3,3,5,74,6
21028,2021,8,11,3,15,3,2,13,1301,99,1,35,6,6,8,74,6
21029,2021,8,11,3,8,2,1,2,203,99,1,25,4,4,6,74,6
21030,2021,8,11,3,9,2,1,1,114,99,1,58,10,10,12,104,6
21031,2021,8,11,3,11,2,1,1,116,99,2,44,7,7,9,104,6
21032,2021,8,11,3,12,3,2,1,116,99,2,27,4,4,6,104,6
21033,2021,8,11,3,11,2,1,1,116,99,1,62,11,11,13,104,6
21034,2021,8,12,4,13,3,2,14,1404,99,2,22,3,3,5,74,6
21035,2021,8,12,4,13,3,2,3,306,99,1,40,7,7,9,74,6
21036,2021,8,12,4,12,3,2,3,312,99,1,33,5,5,7,74,6
21037,2021,8,12,4,12,3,2,3,301,99,1,46,8,8,10,74,6
21038,2021,8,12,4,10,2,1,12,1215,99,1,27,4,4,6,104,6
21039,2021,8,12,4,14,3,2,12,1202,99,2,33,5,5,7,104,6
21040,2021,8,12,4,15,3,2,12,1202,99,2,25,4,4,6,104,6
21041,2021,8,12,4,3,1,1,7,714,99,1,999,12,16,18,104,6
21042,2021,8,12,4,15,3,2,7,710,99,1,35,6,6,8,104,6
21043,2021,8,12,4,18,4,3,1,114,99,1,23,3,3,5,104,6
21044,2021,8,13,5,10,2,1,13,1301,99,1,45,8,8,10,95,6
21045,2021,8,13,5,15,3,2,13,1301,99,1,43,7,7,9,74,6
21046,2021,8,13,5,13,3,2,13,1301,99,2,30,5,5,7,74,6
21047,2021,8,13,5,8,2,1,13,1311,99,1,25,4,4,6,74,6
21048,2021,8,13,5,11,2,1,14,1406,99,1,50,9,9,11,74,6
21049,2021,8,13,5,11,2,1,14,1415,99,2,37,6,6,8,74,6
21050,2021,8,13,5,11,2,1,3,301,99,1,24,3,3,5,74,6
21051,2021,8,13,5,15,3,2,7,705,99,1,51,9,9,11,104,6
21052,2021,8,13,5,19,4,3,7,717,99,1,47,8,8,10,104,6
21053,2021,8,14,6,11,2,1,2,204,99,2,30,5,5,7,74,6
21054,2021,8,14,6,14,3,2,12,1202,99,1,39,6,6,8,104,6
21055,2021,8,14,6,11,2,1,12,1207,99,1,31,5,5,7,104,6
21056,2021,8,14,6,17,3,2,1,117,99,1,42,7,7,9,104,6
21057,2021,8,16,1,6,2,1,2,207,99,2,24,3,3,5,74,6
21058,2021,8,16,1,14,3,2,3,312,99,1,32,5,5,7,74,6
21059,2021,8,16,1,11,2,1,3,312,99,1,22,3,3,5,74,6
21060,2021,8,16,1,13,3,2,1,114,99,1,48,8,8,10,104,6
21061,2021,8,16,1,14,3,2,1,115,99,9,999,12,16,18,104,6
21062,2021,8,16,1,9,2,1,1,114,99,2,58,10,10,12,97,6
21063,2021,8,17,2,16,3,2,3,309,99,1,22,3,3,5,74,6
21064,2021,8,17,2,16,3,2,3,309,99,1,40,7,7,9,74,6
21065,2021,8,17,2,10,2,1,12,1202,99,2,30,5,5,7,104,6
21066,2021,8,17,2,11,2,1,12,1202,99,2,29,4,4,6,104,6
21067,2021,8,17,2,12,3,2,12,1202,99,2,20,3,3,5,104,6
21068,2021,8,17,2,14,3,2,12,1202,99,1,999,12,16,18,104,6
21069,2021,8,17,2,11,2,1,1,116,99,2,44,7,7,9,74,6
21070,2021,8,17,2,13,3,2,1,116,99,2,40,7,7,9,97,6
21071,2021,8,17,2,9,2,1,1,116,99,2,21,3,3,5,74,6
21072,2021,8,17,2,12,3,2,1,117,99,1,27,4,4,6,74,6
21073,2021,8,18,3,12,3,2,13,1301,99,1,25,4,4,6,74,6
21074,2021,8,18,3,14,3,2,13,1301,99,1,19,2,2,4,74,6
21075,2021,8,18,3,19,4,3,14,1416,99,2,39,6,6,8,74,6
21076,2021,8,18,3,15,3,2,3,303,99,1,58,10,10,12,74,6
21077,2021,8,18,3,9,2,1,8,801,99,2,26,4,4,6,104,6
21078,2021,8,18,3,9,2,1,1,114,99,9,999,12,16,18,104,6
21079,2021,8,19,4,10,2,1,8,807,99,1,54,9,9,11,74,6
21080,2021,8,19,4,8,2,1,3,309,99,1,42,7,7,9,74,6
21081,2021,8,19,4,12,3,2,3,302,99,2,24,3,3,5,74,6
21082,2021,8,19,4,13,3,2,3,315,99,1,21,3,3,5,74,6
21083,2021,8,19,4,13,3,2,3,315,99,1,21,3,3,5,74,6
21084,2021,8,19,4,11,2,1,3,308,99,1,39,6,6,8,74,6
21085,2021,8,19,4,12,3,2,12,1216,99,1,28,4,4,6,104,6
21086,2021,8,19,4,10,2,1,7,705,99,1,38,6,6,8,104,6
21087,2021,8,19,4,15,3,2,7,701,99,1,50,9,9,11,104,6
21088,2021,8,19,4,0,1,1,1,114,99,9,999,12,16,18,104,6
21089,2021,8,20,5,14,3,2,13,1301,99,1,61,11,11,13,74,6
21090,2021,8,20,5,12,3,2,12,1227,99,2,25,4,4,6,104,6
21091,2021,8,20,5,18,4,3,12,1213,99,1,41,7,7,9,104,6
21092,2021,8,20,5,16,3,2,1,114,99,1,40,7,7,9,104,6
21093,2021,8,21,6,14,3,2,13,1301,99,1,31,5,5,7,74,6
21094,2021,8,21,6,14,3,2,17,1706,99,1,26,4,4,6,104,6
21095,2021,8,21,6,11,2,1,3,316,99,1,28,4,4,6,74,6
21096,2021,8,21,6,12,3,2,3,308,99,1,32,5,5,7,74,6
21097,2021,8,21,6,13,3,2,3,302,99,1,55,10,10,12,74,6
21098,2021,8,21,6,18,4,3,3,301,99,1,22,3,3,5,74,6
21099,2021,8,21,6,12,3,2,12,1202,99,1,33,5,5,7,104,6
21100,2021,8,21,6,15,3,2,8,801,99,1,22,3,3,5,104,6
21101,2021,8,22,7,12,3,2,20,2009,99,1,25,4,4,6,105,6
21102,2021,8,22,7,14,3,2,1,114,99,2,32,5,5,7,97,6
21103,2021,8,22,7,18,4,3,1,116,99,1,30,5,5,7,74,6
21104,2021,8,23,1,17,3,2,13,1302,99,2,57,10,10,12,74,6
21105,2021,8,23,1,17,3,2,14,1406,99,2,22,3,3,5,74,6
21106,2021,8,23,1,12,3,2,3,301,99,2,45,8,8,10,74,6
21107,2021,8,23,1,14,3,2,3,301,99,2,35,6,6,8,74,6
21108,2021,8,24,2,17,3,2,13,1324,99,1,26,4,4,6,74,6
21109,2021,8,24,2,13,3,2,14,1401,99,2,33,5,5,7,74,6
21110,2021,8,24,2,15,3,2,3,311,99,1,52,9,9,11,74,6
21111,2021,8,24,2,15,3,2,3,301,99,2,23,3,3,5,74,6
21112,2021,8,24,2,15,3,2,12,1206,99,2,42,7,7,9,104,6
21113,2021,8,25,3,15,3,2,1,115,99,1,65,11,12,14,95,6
21114,2021,8,25,3,15,3,2,1,114,99,2,26,4,4,6,104,6
21115,2021,8,25,3,14,3,2,14,1403,99,2,22,3,3,5,74,6
21116,2021,8,26,4,12,3,2,1,116,99,1,20,3,3,5,104,6
21117,2021,8,26,4,9,2,1,20,2009,99,2,40,7,7,9,105,6
21118,2021,8,26,4,10,2,1,14,1407,99,1,41,7,7,9,74,6
21119,2021,8,26,4,14,3,2,3,306,99,1,42,7,7,9,74,6
21120,2021,8,26,4,13,3,2,12,1202,99,1,54,9,9,11,104,6
21121,2021,8,27,5,19,4,3,1,101,99,9,999,12,16,18,95,6
21122,2021,8,27,5,9,2,1,20,2007,99,2,28,4,4,6,105,6
21123,2021,8,27,5,10,2,1,3,308,99,2,69,11,12,14,104,6
21124,2021,8,27,5,17,3,2,19,1908,99,2,22,3,3,5,74,6
21125,2021,8,28,6,18,4,3,1,115,99,2,23,3,3,5,104,6
21126,2021,8,28,6,10,2,1,1,115,99,9,999,12,16,18,104,6
21127,2021,8,28,6,14,3,2,1,114,99,9,999,12,16,18,97,6
21128,2021,8,28,6,11,2,1,20,2001,99,1,37,6,6,8,105,6
21129,2021,8,28,6,11,2,1,20,2001,99,2,23,3,3,5,105,6
21130,2021,8,29,7,13,3,2,3,306,99,1,40,7,7,9,74,6
21131,2021,8,29,7,12,3,2,3,308,99,1,46,8,8,10,74,6
21132,2021,8,29,7,15,3,2,7,705,99,1,41,7,7,9,104,6
21133,2021,8,30,1,0,1,1,1,115,99,1,45,8,8,10,104,6
21134,2021,8,30,1,20,4,3,1,114,99,2,26,4,4,6,104,6
21135,2021,8,30,1,16,3,2,20,2001,99,2,33,5,5,7,105,6
21136,2021,8,30,1,12,3,2,13,1306,99,2,28,4,4,6,74,6
21137,2021,8,30,1,15,3,2,3,315,99,1,29,4,4,6,74,6
21138,2021,8,30,1,11,2,1,7,705,99,1,40,7,7,9,104,6
21139,2021,8,30,1,11,2,1,7,705,99,1,30,5,5,7,104,6
21140,2021,8,31,2,11,2,1,3,302,99,1,34,5,5,7,74,6
21141,2021,8,31,2,12,3,2,12,1216,99,2,33,5,5,7,104,6
21142,2021,8,31,2,12,3,2,8,801,99,1,27,4,4,6,104,6
21143,2021,8,1,7,12,3,2,1,101,21,1,32,5,5,7,104,6
21144,2021,8,1,7,15,3,2,1,101,5,1,39,6,6,8,97,6
21145,2021,8,1,7,19,4,3,1,101,18,2,31,5,5,7,97,6
21146,2021,8,2,1,11,2,1,1,106,99,1,44,7,7,9,97,6
21147,2021,8,2,1,12,3,2,1,113,99,1,58,10,10,12,104,6
21148,2021,8,2,1,13,3,2,1,105,99,1,25,4,4,6,97,6
21149,2021,8,2,1,14,3,2,1,103,99,1,60,11,11,13,104,6
21150,2021,8,2,1,14,3,2,1,101,1,1,33,5,5,7,97,6
21151,2021,8,2,1,15,3,2,1,108,99,1,29,4,4,6,97,6
21152,2021,8,2,1,17,3,2,1,101,17,1,55,10,10,12,104,6
21153,2021,8,2,1,17,3,2,1,101,12,1,23,3,3,5,104,6
21154,2021,8,2,1,17,3,2,1,101,16,1,41,7,7,9,104,6
21155,2021,8,2,1,17,3,2,1,101,21,1,28,4,4,6,104,6
21156,2021,8,2,1,18,4,3,1,107,99,1,29,4,4,6,97,6
21157,2021,8,2,1,19,4,3,1,101,18,1,44,7,7,9,97,6
21158,2021,8,2,1,19,4,3,1,101,1,2,19,2,2,4,104,6
21159,2021,8,2,1,20,4,3,1,101,12,1,23,3,3,5,97,6
21160,2021,8,3,2,8,2,1,1,102,99,1,32,5,5,7,104,6
21161,2021,8,3,2,12,3,2,1,110,99,1,60,11,11,13,99,6
21162,2021,8,3,2,14,3,2,1,101,6,2,22,3,3,5,104,6
21163,2021,8,3,2,15,3,2,1,101,21,1,28,4,4,6,104,6
21164,2021,8,3,2,8,2,1,1,101,18,1,28,4,4,6,99,6
21165,2021,8,3,2,19,4,3,1,101,25,1,37,6,6,8,97,6
21166,2021,8,3,2,21,4,3,1,101,18,1,40,7,7,9,97,6
21167,2021,8,3,2,21,4,3,1,117,99,1,28,4,4,6,97,6
21168,2021,8,3,2,21,4,3,1,108,99,2,43,7,7,9,104,6
21169,2021,8,4,3,10,2,1,1,101,18,1,31,5,5,7,97,6
21170,2021,8,4,3,10,2,1,1,107,99,1,38,6,6,8,97,6
21171,2021,8,4,3,13,3,2,1,101,99,1,62,11,11,13,104,6
21172,2021,8,4,3,13,3,2,1,102,99,1,51,9,9,11,104,6
21173,2021,8,4,3,15,3,2,1,101,16,1,57,10,10,12,99,6
21174,2021,8,4,3,16,3,2,1,103,99,1,43,7,7,9,104,6
21175,2021,8,4,3,17,3,2,1,101,17,1,40,7,7,9,104,6
21176,2021,8,4,3,17,3,2,1,107,99,1,24,3,3,5,95,6
21177,2021,8,4,3,18,4,3,1,106,99,1,40,7,7,9,97,6
21178,2021,8,4,3,18,4,3,1,101,18,2,22,3,3,5,104,6
21179,2021,8,4,3,18,4,3,1,101,18,1,31,5,5,7,104,6
21180,2021,8,4,3,18,4,3,1,101,6,1,21,3,3,5,104,6
21181,2021,8,4,3,20,4,3,1,101,6,2,33,5,5,7,95,6
21182,2021,8,4,3,20,4,3,1,110,99,1,35,6,6,8,104,6
21183,2021,8,5,4,15,3,2,1,101,16,1,46,8,8,10,97,6
21184,2021,8,5,4,16,3,2,1,115,99,1,44,7,7,9,97,6
21185,2021,8,5,4,16,3,2,1,101,21,2,35,6,6,8,97,6
21186,2021,8,5,4,16,3,2,1,101,10,2,43,7,7,9,97,6
21187,2021,8,5,4,18,4,3,1,101,6,2,48,8,8,10,97,6
21188,2021,8,6,5,11,2,1,1,101,11,1,36,6,6,8,97,6
21189,2021,8,6,5,12,3,2,1,101,3,1,41,7,7,9,97,6
21190,2021,8,6,5,3,1,1,1,103,99,1,42,7,7,9,97,6
21191,2021,8,6,5,14,3,2,1,101,1,1,37,6,6,8,104,6
21192,2021,8,6,5,16,3,2,1,101,17,1,44,7,7,9,97,6
21193,2021,8,6,5,16,3,2,1,101,17,1,20,3,3,5,104,6
21194,2021,8,6,5,16,3,2,1,101,12,1,22,3,3,5,104,6
21195,2021,8,6,5,17,3,2,1,113,99,2,53,9,9,11,104,6
21196,2021,8,6,5,17,3,2,1,101,18,2,45,8,8,10,97,6
21197,2021,8,6,5,19,4,3,1,103,99,2,29,4,4,6,104,6
21198,2021,8,7,6,11,2,1,1,101,5,1,34,5,5,7,97,6
21199,2021,8,7,6,12,3,2,1,101,7,1,34,5,5,7,104,6
21200,2021,8,7,6,13,3,2,1,101,18,1,47,8,8,10,97,6
21201,2021,8,7,6,14,3,2,1,101,17,1,27,4,4,6,104,6
21202,2021,8,7,6,14,3,2,1,101,11,1,48,8,8,10,104,6
21203,2021,8,7,6,16,3,2,1,113,99,1,39,6,6,8,104,6
21204,2021,8,7,6,16,3,2,1,101,6,2,50,9,9,11,104,6
21205,2021,8,7,6,17,3,2,1,101,11,2,49,8,8,10,97,6
21206,2021,8,7,6,21,4,3,1,106,99,2,27,4,4,6,104,6
21207,2021,8,8,7,9,2,1,1,101,6,1,25,4,4,6,104,6
21208,2021,8,8,7,10,2,1,1,101,10,1,25,4,4,6,104,6
21209,2021,8,8,7,20,4,3,1,108,99,1,23,3,3,5,97,6
21210,2021,8,9,1,8,2,1,1,101,5,1,47,8,8,10,95,6
21211,2021,8,9,1,10,2,1,1,105,99,2,31,5,5,7,104,6
21212,2021,8,9,1,12,3,2,1,101,18,1,30,5,5,7,94,6
21213,2021,8,9,1,14,3,2,1,105,99,2,39,6,6,8,104,6
21214,2021,8,9,1,16,3,2,1,101,1,2,58,10,10,12,104,6
21215,2021,8,9,1,17,3,2,1,101,16,1,23,3,3,5,97,6
21216,2021,8,9,1,21,4,3,1,108,99,1,34,5,5,7,104,6
21217,2021,8,9,1,22,4,3,1,101,5,1,40,7,7,9,104,6
21218,2021,8,9,1,22,4,3,1,101,18,2,28,4,4,6,97,6
21219,2021,8,9,1,22,4,3,1,101,18,2,39,6,6,8,97,6
21220,2021,8,10,2,11,2,1,1,107,99,1,52,9,9,11,97,6
21221,2021,8,10,2,12,3,2,1,102,99,2,34,5,5,7,97,6
21222,2021,8,10,2,15,3,2,1,102,99,1,999,12,16,18,97,6
21223,2021,8,10,2,15,3,2,1,108,99,2,59,10,10,12,104,6
21224,2021,8,10,2,15,3,2,1,101,5,2,999,12,16,18,97,6
21225,2021,8,10,2,16,3,2,16,1602,99,1,36,6,6,8,104,6
21226,2021,8,10,2,16,3,2,1,115,99,1,30,5,5,7,97,6
21227,2021,8,10,2,20,4,3,1,115,99,2,51,9,9,11,97,6
21228,2021,8,10,2,21,4,3,1,101,18,2,27,4,4,6,104,6
21229,2021,8,10,2,21,4,3,1,101,6,1,25,4,4,6,97,6
21230,2021,8,10,2,21,4,3,3,308,99,1,34,5,5,7,97,6
21231,2021,8,11,3,11,2,1,1,101,18,1,24,3,3,5,104,6
21232,2021,8,11,3,12,3,2,1,101,18,1,47,8,8,10,104,6
21233,2021,8,11,3,13,3,2,1,101,16,2,44,7,7,9,97,6
21234,2021,8,11,3,16,3,2,1,102,99,1,38,6,6,8,97,6
21235,2021,8,11,3,17,3,2,1,102,99,2,52,9,9,11,104,6
21236,2021,8,11,3,17,3,2,1,101,99,2,21,3,3,5,104,6
21237,2021,8,11,3,21,4,3,1,101,17,2,32,5,5,7,104,6
21238,2021,8,11,3,21,4,3,1,116,99,2,30,5,5,7,97,6
21239,2021,8,11,3,22,4,3,1,101,19,1,32,5,5,7,104,6
21240,2021,8,12,4,8,2,1,1,103,99,1,43,7,7,9,104,6
21241,2021,8,12,4,10,2,1,1,101,7,1,19,2,2,4,104,6
21242,2021,8,12,4,12,3,2,1,101,7,2,47,8,8,10,97,6
21243,2021,8,12,4,13,3,2,1,101,7,1,37,6,6,8,104,6
21244,2021,8,12,4,14,3,2,1,103,99,1,44,7,7,9,97,6
21245,2021,8,12,4,14,3,2,1,101,18,2,36,6,6,8,104,6
21246,2021,8,12,4,16,3,2,2,208,99,1,23,3,3,5,101,6
21247,2021,8,12,4,21,4,3,1,101,12,1,31,5,5,7,99,6
21248,2021,8,12,4,22,4,3,1,101,11,1,47,8,8,10,97,6
21249,2021,8,13,5,10,2,1,1,101,24,2,26,4,4,6,104,6
21250,2021,8,13,5,13,3,2,1,101,18,1,28,4,4,6,104,6
21251,2021,8,13,5,14,3,2,1,101,21,1,44,7,7,9,104,6
21252,2021,8,13,5,14,3,2,1,101,7,1,27,4,4,6,104,6
21253,2021,8,13,5,14,3,2,1,101,7,1,36,6,6,8,97,6
21254,2021,8,13,5,15,3,2,1,101,5,1,23,3,3,5,104,6
21255,2021,8,13,5,17,3,2,1,101,99,1,24,3,3,5,97,6
21256,2021,8,13,5,21,4,3,1,101,17,1,46,8,8,10,95,6
21257,2021,8,13,5,21,4,3,1,106,99,2,58,10,10,12,104,6
21258,2021,8,14,6,11,2,1,9,901,99,1,32,5,5,7,97,6
21259,2021,8,14,6,12,3,2,1,101,18,2,31,5,5,7,104,6
21260,2021,8,14,6,16,3,2,1,101,7,1,39,6,6,8,97,6
21261,2021,8,14,6,18,4,3,1,101,11,1,58,10,10,12,97,6
21262,2021,8,14,6,21,4,3,1,101,18,2,36,6,6,8,104,6
21263,2021,8,15,7,23,4,3,1,101,11,2,54,9,9,11,97,6
21264,2021,8,16,1,10,2,1,1,101,4,2,26,4,4,6,104,6
21265,2021,8,16,1,15,3,2,1,101,18,2,32,5,5,7,97,6
21266,2021,8,16,1,15,3,2,1,101,5,1,34,5,5,7,99,6
21267,2021,8,16,1,15,3,2,1,113,99,1,33,5,5,7,104,6
21268,2021,8,16,1,15,3,2,1,105,99,1,46,8,8,10,104,6
21269,2021,8,16,1,15,3,2,1,102,99,1,51,9,9,11,97,6
21270,2021,8,16,1,18,4,3,1,105,99,2,34,5,5,7,104,6
21271,2021,8,16,1,18,4,3,1,101,18,1,65,11,12,14,104,6
21272,2021,8,16,1,10,2,1,1,101,18,2,25,4,4,6,104,6
21273,2021,8,16,1,21,4,3,1,101,15,1,24,3,3,5,99,6
21274,2021,8,17,2,13,3,2,1,101,3,2,38,6,6,8,104,6
21275,2021,8,17,2,13,3,2,1,106,99,2,33,5,5,7,97,6
21276,2021,8,17,2,14,3,2,1,101,25,2,26,4,4,6,104,6
21277,2021,8,17,2,14,3,2,1,101,7,1,32,5,5,7,95,6
21278,2021,8,17,2,15,3,2,1,101,18,1,25,4,4,6,97,6
21279,2021,8,17,2,18,4,3,1,101,11,2,999,12,16,18,104,6
21280,2021,8,17,2,19,4,3,1,101,16,2,60,11,11,13,97,6
21281,2021,8,17,2,20,4,3,1,113,99,1,30,5,5,7,97,6
21282,2021,8,17,2,20,4,3,1,101,7,2,40,7,7,9,104,6
21283,2021,8,17,2,21,4,3,1,101,18,2,25,4,4,6,97,6
21284,2021,8,18,3,12,3,2,1,101,99,9,999,12,16,18,104,6
21285,2021,8,18,3,13,3,2,1,101,21,1,45,8,8,10,95,6
21286,2021,8,18,3,15,3,2,1,101,18,1,47,8,8,10,97,6
21287,2021,8,18,3,16,3,2,1,102,99,2,48,8,8,10,97,6
21288,2021,8,18,3,16,3,2,1,113,99,1,25,4,4,6,97,6
21289,2021,8,18,3,17,3,2,1,101,18,1,23,3,3,5,104,6
21290,2021,8,18,3,17,3,2,1,101,1,1,20,3,3,5,104,6
21291,2021,8,18,3,18,4,3,1,113,99,1,23,3,3,5,104,6
21292,2021,8,18,3,19,4,3,1,101,18,1,76,11,14,16,104,6
21293,2021,8,18,3,21,4,3,1,101,3,1,20,3,3,5,104,6
21294,2021,8,18,3,21,4,3,1,108,99,1,30,5,5,7,104,6
21295,2021,8,18,3,21,4,3,1,102,99,1,35,6,6,8,97,6
21296,2021,8,18,3,21,4,3,1,102,99,1,35,6,6,8,97,6
21297,2021,8,18,3,22,4,3,1,103,99,2,30,5,5,7,97,6
21298,2021,8,18,3,22,4,3,1,101,18,1,47,8,8,10,104,6
21299,2021,8,18,3,22,4,3,1,108,99,2,21,3,3,5,104,6
21300,2021,8,18,3,22,4,3,1,101,7,2,26,4,4,6,104,6
21301,2021,8,19,4,8,2,1,1,101,7,2,33,5,5,7,104,6
21302,2021,8,19,4,12,3,2,1,101,1,1,72,11,13,15,104,6
21303,2021,8,19,4,12,3,2,1,102,99,1,73,11,13,15,104,6
21304,2021,8,19,4,13,3,2,1,101,4,1,29,4,4,6,97,6
21305,2021,8,19,4,14,3,2,1,101,1,1,31,5,5,7,97,6
21306,2021,8,19,4,15,3,2,1,102,99,2,21,3,3,5,97,6
21307,2021,8,19,4,16,3,2,1,101,11,2,51,9,9,11,97,6
21308,2021,8,19,4,17,3,2,1,101,18,2,27,4,4,6,104,6
21309,2021,8,19,4,17,3,2,1,101,7,1,999,12,16,18,104,6
21310,2021,8,19,4,17,3,2,1,102,99,1,59,10,10,12,95,6
21311,2021,8,19,4,17,3,2,1,101,13,2,41,7,7,9,97,6
21312,2021,8,19,4,20,4,3,1,101,7,1,26,4,4,6,104,6
21313,2021,8,19,4,20,4,3,1,101,5,1,40,7,7,9,104,6
21314,2021,8,19,4,21,4,3,1,101,16,1,30,5,5,7,104,6
21315,2021,8,19,4,21,4,3,1,101,18,1,28,4,4,6,104,6
21316,2021,8,19,4,21,4,3,1,101,1,1,46,8,8,10,97,6
21317,2021,8,19,4,21,4,3,1,101,21,2,47,8,8,10,97,6
21318,2021,8,19,4,23,4,3,1,101,18,1,25,4,4,6,97,6
21319,2021,8,20,5,16,3,2,1,106,99,2,31,5,5,7,104,6
21320,2021,8,20,5,16,3,2,1,108,99,1,27,4,4,6,97,6
21321,2021,8,20,5,16,3,2,1,101,11,2,40,7,7,9,97,6
21322,2021,8,20,5,17,3,2,1,115,99,1,28,4,4,6,97,6
21323,2021,8,20,5,17,3,2,1,101,18,1,37,6,6,8,104,6
21324,2021,8,20,5,22,4,3,1,101,21,2,35,6,6,8,97,6
21325,2021,8,20,5,7,2,1,1,101,99,1,31,5,5,7,97,6
21326,2021,8,20,5,22,4,3,2,208,99,2,43,7,7,9,104,6
21327,2021,8,21,6,15,3,2,1,101,14,2,30,5,5,7,104,6
21328,2021,8,21,6,15,3,2,1,101,17,2,28,4,4,6,104,6
21329,2021,8,21,6,19,4,3,1,101,9,1,40,7,7,9,97,6
21330,2021,8,21,6,19,4,3,1,101,1,2,31,5,5,7,104,6
21331,2021,8,22,7,13,3,2,1,103,99,2,62,11,11,13,104,6
21332,2021,8,22,7,13,3,2,1,101,18,1,30,5,5,7,104,6
21333,2021,8,22,7,15,3,2,1,102,99,1,28,4,4,6,104,6
21334,2021,8,22,7,16,3,2,1,101,12,1,27,4,4,6,104,6
21335,2021,8,22,7,18,4,3,1,101,1,1,40,7,7,9,97,6
21336,2021,8,22,7,18,4,3,1,101,18,2,26,4,4,6,104,6
21337,2021,8,23,1,10,2,1,1,106,99,2,31,5,5,7,97,6
21338,2021,8,23,1,11,2,1,1,101,99,1,57,10,10,12,101,6
21339,2021,8,23,1,12,3,2,1,107,99,2,20,3,3,5,97,6
21340,2021,8,23,1,12,3,2,1,101,18,1,39,6,6,8,97,6
21341,2021,8,23,1,14,3,2,1,103,99,2,24,3,3,5,104,6
21342,2021,8,23,1,14,3,2,1,101,1,1,42,7,7,9,95,6
21343,2021,8,23,1,16,3,2,1,102,99,2,23,3,3,5,104,6
21344,2021,8,23,1,17,3,2,1,101,3,1,38,6,6,8,99,6
21345,2021,8,23,1,17,3,2,1,108,99,2,44,7,7,9,97,6
21346,2021,8,23,1,18,4,3,1,101,3,2,44,7,7,9,97,6
21347,2021,8,23,1,19,4,3,1,101,1,1,38,6,6,8,97,6
21348,2021,8,23,1,20,4,3,1,106,99,1,41,7,7,9,104,6
21349,2021,8,23,1,20,4,3,1,101,1,1,46,8,8,10,104,6
21350,2021,8,23,1,20,4,3,1,101,18,1,27,4,4,6,104,6
21351,2021,8,23,1,20,4,3,1,101,19,2,30,5,5,7,97,6
21352,2021,8,24,2,13,3,2,1,101,1,2,54,9,9,11,97,6
21353,2021,8,24,2,14,3,2,1,101,1,1,40,7,7,9,97,6
21354,2021,8,24,2,17,3,2,1,101,1,1,28,4,4,6,101,6
21355,2021,8,24,2,18,4,3,1,101,4,1,35,6,6,8,97,6
21356,2021,8,24,2,2,1,1,1,101,1,2,50,9,9,11,104,6
21357,2021,8,24,2,18,4,3,1,101,1,2,38,6,6,8,105,6
21358,2021,8,24,2,19,4,3,1,101,1,2,39,6,6,8,104,6
21359,2021,8,24,2,19,4,3,1,101,7,1,47,8,8,10,104,6
21360,2021,8,24,2,19,4,3,1,101,17,2,35,6,6,8,97,6
21361,2021,8,24,2,19,4,3,1,107,99,1,49,8,8,10,97,6
21362,2021,8,24,2,19,4,3,1,113,99,2,42,7,7,9,104,6
21363,2021,8,24,2,21,4,3,1,101,21,1,26,4,4,6,104,6
21364,2021,8,24,2,21,4,3,1,101,21,1,23,3,3,5,104,6
21365,2021,8,25,3,10,2,1,1,101,19,2,39,6,6,8,97,6
21366,2021,8,25,3,14,3,2,1,101,99,9,999,12,16,18,105,6
21367,2021,8,25,3,14,3,2,1,101,1,1,19,2,2,4,97,6
21368,2021,8,25,3,14,3,2,1,104,99,1,28,4,4,6,95,6
21369,2021,8,25,3,14,3,2,1,104,99,2,36,6,6,8,97,6
21370,2021,8,25,3,12,3,2,1,101,7,2,30,5,5,7,97,6
21371,2021,8,25,3,15,3,2,1,101,6,2,42,7,7,9,104,6
21372,2021,8,25,3,15,3,2,1,101,18,1,44,7,7,9,104,6
21373,2021,8,25,3,15,3,2,1,101,12,1,43,7,7,9,97,6
21374,2021,8,25,3,15,3,2,1,101,7,2,27,4,4,6,104,6
21375,2021,8,25,3,16,3,2,1,101,5,2,42,7,7,9,97,6
21376,2021,8,25,3,16,3,2,1,101,5,2,42,7,7,9,97,6
21377,2021,8,25,3,17,3,2,1,101,2,1,36,6,6,8,97,6
21378,2021,8,25,3,17,3,2,1,101,18,2,45,8,8,10,104,6
21379,2021,8,25,3,17,3,2,1,101,5,2,64,11,11,13,97,6
21380,2021,8,25,3,21,4,3,1,101,10,2,45,8,8,10,104,6
21381,2021,8,25,3,21,4,3,1,115,99,2,999,12,16,18,97,6
21382,2021,8,25,3,21,4,3,1,102,99,1,39,6,6,8,97,6
21383,2021,8,25,3,21,4,3,1,101,1,1,24,3,3,5,104,6
21384,2021,8,25,3,21,4,3,1,101,18,2,51,9,9,11,104,6
21385,2021,8,25,3,21,4,3,1,101,7,1,41,7,7,9,104,6
21386,2021,8,26,4,12,3,2,1,101,7,1,30,5,5,7,104,6
21387,2021,8,26,4,15,3,2,1,101,7,1,26,4,4,6,104,6
21388,2021,8,26,4,15,3,2,1,101,2,1,24,3,3,5,97,6
21389,2021,8,26,4,16,3,2,1,101,3,1,33,5,5,7,104,6
21390,2021,8,26,4,17,3,2,1,101,7,2,28,4,4,6,104,6
21391,2021,8,26,4,21,4,3,1,101,7,1,55,10,10,12,104,6
21392,2021,8,26,4,21,4,3,1,101,99,1,38,6,6,8,97,6
21393,2021,8,27,5,10,2,1,1,101,18,1,44,7,7,9,104,6
21394,2021,8,27,5,12,3,2,1,101,5,1,35,6,6,8,97,6
21395,2021,8,27,5,14,3,2,1,101,3,1,35,6,6,8,104,6
21396,2021,8,27,5,14,3,2,1,101,7,1,19,2,2,4,104,6
21397,2021,8,27,5,16,3,2,1,102,99,2,46,8,8,10,104,6
21398,2021,8,27,5,18,4,3,1,101,24,1,20,3,3,5,104,6
21399,2021,8,27,5,18,4,3,1,101,17,1,46,8,8,10,97,6
21400,2021,8,27,5,19,4,3,1,101,18,1,24,3,3,5,104,6
21401,2021,8,27,5,20,4,3,1,101,18,2,33,5,5,7,104,6
21402,2021,8,27,5,21,4,3,1,106,99,2,33,5,5,7,97,6
21403,2021,8,27,5,21,4,3,1,116,99,1,37,6,6,8,94,6
21404,2021,8,27,5,21,4,3,1,101,11,2,34,5,5,7,97,6
21405,2021,8,27,5,21,4,3,1,101,99,2,31,5,5,7,104,6
21406,2021,8,27,5,21,4,3,1,101,18,1,41,7,7,9,97,6
21407,2021,8,27,5,21,4,3,1,101,1,2,45,8,8,10,104,6
21408,2021,8,28,6,8,2,1,1,108,99,1,46,8,8,10,97,6
21409,2021,8,28,6,10,2,1,1,101,1,1,41,7,7,9,104,6
21410,2021,8,28,6,12,3,2,1,102,99,1,33,5,5,7,104,6
21411,2021,8,28,6,13,3,2,1,101,16,2,27,4,4,6,95,6
21412,2021,8,28,6,17,3,2,1,105,99,1,29,4,4,6,104,6
21413,2021,8,28,6,18,4,3,1,101,10,1,38,6,6,8,97,6
21414,2021,8,28,6,19,4,3,1,103,99,2,31,5,5,7,104,6
21415,2021,8,28,6,20,4,3,1,101,19,2,27,4,4,6,104,6
21416,2021,8,28,6,21,4,3,1,101,1,1,29,4,4,6,97,6
21417,2021,8,28,6,21,4,3,1,101,18,2,27,4,4,6,104,6
21418,2021,8,29,7,9,2,1,1,107,99,1,37,6,6,8,97,6
21419,2021,8,29,7,14,3,2,1,101,5,1,22,3,3,5,97,6
21420,2021,8,29,7,15,3,2,1,101,14,1,23,3,3,5,97,6
21421,2021,8,29,7,15,3,2,1,101,18,1,26,4,4,6,104,6
21422,2021,8,29,7,21,4,3,1,101,1,2,38,6,6,8,104,6
21423,2021,8,30,1,8,2,1,1,101,13,1,27,4,4,6,104,6
21424,2021,8,30,1,9,2,1,1,102,99,1,42,7,7,9,104,6
21425,2021,8,30,1,10,2,1,1,106,99,2,33,5,5,7,97,6
21426,2021,8,30,1,12,3,2,1,101,5,2,28,4,4,6,104,6
21427,2021,8,30,1,13,3,2,1,101,18,2,20,3,3,5,104,6
21428,2021,8,30,1,17,3,2,1,106,99,2,50,9,9,11,104,6
21429,2021,8,30,1,19,4,3,1,101,10,2,33,5,5,7,104,6
21430,2021,8,30,1,19,4,3,1,101,7,1,38,6,6,8,97,6
21431,2021,8,30,1,20,4,3,1,108,99,2,31,5,5,7,104,6
21432,2021,8,30,1,20,4,3,1,101,18,1,40,7,7,9,99,6
21433,2021,8,30,1,20,4,3,1,105,99,1,58,10,10,12,97,6
21434,2021,8,30,1,21,4,3,1,101,21,1,30,5,5,7,104,6
21435,2021,8,31,2,8,2,1,1,102,99,2,41,7,7,9,97,6
21436,2021,8,31,2,9,2,1,1,101,21,1,21,3,3,5,97,6
21437,2021,8,31,2,10,2,1,1,101,16,2,999,12,16,18,97,6
21438,2021,8,31,2,11,2,1,1,103,99,2,34,5,5,7,97,6
21439,2021,8,31,2,11,2,1,1,103,99,1,41,7,7,9,104,6
21440,2021,8,31,2,12,3,2,1,101,18,2,29,4,4,6,104,6
21441,2021,8,31,2,13,3,2,1,103,99,1,26,4,4,6,104,6
21442,2021,8,31,2,14,3,2,1,101,12,1,38,6,6,8,104,6
21443,2021,8,31,2,14,3,2,1,101,18,2,37,6,6,8,104,6
21444,2021,8,31,2,15,3,2,1,101,12,1,29,4,4,6,104,6
21445,2021,8,31,2,16,3,2,1,101,21,1,41,7,7,9,97,6
21446,2021,8,31,2,16,3,2,1,101,6,1,39,6,6,8,104,6
21447,2021,8,31,2,17,3,2,1,106,99,2,25,4,4,6,97,6
21448,2021,8,31,2,17,3,2,1,101,6,1,43,7,7,9,97,6
21449,2021,8,31,2,19,4,3,1,113,99,2,19,2,2,4,104,6
21450,2021,8,31,2,21,4,3,1,101,9,1,41,7,7,9,97,6
21451,2021,8,3,2,13,3,2,9,901,99,2,33,5,5,7,104,6
21452,2021,8,3,2,14,3,2,9,902,99,1,36,6,6,8,104,6
21453,2021,8,3,2,16,3,2,9,901,99,1,28,4,4,6,104,6
21454,2021,8,4,3,9,2,1,9,919,99,1,70,11,13,15,104,6
21455,2021,8,4,3,14,3,2,9,901,99,2,23,3,3,5,97,6
21456,2021,8,5,4,15,3,2,9,901,99,2,31,5,5,7,104,6
21457,2021,8,5,4,16,3,2,9,905,99,2,22,3,3,5,104,6
21458,2021,8,5,4,17,3,2,12,1212,99,2,26,4,4,6,104,6
21459,2021,8,6,5,12,3,2,12,1230,99,1,33,5,5,7,104,6
21460,2021,8,6,5,12,3,2,9,901,99,1,30,5,5,7,97,6
21461,2021,8,6,5,16,3,2,9,901,99,1,34,5,5,7,104,6
21462,2021,8,7,6,11,2,1,9,901,99,1,39,6,6,8,104,6
21463,2021,8,7,6,14,3,2,9,901,99,1,32,5,5,7,104,6
21464,2021,8,9,1,12,3,2,9,901,99,2,27,4,4,6,97,6
21465,2021,8,9,1,14,3,2,9,901,99,1,34,5,5,7,104,6
21466,2021,8,10,2,13,3,2,9,901,99,1,28,4,4,6,104,6
21467,2021,8,10,2,14,3,2,9,904,99,1,49,8,8,10,104,6
21468,2021,8,10,2,14,3,2,1,101,13,1,47,8,8,10,104,6
21469,2021,8,10,2,15,3,2,9,901,99,2,27,4,4,6,104,6
21470,2021,8,10,2,16,3,2,12,1220,99,2,48,8,8,10,104,6
21471,2021,8,10,2,18,4,3,9,903,99,1,38,6,6,8,97,6
21472,2021,8,10,2,18,4,3,12,1222,99,1,30,5,5,7,104,6
21473,2021,8,11,3,10,2,1,9,901,99,1,21,3,3,5,104,6
21474,2021,8,11,3,17,3,2,9,903,99,1,30,5,5,7,97,6
21475,2021,8,13,5,12,3,2,12,1230,99,2,19,2,2,4,104,6
21476,2021,8,16,1,10,2,1,12,1222,99,2,31,5,5,7,97,6
21477,2021,8,16,1,11,2,1,9,923,99,1,37,6,6,8,97,6
21478,2021,8,16,1,12,3,2,9,901,99,1,69,11,12,14,97,6
21479,2021,8,16,1,15,3,2,9,903,99,1,27,4,4,6,104,6
21480,2021,8,16,1,15,3,2,9,901,99,2,29,4,4,6,104,6
21481,2021,8,17,2,9,2,1,8,807,99,2,46,8,8,10,97,6
21482,2021,8,17,2,16,3,2,9,913,99,2,53,9,9,11,104,6
21483,2021,8,18,3,13,3,2,12,1202,99,2,29,4,4,6,104,6
21484,2021,8,18,3,14,3,2,12,1212,99,1,32,5,5,7,104,6
21485,2021,8,19,4,9,2,1,9,904,99,2,27,4,4,6,104,6
21486,2021,8,21,6,20,4,3,9,902,99,2,28,4,4,6,97,6
21487,2021,8,23,1,15,3,2,9,901,99,2,30,5,5,7,104,6
21488,2021,8,24,2,11,2,1,9,901,99,2,25,4,4,6,104,6
21489,2021,8,24,2,13,3,2,9,903,99,2,31,5,5,7,104,6
21490,2021,8,25,3,14,3,2,9,911,99,2,28,4,4,6,104,6
21491,2021,8,27,5,10,2,1,9,901,99,1,39,6,6,8,104,6
21492,2021,8,30,1,12,3,2,8,801,99,2,27,4,4,6,104,6
21493,2021,8,30,1,12,3,2,9,901,99,2,39,6,6,8,97,6
21494,2021,8,30,1,13,3,2,9,901,99,1,32,5,5,7,97,6
21495,2021,8,31,2,14,3,2,9,901,99,1,56,10,10,12,104,6
21496,2021,8,31,2,15,3,2,9,901,99,1,28,4,4,6,97,6
21497,2021,8,31,2,15,3,2,9,901,99,1,33,5,5,7,99,6
21498,2021,8,1,7,12,3,2,21,2107,99,1,36,6,6,8,95,6
21499,2021,8,3,2,18,4,3,21,2101,99,1,26,4,4,6,97,6
21500,2021,8,5,4,17,3,2,2,201,99,2,24,3,3,5,104,6
21501,2021,8,6,5,12,3,2,21,2107,99,2,43,7,7,9,104,6
21502,2021,8,7,6,18,4,3,21,2107,99,2,22,3,3,5,95,6
21503,2021,8,7,6,8,2,1,21,2107,99,1,35,6,6,8,95,6
21504,2021,8,7,6,16,3,2,2,207,99,1,30,5,5,7,104,6
21505,2021,8,9,1,21,4,3,2,207,99,2,24,3,3,5,97,6
21506,2021,8,11,3,17,3,2,21,2101,99,2,43,7,7,9,97,6
21507,2021,8,12,4,12,3,2,21,2101,99,1,31,5,5,7,97,6
21508,2021,8,12,4,19,4,3,21,2106,99,1,41,7,7,9,97,6
21509,2021,8,13,5,11,2,1,21,2101,99,1,29,4,4,6,104,6
21510,2021,8,13,5,11,2,1,21,2101,99,1,36,6,6,8,97,6
21511,2021,8,14,6,11,2,1,21,2101,99,2,33,5,5,7,97,6
21512,2021,8,14,6,12,3,2,21,2101,99,1,35,6,6,8,97,6
21513,2021,8,19,4,12,3,2,21,2101,99,2,37,6,6,8,104,6
21514,2021,8,20,5,13,3,2,21,2101,99,1,22,3,3,5,97,6
21515,2021,8,21,6,15,3,2,21,2103,99,2,28,4,4,6,104,6
21516,2021,8,21,6,15,3,2,21,2103,99,2,33,5,5,7,104,6
21517,2021,8,21,6,15,3,2,21,2103,99,2,19,2,2,4,104,6
21518,2021,8,22,7,10,2,1,21,2106,99,2,39,6,6,8,104,6
21519,2021,8,22,7,14,3,2,21,2101,99,1,33,5,5,7,97,6
21520,2021,8,23,1,21,4,3,21,2103,99,2,33,5,5,7,95,6
21521,2021,8,24,2,13,3,2,21,2107,99,1,31,5,5,7,97,6
21522,2021,8,24,2,13,3,2,21,2101,99,2,24,3,3,5,104,6
21523,2021,8,24,2,19,4,3,2,207,99,2,23,3,3,5,104,6
21524,2021,8,24,2,19,4,3,2,201,99,1,42,7,7,9,104,6
21525,2021,8,25,3,16,3,2,21,2101,99,1,29,4,4,6,97,6
21526,2021,8,26,4,14,3,2,21,2106,99,1,36,6,6,8,104,6
21527,2021,8,26,4,18,4,3,21,2103,99,2,24,3,3,5,104,6
21528,2021,8,28,6,13,3,2,21,2101,99,1,27,4,4,6,97,6
21529,2021,8,1,7,19,4,3,16,1613,99,2,27,4,4,6,97,6
21530,2021,8,3,2,17,3,2,16,1609,99,2,45,8,8,10,104,6
21531,2021,8,3,2,17,3,2,16,1602,99,2,40,7,7,9,104,6
21532,2021,8,4,3,16,3,2,16,1609,99,2,25,4,4,6,104,6
21533,2021,8,5,4,16,3,2,15,1501,99,1,24,3,3,5,97,6
21534,2021,8,6,5,16,3,2,16,1603,99,1,52,9,9,11,97,6
21535,2021,8,6,5,21,4,3,15,1503,99,2,53,9,9,11,97,6
21536,2021,8,7,6,10,2,1,15,1503,99,1,37,6,6,8,97,6
21537,2021,8,8,7,13,3,2,15,1501,99,2,40,7,7,9,97,6
21538,2021,8,9,1,11,2,1,15,1501,99,1,999,12,16,18,104,6
21539,2021,8,9,1,11,2,1,15,1503,99,2,35,6,6,8,104,6
21540,2021,8,9,1,13,3,2,16,1615,99,1,31,5,5,7,104,6
21541,2021,8,9,1,15,3,2,15,1501,99,1,28,4,4,6,97,6
21542,2021,8,9,1,21,4,3,15,1501,99,1,30,5,5,7,104,6
21543,2021,8,9,1,22,4,3,16,1606,99,1,28,4,4,6,104,6
21544,2021,8,10,2,9,2,1,15,1505,99,1,19,2,2,4,104,6
21545,2021,8,10,2,10,2,1,16,1601,99,1,25,4,4,6,104,6
21546,2021,8,10,2,14,3,2,15,1501,99,1,36,6,6,8,97,6
21547,2021,8,11,3,18,4,3,15,1502,99,2,41,7,7,9,104,6
21548,2021,8,11,3,18,4,3,15,1502,99,1,33,5,5,7,104,6
21549,2021,8,12,4,12,3,2,16,1613,99,2,57,10,10,12,104,6
21550,2021,8,12,4,15,3,2,15,1501,99,2,31,5,5,7,104,6
21551,2021,8,12,4,17,3,2,16,1603,99,1,46,8,8,10,104,6
21552,2021,8,13,5,13,3,2,16,1603,99,2,32,5,5,7,104,6
21553,2021,8,13,5,14,3,2,15,1508,99,1,29,4,4,6,104,6
21554,2021,8,13,5,22,4,3,15,1503,99,2,21,3,3,5,104,6
21555,2021,8,13,5,14,3,2,16,1604,99,1,27,4,4,6,97,6
21556,2021,8,13,5,14,3,2,2,203,99,2,29,4,4,6,104,6
21557,2021,8,13,5,19,4,3,16,1609,99,1,35,6,6,8,104,6
21558,2021,8,14,6,16,3,2,16,1604,99,2,45,8,8,10,104,6
21559,2021,8,16,1,11,2,1,16,1609,99,1,35,6,6,8,104,6
21560,2021,8,16,1,13,3,2,16,1601,99,2,23,3,3,5,104,6
21561,2021,8,17,2,11,2,1,16,1601,99,1,49,8,8,10,104,6
21562,2021,8,17,2,15,3,2,16,1610,99,2,36,6,6,8,97,6
21563,2021,8,18,3,10,2,1,16,1601,99,1,63,11,11,13,104,6
21564,2021,8,18,3,15,3,2,16,1610,99,1,27,4,4,6,104,6
21565,2021,8,19,4,14,3,2,16,1609,99,2,33,5,5,7,104,6
21566,2021,8,19,4,17,3,2,15,1503,99,2,38,6,6,8,104,6
21567,2021,8,19,4,17,3,2,16,1603,99,2,29,4,4,6,104,6
21568,2021,8,20,5,16,3,2,16,1610,99,1,29,4,4,6,104,6
21569,2021,8,20,5,15,3,2,15,1501,99,1,31,5,5,7,104,6
21570,2021,8,20,5,16,3,2,16,1610,99,1,43,7,7,9,104,6
21571,2021,8,21,6,11,2,1,16,1601,99,1,25,4,4,6,97,6
21572,2021,8,21,6,21,4,3,14,1420,99,1,29,4,4,6,104,6
21573,2021,8,21,6,23,4,3,15,1507,99,1,999,12,16,18,97,6
21574,2021,8,22,7,12,3,2,15,1501,99,1,19,2,2,4,104,6
21575,2021,8,24,2,11,2,1,15,1501,99,1,40,7,7,9,97,6
21576,2021,8,24,2,11,2,1,16,1601,99,2,21,3,3,5,104,6
21577,2021,8,24,2,14,3,2,15,1506,99,1,20,3,3,5,104,6
21578,2021,8,24,2,19,4,3,16,1616,99,1,43,7,7,9,104,6
21579,2021,8,25,3,11,2,1,14,1420,99,1,46,8,8,10,104,6
21580,2021,8,25,3,19,4,3,16,1612,99,2,37,6,6,8,104,6
21581,2021,8,25,3,19,4,3,16,1610,99,2,25,4,4,6,104,6
21582,2021,8,26,4,16,3,2,16,1602,99,2,38,6,6,8,104,6
21583,2021,8,27,5,16,3,2,15,1503,99,2,32,5,5,7,104,6
21584,2021,8,31,2,8,2,1,15,1503,99,2,44,7,7,9,104,6
21585,2021,8,31,2,12,3,2,16,1604,99,1,26,4,4,6,104,6
21586,2021,8,31,2,14,3,2,15,1505,99,1,59,10,10,12,104,6
21587,2021,8,31,2,18,4,3,14,1420,99,1,36,6,6,8,104,6
21588,2021,8,1,7,7,2,1,10,1016,99,1,20,3,3,5,104,6
21589,2021,8,1,7,15,3,2,10,1002,99,1,36,6,6,8,104,6
21590,2021,8,2,1,17,3,2,10,1016,99,1,999,12,16,18,104,6
21591,2021,8,2,1,17,3,2,11,1107,99,2,23,3,3,5,104,6
21592,2021,8,2,1,18,4,3,10,1010,99,1,19,2,2,4,97,6
21593,2021,8,3,2,8,2,1,10,1010,99,1,999,12,16,18,97,6
21594,2021,8,3,2,12,3,2,11,1101,99,1,35,6,6,8,104,6
21595,2021,8,3,2,14,3,2,10,1002,99,1,34,5,5,7,97,6
21596,2021,8,3,2,13,3,2,11,1101,99,1,28,4,4,6,104,6
21597,2021,8,3,2,18,4,3,10,1016,99,1,48,8,8,10,104,6
21598,2021,8,3,2,18,4,3,10,1011,99,1,30,5,5,7,104,6
21599,2021,8,4,3,10,2,1,11,1102,99,1,40,7,7,9,104,6
21600,2021,8,5,4,11,2,1,10,1001,99,1,35,6,6,8,104,6
21601,2021,8,5,4,14,3,2,10,1014,99,1,40,7,7,9,104,6
21602,2021,8,5,4,14,3,2,9,919,99,1,28,4,4,6,104,6
21603,2021,8,5,4,9,2,1,10,1016,99,1,38,6,6,8,104,6
21604,2021,8,6,5,14,3,2,10,1013,99,1,40,7,7,9,104,6
21605,2021,8,6,5,15,3,2,10,1001,99,1,21,3,3,5,104,6
21606,2021,8,6,5,11,2,1,10,1001,99,2,50,9,9,11,104,6
21607,2021,8,9,1,17,3,2,11,1101,99,1,24,3,3,5,104,6
21608,2021,8,10,2,13,3,2,11,1108,99,1,26,4,4,6,97,6
21609,2021,8,10,2,14,3,2,11,1108,99,1,41,7,7,9,95,6
21610,2021,8,10,2,11,2,1,11,1108,99,2,25,4,4,6,104,6
21611,2021,8,10,2,13,3,2,10,1021,99,2,29,4,4,6,97,6
21612,2021,8,10,2,13,3,2,10,1010,99,2,22,3,3,5,104,6
21613,2021,8,10,2,11,2,1,10,1001,99,2,41,7,7,9,104,6
21614,2021,8,10,2,9,2,1,10,1004,99,2,18,2,2,4,104,6
21615,2021,8,11,3,21,4,3,11,1101,99,1,30,5,5,7,97,6
21616,2021,8,11,3,9,2,1,10,1001,99,9,999,12,16,18,104,6
21617,2021,8,11,3,14,3,2,11,1101,99,2,25,4,4,6,104,6
21618,2021,8,11,3,15,3,2,10,1021,99,1,28,4,4,6,104,6
21619,2021,8,11,3,19,4,3,10,1005,99,1,33,5,5,7,97,6
21620,2021,8,12,4,11,2,1,10,1010,99,1,46,8,8,10,97,6
21621,2021,8,12,4,15,3,2,11,1106,99,2,18,2,2,4,97,6
21622,2021,8,13,5,11,2,1,10,1016,99,1,28,4,4,6,104,6
21623,2021,8,13,5,12,3,2,10,1001,99,1,54,9,9,11,104,6
21624,2021,8,13,5,17,3,2,11,1104,99,2,41,7,7,9,104,6
21625,2021,8,13,5,21,4,3,10,1003,99,2,53,9,9,11,104,6
21626,2021,8,13,5,17,3,2,10,1016,99,1,50,9,9,11,104,6
21627,2021,8,13,5,17,3,2,11,1101,99,1,30,5,5,7,97,6
21628,2021,8,13,5,19,4,3,10,1013,99,1,63,11,11,13,104,6
21629,2021,8,14,6,12,3,2,10,1004,99,1,31,5,5,7,97,6
21630,2021,8,14,6,16,3,2,10,1008,99,2,40,7,7,9,104,6
21631,2021,8,16,1,18,4,3,11,1106,99,1,21,3,3,5,104,6
21632,2021,8,16,1,18,4,3,10,1016,99,1,41,7,7,9,104,6
21633,2021,8,16,1,21,4,3,10,1016,99,1,21,3,3,5,104,6
21634,2021,8,17,2,6,2,1,11,1101,99,1,23,3,3,5,104,6
21635,2021,8,17,2,11,2,1,10,1016,99,1,44,7,7,9,104,6
21636,2021,8,17,2,10,2,1,11,1109,99,1,39,6,6,8,97,6
21637,2021,8,17,2,12,3,2,10,1003,99,1,43,7,7,9,104,6
21638,2021,8,18,3,9,2,1,10,1020,99,2,31,5,5,7,97,6
21639,2021,8,19,4,12,3,2,11,1109,99,2,60,11,11,13,104,6
21640,2021,8,19,4,9,2,1,11,1104,99,2,40,7,7,9,97,6
21641,2021,8,19,4,10,2,1,10,1001,99,9,999,12,16,18,104,6
21642,2021,8,19,4,10,2,1,10,1020,99,2,33,5,5,7,104,6
21643,2021,8,20,5,14,3,2,10,1013,99,2,42,7,7,9,97,6
21644,2021,8,20,5,8,2,1,10,1010,99,1,37,6,6,8,97,6
21645,2021,8,20,5,14,3,2,10,1008,99,2,999,12,16,18,97,6
21646,2021,8,20,5,11,2,1,11,1102,99,2,40,7,7,9,104,6
21647,2021,8,20,5,15,3,2,11,1101,99,2,24,3,3,5,104,6
21648,2021,8,20,5,18,4,3,10,1001,99,1,54,9,9,11,97,6
21649,2021,8,21,6,11,2,1,11,1106,99,1,29,4,4,6,104,6
21650,2021,8,21,6,14,3,2,11,1103,99,1,46,8,8,10,104,6
21651,2021,8,21,6,12,3,2,11,1101,99,2,27,4,4,6,104,6
21652,2021,8,21,6,9,2,1,10,1001,99,1,42,7,7,9,97,6
21653,2021,8,21,6,12,3,2,10,1004,99,2,46,8,8,10,97,6
21654,2021,8,21,6,12,3,2,10,1010,99,2,31,5,5,7,97,6
21655,2021,8,21,6,15,3,2,10,1001,99,2,35,6,6,8,97,6
21656,2021,8,21,6,15,3,2,10,1001,99,2,63,11,11,13,97,6
21657,2021,8,21,6,18,4,3,11,1102,99,1,40,7,7,9,104,6
21658,2021,8,22,7,13,3,2,11,1101,99,2,31,5,5,7,104,6
21659,2021,8,22,7,15,3,2,10,1016,99,2,25,4,4,6,97,6
21660,2021,8,23,1,6,2,1,10,1001,99,2,36,6,6,8,97,6
21661,2021,8,23,1,10,2,1,11,1101,99,2,51,9,9,11,104,6
21662,2021,8,23,1,11,2,1,10,1010,99,1,34,5,5,7,97,6
21663,2021,8,23,1,13,3,2,10,1008,99,1,999,12,16,18,97,6
21664,2021,8,23,1,10,2,1,10,1001,99,2,30,5,5,7,104,6
21665,2021,8,24,2,19,4,3,11,1101,99,2,30,5,5,7,104,6
21666,2021,8,24,2,13,3,2,11,1102,99,2,37,6,6,8,104,6
21667,2021,8,24,2,12,3,2,10,1016,99,1,39,6,6,8,97,6
21668,2021,8,24,2,10,2,1,11,1102,99,1,25,4,4,6,97,6
21669,2021,8,24,2,14,3,2,10,1016,99,1,21,3,3,5,104,6
21670,2021,8,24,2,16,3,2,10,1001,99,1,21,3,3,5,104,6
21671,2021,8,25,3,11,2,1,10,1001,99,2,35,6,6,8,97,6
21672,2021,8,26,4,8,2,1,10,1004,99,1,19,2,2,4,104,6
21673,2021,8,27,5,16,3,2,11,1107,99,2,56,10,10,12,104,6
21674,2021,8,27,5,16,3,2,10,1016,99,1,23,3,3,5,104,6
21675,2021,8,27,5,17,3,2,10,1011,99,2,37,6,6,8,97,6
21676,2021,8,27,5,21,4,3,11,1106,99,2,38,6,6,8,104,6
21677,2021,8,27,5,21,4,3,11,1101,99,2,39,6,6,8,104,6
21678,2021,8,28,6,10,2,1,7,706,99,1,48,8,8,10,104,6
21679,2021,8,28,6,13,3,2,11,1101,99,2,47,8,8,10,104,6
21680,2021,8,28,6,13,3,2,11,1102,99,1,999,12,16,18,104,6
21681,2021,8,28,6,15,3,2,11,1109,99,1,36,6,6,8,104,6
21682,2021,8,29,7,3,1,1,9,901,99,1,46,8,8,10,104,6
21683,2021,8,30,1,14,3,2,11,1101,99,1,65,11,12,14,104,6
21684,2021,8,30,1,14,3,2,10,1003,99,2,37,6,6,8,104,6
21685,2021,8,31,2,12,3,2,10,1013,99,1,35,6,6,8,97,6
21686,2021,8,31,2,13,3,2,10,1002,99,1,34,5,5,7,104,6
21687,2021,8,1,7,15,3,2,4,401,99,2,31,5,5,7,97,6
21688,2021,8,1,7,15,3,2,4,406,99,1,20,3,3,5,104,6
21689,2021,8,2,1,14,3,2,4,414,99,1,25,4,4,6,97,6
21690,2021,8,2,1,7,2,1,4,416,99,2,33,5,5,7,104,6
21691,2021,8,2,1,16,3,2,4,401,99,1,48,8,8,10,104,6
21692,2021,8,2,1,12,3,2,4,401,99,1,39,6,6,8,97,6
21693,2021,8,4,3,10,2,1,4,401,99,1,53,9,9,11,104,6
21694,2021,8,4,3,13,3,2,4,401,99,9,58,10,10,12,104,6
21695,2021,8,6,5,17,3,2,4,403,99,2,42,7,7,9,104,6
21696,2021,8,10,2,17,3,2,4,401,99,2,39,6,6,8,104,6
21697,2021,8,13,5,99,5,4,4,401,99,1,37,6,6,8,97,6
21698,2021,8,14,6,11,2,1,4,412,99,1,29,4,4,6,104,6
21699,2021,8,16,1,11,2,1,4,407,99,2,58,10,10,12,104,6
21700,2021,8,16,1,11,2,1,4,411,99,1,29,4,4,6,104,6
21701,2021,8,16,1,12,3,2,4,403,99,1,64,11,11,13,104,6
21702,2021,8,19,4,9,2,1,4,404,99,1,59,10,10,12,104,6
21703,2021,8,19,4,13,3,2,4,405,99,1,26,4,4,6,104,6
21704,2021,8,19,4,21,4,3,4,406,99,2,22,3,3,5,104,6
21705,2021,8,20,5,17,3,2,4,403,99,2,17,2,2,4,104,6
21706,2021,8,23,1,19,4,3,4,401,99,1,42,7,7,9,104,6
21707,2021,8,24,2,12,3,2,4,413,99,1,38,6,6,8,104,6
21708,2021,8,24,2,11,2,1,4,412,99,2,21,3,3,5,104,6
21709,2021,8,25,3,10,2,1,4,401,99,1,44,7,7,9,97,6
21710,2021,8,25,3,14,3,2,4,401,99,1,25,4,4,6,104,6
21711,2021,8,25,3,10,2,1,4,414,99,2,31,5,5,7,104,6
21712,2021,8,26,4,15,3,2,3,313,99,1,55,10,10,12,97,6
21713,2021,8,27,5,16,3,2,3,308,99,1,32,5,5,7,97,6
21714,2021,8,30,1,15,3,2,4,401,99,1,36,6,6,8,104,6
21715,2021,8,3,2,11,2,1,22,2201,99,1,28,4,4,6,104,6
21716,2021,8,3,2,10,2,1,22,2208,99,1,37,6,6,8,104,6
21717,2021,8,5,4,12,3,2,22,2203,99,1,27,4,4,6,97,6
21718,2021,8,5,4,12,3,2,22,2201,99,1,30,5,5,7,104,6
21719,2021,8,5,4,12,3,2,22,2201,99,2,31,5,5,7,104,6
21720,2021,8,5,4,12,3,2,22,2205,99,2,23,3,3,5,104,6
21721,2021,8,5,4,12,3,2,22,2205,99,1,47,8,8,10,104,6
21722,2021,8,6,5,16,3,2,22,2201,99,1,29,4,4,6,104,6
21723,2021,8,9,1,12,3,2,22,2201,99,1,24,3,3,5,104,6
21724,2021,8,9,1,12,3,2,22,2214,99,1,32,5,5,7,104,6
21725,2021,8,9,1,14,3,2,22,2205,99,1,30,5,5,7,97,6
21726,2021,8,10,2,13,3,2,22,2202,99,1,36,6,6,8,97,6
21727,2021,8,11,3,11,2,1,22,2208,99,2,45,8,8,10,104,6
21728,2021,8,11,3,17,3,2,22,2203,99,1,38,6,6,8,104,6
21729,2021,8,12,4,16,3,2,22,2201,99,2,40,7,7,9,104,6
21730,2021,8,13,5,10,2,1,22,2201,99,2,26,4,4,6,104,6
21731,2021,8,16,1,13,3,2,22,2207,99,2,33,5,5,7,104,6
21732,2021,8,16,1,16,3,2,22,2214,99,1,23,3,3,5,104,6
21733,2021,8,17,2,9,2,1,22,2202,99,1,37,6,6,8,104,6
21734,2021,8,17,2,10,2,1,22,2212,99,1,34,5,5,7,97,6
21735,2021,8,17,2,17,3,2,22,2202,99,1,23,3,3,5,97,6
21736,2021,8,19,4,13,3,2,22,2205,99,1,51,9,9,11,104,6
21737,2021,8,19,4,13,3,2,22,2201,99,1,23,3,3,5,104,6
21738,2021,8,19,4,16,3,2,22,2214,99,2,39,6,6,8,104,6
21739,2021,8,20,5,13,3,2,22,2212,99,1,21,3,3,5,104,6
21740,2021,8,21,6,14,3,2,22,2205,99,1,25,4,4,6,104,6
21741,2021,8,22,7,13,3,2,22,2212,99,1,40,7,7,9,104,6
21742,2021,8,23,1,10,2,1,22,2207,99,1,25,4,4,6,104,6
21743,2021,8,24,2,2,1,1,22,2201,99,2,30,5,5,7,104,6
21744,2021,8,25,3,15,3,2,22,2214,99,2,40,7,7,9,97,6
21745,2021,8,27,5,10,2,1,22,2205,99,1,31,5,5,7,104,6
21746,2021,8,28,6,14,3,2,22,2206,99,1,45,8,8,10,104,6
21747,2021,8,28,6,1,1,1,22,2217,99,2,25,4,4,6,104,6
21748,2021,8,31,2,12,3,2,22,2202,99,2,25,4,4,6,97,6
21749,2021,8,31,2,12,3,2,22,2201,99,1,51,9,9,11,104,6
21750,2021,8,2,1,11,2,1,5,501,99,2,42,7,7,9,104,6
21751,2021,8,2,1,13,3,2,5,505,99,1,45,8,8,10,104,6
21752,2021,8,2,1,14,3,2,5,505,99,1,38,6,6,8,104,6
21753,2021,8,3,2,8,2,1,5,509,99,2,35,6,6,8,104,6
21754,2021,8,3,2,13,3,2,5,505,99,1,40,7,7,9,104,6
21755,2021,8,3,2,13,3,2,5,501,99,1,43,7,7,9,104,6
21756,2021,8,3,2,14,3,2,5,501,99,1,69,11,12,14,97,6
21757,2021,8,3,2,16,3,2,5,503,99,1,46,8,8,10,104,6
21758,2021,8,4,3,12,3,2,5,501,99,1,43,7,7,9,104,6
21759,2021,8,4,3,15,3,2,5,511,99,2,46,8,8,10,104,6
21760,2021,8,6,5,9,2,1,5,501,99,1,23,3,3,5,104,6
21761,2021,8,6,5,10,2,1,5,511,99,1,27,4,4,6,104,6
21762,2021,8,6,5,12,3,2,5,502,99,1,36,6,6,8,104,6
21763,2021,8,6,5,13,3,2,5,509,99,2,38,6,6,8,104,6
21764,2021,8,6,5,15,3,2,5,502,99,2,19,2,2,4,104,6
21765,2021,8,6,5,16,3,2,5,512,99,2,41,7,7,9,104,6
21766,2021,8,9,1,20,4,3,5,505,99,1,28,4,4,6,104,6
21767,2021,8,9,1,10,2,1,5,509,99,1,37,6,6,8,104,6
21768,2021,8,9,1,13,3,2,5,511,99,1,22,3,3,5,104,6
21769,2021,8,10,2,12,3,2,5,506,99,2,29,4,4,6,104,6
21770,2021,8,10,2,12,3,2,5,506,99,2,42,7,7,9,104,6
21771,2021,8,10,2,13,3,2,5,501,99,1,43,7,7,9,104,6
21772,2021,8,10,2,15,3,2,1,117,99,1,44,7,7,9,104,6
21773,2021,8,10,2,16,3,2,5,511,99,1,22,3,3,5,104,6
21774,2021,8,10,2,17,3,2,5,511,99,1,35,6,6,8,97,6
21775,2021,8,11,3,6,2,1,5,509,99,2,31,5,5,7,104,6
21776,2021,8,11,3,10,2,1,5,509,99,2,29,4,4,6,104,6
21777,2021,8,11,3,12,3,2,5,501,99,2,45,8,8,10,104,6
21778,2021,8,11,3,13,3,2,3,306,99,1,23,3,3,5,104,6
21779,2021,8,11,3,14,3,2,5,509,99,1,24,3,3,5,104,6
21780,2021,8,11,3,14,3,2,5,501,99,2,34,5,5,7,104,6
21781,2021,8,12,4,10,2,1,5,506,99,1,24,3,3,5,97,6
21782,2021,8,12,4,10,2,1,5,506,99,2,20,3,3,5,97,6
21783,2021,8,12,4,12,3,2,5,505,99,1,57,10,10,12,104,6
21784,2021,8,12,4,13,3,2,5,501,99,2,49,8,8,10,97,6
21785,2021,8,13,5,13,3,2,5,513,99,2,31,5,5,7,104,6
21786,2021,8,13,5,13,3,2,5,513,99,2,29,4,4,6,104,6
21787,2021,8,13,5,15,3,2,5,505,99,2,18,2,2,4,104,6
21788,2021,8,13,5,19,4,3,5,505,99,1,33,5,5,7,97,6
21789,2021,8,13,5,16,3,2,5,511,99,1,24,3,3,5,104,6
21790,2021,8,14,6,11,2,1,5,506,99,1,25,4,4,6,104,6
21791,2021,8,14,6,12,3,2,5,504,99,2,30,5,5,7,104,6
21792,2021,8,14,6,21,4,3,5,501,99,1,29,4,4,6,104,6
21793,2021,8,16,1,12,3,2,5,501,99,1,32,5,5,7,104,6
21794,2021,8,17,2,12,3,2,5,502,99,1,27,4,4,6,104,6
21795,2021,8,17,2,13,3,2,5,511,99,2,38,6,6,8,104,6
21796,2021,8,17,2,15,3,2,5,501,99,2,35,6,6,8,104,6
21797,2021,8,17,2,18,4,3,5,509,99,1,31,5,5,7,104,6
21798,2021,8,18,3,11,2,1,5,506,99,1,34,5,5,7,104,6
21799,2021,8,18,3,12,3,2,5,505,99,1,21,3,3,5,104,6
21800,2021,8,19,4,10,2,1,5,509,99,1,62,11,11,13,104,6
21801,2021,8,19,4,17,3,2,5,502,99,2,32,5,5,7,97,6
21802,2021,8,19,4,10,2,1,5,503,99,1,22,3,3,5,104,6
21803,2021,8,20,5,15,3,2,5,513,99,1,34,5,5,7,104,6
21804,2021,8,20,5,16,3,2,5,505,99,2,21,3,3,5,104,6
21805,2021,8,21,6,11,2,1,5,501,99,2,25,4,4,6,104,6
21806,2021,8,21,6,12,3,2,5,501,99,1,39,6,6,8,95,6
21807,2021,8,21,6,10,2,1,5,502,99,1,41,7,7,9,104,6
21808,2021,8,24,2,12,3,2,5,506,99,1,35,6,6,8,104,6
21809,2021,8,24,2,15,3,2,5,501,99,1,42,7,7,9,104,6
21810,2021,8,24,2,15,3,2,5,502,99,1,22,3,3,5,97,6
21811,2021,8,24,2,15,3,2,5,513,99,2,40,7,7,9,104,6
21812,2021,8,24,2,17,3,2,5,506,99,1,28,4,4,6,104,6
21813,2021,8,25,3,13,3,2,5,509,99,1,41,7,7,9,104,6
21814,2021,8,25,3,16,3,2,5,501,99,1,18,2,2,4,104,6
21815,2021,8,26,4,10,2,1,5,502,99,1,22,3,3,5,104,6
21816,2021,8,26,4,10,2,1,5,502,99,1,60,11,11,13,97,6
21817,2021,8,26,4,15,3,2,5,502,99,2,35,6,6,8,97,6
21818,2021,8,26,4,17,3,2,5,513,99,2,24,3,3,5,97,6
21819,2021,8,26,4,20,4,3,5,501,99,1,38,6,6,8,104,6
21820,2021,8,27,5,12,3,2,5,502,99,1,22,3,3,5,104,6
21821,2021,8,27,5,16,3,2,5,501,99,2,48,8,8,10,96,6
21822,2021,8,28,6,15,3,2,5,505,99,2,40,7,7,9,104,6
21823,2021,8,29,7,11,2,1,5,501,99,1,34,5,5,7,97,6
21824,2021,8,31,2,10,2,1,5,513,99,2,21,3,3,5,104,6
21825,2021,8,31,2,16,3,2,5,503,99,1,33,5,5,7,104,6
21826,2021,8,3,2,10,2,1,18,1804,99,1,42,7,7,9,104,6
21827,2021,8,4,3,14,3,2,18,1801,99,1,14,1,1,3,104,6
21828,2021,8,5,4,16,3,2,18,1801,99,2,41,7,7,9,104,6
21829,2021,8,6,5,15,3,2,18,1804,99,2,27,4,4,6,97,6
21830,2021,8,6,5,15,3,2,18,1804,99,1,38,6,6,8,104,6
21831,2021,8,8,7,10,2,1,18,1801,99,2,27,4,4,6,104,6
21832,2021,8,9,1,16,3,2,18,1804,99,1,26,4,4,6,104,6
21833,2021,8,13,5,14,3,2,18,1804,99,1,28,4,4,6,97,6
21834,2021,8,15,7,15,3,2,18,1801,99,1,27,4,4,6,104,6
21835,2021,8,16,1,12,3,2,17,1711,99,1,30,5,5,7,97,6
21836,2021,8,18,3,16,3,2,18,1801,99,1,38,6,6,8,104,6
21837,2021,8,18,3,11,2,1,18,1801,99,1,36,6,6,8,104,6
21838,2021,8,19,4,12,3,2,18,1801,99,1,29,4,4,6,104,6
21839,2021,8,19,4,11,2,1,18,1801,99,1,32,5,5,7,104,6
21840,2021,8,19,4,13,3,2,18,1802,99,2,27,4,4,6,104,6
21841,2021,8,23,1,12,3,2,18,1802,99,2,24,3,3,5,104,6
21842,2021,8,23,1,14,3,2,18,1804,99,1,43,7,7,9,104,6
21843,2021,8,24,2,18,4,3,18,1804,99,2,19,2,2,4,97,6
21844,2021,8,24,2,18,4,3,18,1804,99,1,25,4,4,6,104,6
21845,2021,8,26,4,13,3,2,18,1802,99,2,50,9,9,11,104,6
21846,2021,8,30,1,10,2,1,18,1802,99,2,56,10,10,12,104,6
21847,2021,8,1,7,14,3,2,6,602,99,1,29,4,4,6,104,6
21848,2021,8,2,1,11,2,1,6,613,99,1,38,6,6,8,104,6
21849,2021,8,2,1,22,4,3,6,602,99,1,27,4,4,6,97,6
21850,2021,8,3,2,12,3,2,6,613,99,2,41,7,7,9,97,6
21851,2021,8,3,2,12,3,2,6,608,99,2,22,3,3,5,104,6
21852,2021,8,3,2,16,3,2,6,610,99,2,35,6,6,8,104,6
21853,2021,8,3,2,19,4,3,6,601,99,1,24,3,3,5,104,6
21854,2021,8,4,3,12,3,2,6,614,99,1,35,6,6,8,97,6
21855,2021,8,5,4,13,3,2,6,601,99,2,22,3,3,5,104,6
21856,2021,8,5,4,14,3,2,6,602,99,2,38,6,6,8,104,6
21857,2021,8,5,4,19,4,3,6,609,99,2,36,6,6,8,104,6
21858,2021,8,6,5,9,2,1,6,614,99,1,45,8,8,10,104,6
21859,2021,8,6,5,10,2,1,6,608,99,1,33,5,5,7,104,6
21860,2021,8,6,5,17,3,2,6,609,99,2,37,6,6,8,104,6
21861,2021,8,7,6,9,2,1,6,611,99,1,39,6,6,8,104,6
21862,2021,8,7,6,15,3,2,6,614,99,1,29,4,4,6,104,6
21863,2021,8,8,7,15,3,2,6,607,99,1,20,3,3,5,104,6
21864,2021,8,12,4,11,2,1,6,601,99,2,999,12,16,18,104,6
21865,2021,8,12,4,11,2,1,6,608,99,2,25,4,4,6,104,6
21866,2021,8,12,4,13,3,2,6,602,99,1,28,4,4,6,104,6
21867,2021,8,12,4,15,3,2,6,613,99,2,34,5,5,7,104,6
21868,2021,8,12,4,18,4,3,6,608,99,2,53,9,9,11,104,6
21869,2021,8,13,5,15,3,2,6,602,99,2,68,11,12,14,104,6
21870,2021,8,13,5,18,4,3,6,614,99,2,47,8,8,10,104,6
21871,2021,8,16,1,9,2,1,6,608,99,1,28,4,4,6,104,6
21872,2021,8,16,1,13,3,2,6,614,99,2,58,10,10,12,104,6
21873,2021,8,16,1,15,3,2,6,601,99,1,21,3,3,5,104,6
21874,2021,8,16,1,15,3,2,6,602,99,1,35,6,6,8,104,6
21875,2021,8,17,2,8,2,1,6,603,99,2,23,3,3,5,104,6
21876,2021,8,17,2,8,2,1,6,601,99,2,56,10,10,12,104,6
21877,2021,8,17,2,14,3,2,6,602,99,1,39,6,6,8,104,6
21878,2021,8,18,3,14,3,2,6,601,99,2,30,5,5,7,104,6
21879,2021,8,18,3,15,3,2,1,101,99,2,30,5,5,7,97,6
21880,2021,8,19,4,16,3,2,6,602,99,1,32,5,5,7,104,6
21881,2021,8,20,5,15,3,2,6,603,99,2,31,5,5,7,104,6
21882,2021,8,20,5,16,3,2,6,602,99,2,46,8,8,10,104,6
21883,2021,8,20,5,16,3,2,6,608,99,1,36,6,6,8,104,6
21884,2021,8,23,1,12,3,2,6,604,99,2,29,4,4,6,97,6
21885,2021,8,23,1,14,3,2,6,601,99,2,34,5,5,7,97,6
21886,2021,8,23,1,22,4,3,6,603,99,2,37,6,6,8,104,6
21887,2021,8,24,2,16,3,2,6,601,99,1,28,4,4,6,104,6
21888,2021,8,25,3,11,2,1,6,608,99,2,42,7,7,9,104,6
21889,2021,8,25,3,11,2,1,6,608,99,2,34,5,5,7,104,6
21890,2021,8,25,3,13,3,2,6,608,99,2,41,7,7,9,104,6
21891,2021,8,26,4,16,3,2,6,602,99,2,25,4,4,6,104,6
21892,2021,8,27,5,15,3,2,6,606,99,2,20,3,3,5,97,6
21893,2021,8,27,5,16,3,2,6,613,99,2,48,8,8,10,104,6
21894,2021,8,29,7,20,4,3,6,604,99,1,51,9,9,11,104,6
21895,2021,8,30,1,11,2,1,6,602,99,2,30,5,5,7,104,6
21896,2021,8,30,1,16,3,2,6,601,99,1,65,11,12,14,104,6
21897,2021,8,2,1,15,3,2,1,117,99,2,31,5,5,7,104,6
21898,2021,8,2,1,15,3,2,1,117,99,1,28,4,4,6,97,6
21899,2021,8,2,1,15,3,2,1,117,99,2,35,6,6,8,99,6
21900,2021,8,2,1,15,3,2,1,117,99,1,50,9,9,11,97,6
21901,2021,8,2,1,21,4,3,1,101,18,1,29,4,4,6,104,6
21902,2021,8,2,1,8,2,1,1,115,99,1,26,4,4,6,104,6
21903,2021,8,2,1,16,3,2,1,115,99,1,36,6,6,8,104,6
21904,2021,8,3,2,11,2,1,1,117,99,1,23,3,3,5,104,6
21905,2021,8,4,3,14,3,2,1,115,99,1,46,8,8,10,104,6
21906,2021,8,4,3,10,2,1,1,117,99,2,41,7,7,9,104,6
21907,2021,8,4,3,19,4,3,1,115,99,1,26,4,4,6,97,6
21908,2021,8,5,4,14,3,2,1,115,99,1,45,8,8,10,97,6
21909,2021,8,5,4,17,3,2,1,115,99,1,31,5,5,7,97,6
21910,2021,8,5,4,9,2,1,1,115,99,1,35,6,6,8,104,6
21911,2021,8,5,4,14,3,2,1,117,99,1,44,7,7,9,104,6
21912,2021,8,5,4,10,2,1,1,115,99,1,25,4,4,6,104,6
21913,2021,8,5,4,11,2,1,1,115,99,1,51,9,9,11,97,6
21914,2021,8,6,5,10,2,1,1,115,99,1,40,7,7,9,104,6
21915,2021,8,6,5,12,3,2,1,115,99,2,35,6,6,8,104,6
21916,2021,8,6,5,15,3,2,1,115,99,2,30,5,5,7,95,6
21917,2021,8,6,5,14,3,2,1,115,99,2,35,6,6,8,97,6
21918,2021,8,7,6,9,2,1,1,115,99,1,43,7,7,9,97,6
21919,2021,8,9,1,9,2,1,1,117,99,2,36,6,6,8,104,6
21920,2021,8,10,2,12,3,2,1,115,99,1,41,7,7,9,104,6
21921,2021,8,10,2,14,3,2,1,117,99,1,37,6,6,8,104,6
21922,2021,8,10,2,16,3,2,1,116,99,2,40,7,7,9,97,6
21923,2021,8,10,2,13,3,2,1,116,99,1,45,8,8,10,104,6
21924,2021,8,11,3,13,3,2,1,117,99,1,28,4,4,6,104,6
21925,2021,8,11,3,13,3,2,1,117,99,2,56,10,10,12,97,6
21926,2021,8,11,3,14,3,2,5,501,99,1,32,5,5,7,97,6
21927,2021,8,11,3,15,3,2,1,116,99,2,44,7,7,9,104,6
21928,2021,8,11,3,14,3,2,1,115,99,1,43,7,7,9,104,6
21929,2021,8,12,4,8,2,1,1,115,99,2,35,6,6,8,97,6
21930,2021,8,12,4,16,3,2,1,117,99,1,26,4,4,6,104,6
21931,2021,8,12,4,16,3,2,1,115,99,1,35,6,6,8,104,6
21932,2021,8,12,4,16,3,2,1,115,99,1,63,11,11,13,104,6
21933,2021,8,12,4,16,3,2,1,115,99,1,26,4,4,6,104,6
21934,2021,8,12,4,16,3,2,1,115,99,1,26,4,4,6,104,6
21935,2021,8,13,5,10,2,1,1,116,99,2,41,7,7,9,104,6
21936,2021,8,13,5,14,3,2,1,115,99,2,45,8,8,10,97,6
21937,2021,8,13,5,17,3,2,1,115,99,1,45,8,8,10,97,6
21938,2021,8,14,6,11,2,1,1,115,99,1,59,10,10,12,104,6
21939,2021,8,14,6,16,3,2,1,114,99,1,64,11,11,13,104,6
21940,2021,8,14,6,18,4,3,1,115,99,1,57,10,10,12,104,6
21941,2021,8,18,3,11,2,1,1,115,99,1,24,3,3,5,99,6
21942,2021,8,18,3,17,3,2,1,115,99,1,30,5,5,7,97,6
21943,2021,8,18,3,7,2,1,1,116,99,2,60,11,11,13,104,6
21944,2021,8,18,3,11,2,1,1,115,99,2,42,7,7,9,74,6
21945,2021,8,18,3,12,3,2,1,116,99,1,26,4,4,6,95,6
21946,2021,8,18,3,15,3,2,1,115,99,2,26,4,4,6,104,6
21947,2021,8,18,3,13,3,2,1,115,99,2,47,8,8,10,104,6
21948,2021,8,18,3,13,3,2,1,115,99,2,46,8,8,10,104,6
21949,2021,8,19,4,11,2,1,1,115,99,2,33,5,5,7,104,6
21950,2021,8,19,4,17,3,2,1,117,99,1,39,6,6,8,97,6
21951,2021,8,19,4,21,4,3,1,116,99,1,31,5,5,7,104,6
21952,2021,8,20,5,11,2,1,1,115,99,1,36,6,6,8,104,6
21953,2021,8,20,5,16,3,2,1,115,99,1,24,3,3,5,104,6
21954,2021,8,20,5,14,3,2,1,115,99,1,33,5,5,7,104,6
21955,2021,8,21,6,10,2,1,1,115,99,2,26,4,4,6,97,6
21956,2021,8,21,6,15,3,2,1,116,99,1,33,5,5,7,97,6
21957,2021,8,22,7,11,2,1,1,115,99,1,29,4,4,6,97,6
21958,2021,8,22,7,13,3,2,1,115,99,2,26,4,4,6,97,6
21959,2021,8,22,7,14,3,2,1,115,99,2,51,9,9,11,104,6
21960,2021,8,22,7,17,3,2,1,115,99,1,22,3,3,5,104,6
21961,2021,8,23,1,11,2,1,1,115,99,2,51,9,9,11,104,6
21962,2021,8,24,2,14,3,2,1,115,99,1,26,4,4,6,104,6
21963,2021,8,24,2,11,2,1,1,115,99,1,32,5,5,7,97,6
21964,2021,8,24,2,12,3,2,1,115,99,1,22,3,3,5,104,6
21965,2021,8,24,2,18,4,3,1,117,99,1,33,5,5,7,97,6
21966,2021,8,25,3,20,4,3,1,115,99,2,41,7,7,9,104,6
21967,2021,8,25,3,18,4,3,1,115,99,1,27,4,4,6,97,6
21968,2021,8,25,3,8,2,1,1,115,99,1,31,5,5,7,104,6
21969,2021,8,25,3,15,3,2,1,117,99,2,29,4,4,6,104,6
21970,2021,8,26,4,11,2,1,1,115,99,2,28,4,4,6,97,6
21971,2021,8,27,5,16,3,2,1,115,99,1,24,3,3,5,97,6
21972,2021,8,27,5,15,3,2,1,117,99,1,27,4,4,6,104,6
21973,2021,8,27,5,8,2,1,1,115,99,1,49,8,8,10,97,6
21974,2021,8,27,5,10,2,1,1,115,99,1,21,3,3,5,97,6
21975,2021,8,27,5,19,4,3,1,115,99,2,35,6,6,8,97,6
21976,2021,8,28,6,9,2,1,1,115,99,1,50,9,9,11,104,6
21977,2021,8,29,7,11,2,1,1,115,99,2,23,3,3,5,97,6
21978,2021,8,29,7,11,2,1,1,115,99,2,23,3,3,5,104,6
21979,2021,8,30,1,10,2,1,1,115,99,1,43,7,7,9,104,6
21980,2021,8,30,1,14,3,2,1,115,99,1,38,6,6,8,104,6
21981,2021,8,30,1,15,3,2,1,115,99,2,46,8,8,10,104,6
21982,2021,8,30,1,17,3,2,1,115,99,1,25,4,4,6,97,6
21983,2021,8,30,1,16,3,2,1,114,99,1,42,7,7,9,97,6
21984,2021,8,30,1,13,3,2,1,117,99,2,45,8,8,10,97,6
21985,2021,8,30,1,15,3,2,1,115,99,2,57,10,10,12,97,6
21986,2021,8,31,2,10,2,1,1,115,99,2,56,10,10,12,104,6
21987,2021,8,31,2,16,3,2,1,115,99,2,42,7,7,9,104,6
21988,2021,8,31,2,9,2,1,1,101,12,2,999,12,16,18,104,6
21989,2021,8,31,2,11,2,1,1,115,99,2,35,6,6,8,97,6
21990,2021,8,2,1,9,2,1,1,110,99,1,43,7,7,9,104,6
21991,2021,8,3,2,13,3,2,1,108,99,1,42,7,7,9,97,6
21992,2021,8,3,2,9,2,1,1,108,99,2,27,4,4,6,97,6
21993,2021,8,3,2,17,3,2,1,110,99,1,37,6,6,8,104,6
21994,2021,8,3,2,18,4,3,1,110,99,2,26,4,4,6,104,6
21995,2021,8,3,2,17,3,2,1,108,99,1,58,10,10,12,97,6
21996,2021,8,4,3,15,3,2,1,108,99,1,29,4,4,6,97,6
21997,2021,8,4,3,12,3,2,1,108,99,1,22,3,3,5,104,6
21998,2021,8,5,4,14,3,2,1,110,99,2,33,5,5,7,104,6
21999,2021,8,8,7,15,3,2,1,109,99,1,23,3,3,5,104,6
22000,2021,8,8,7,11,2,1,1,108,99,2,40,7,7,9,97,6
22001,2021,8,8,7,13,3,2,1,108,99,2,23,3,3,5,104,6
22002,2021,8,9,1,2,1,1,1,106,99,2,54,9,9,11,104,6
22003,2021,8,9,1,15,3,2,1,109,99,2,19,2,2,4,104,6
22004,2021,8,9,1,15,3,2,1,109,99,1,33,5,5,7,97,6
22005,2021,8,9,1,15,3,2,1,111,99,2,50,9,9,11,104,6
22006,2021,8,10,2,15,3,2,1,110,99,2,29,4,4,6,97,6
22007,2021,8,10,2,17,3,2,1,108,99,1,71,11,13,15,104,6
22008,2021,8,10,2,22,4,3,1,108,99,1,37,6,6,8,97,6
22009,2021,8,11,3,13,3,2,1,101,19,1,45,8,8,10,104,6
22010,2021,8,11,3,11,2,1,1,108,99,2,32,5,5,7,97,6
22011,2021,8,11,3,11,2,1,1,108,99,1,46,8,8,10,97,6
22012,2021,8,11,3,18,4,3,1,108,99,2,56,10,10,12,97,6
22013,2021,8,12,4,9,2,1,1,108,99,1,34,5,5,7,97,6
22014,2021,8,13,5,15,3,2,1,108,99,1,59,10,10,12,97,6
22015,2021,8,13,5,20,4,3,1,108,99,1,30,5,5,7,104,6
22016,2021,8,14,6,11,2,1,1,110,99,1,64,11,11,13,97,6
22017,2021,8,14,6,12,3,2,1,108,99,1,34,5,5,7,97,6
22018,2021,8,14,6,13,3,2,1,108,99,1,31,5,5,7,97,6
22019,2021,8,14,6,14,3,2,1,101,14,1,42,7,7,9,97,6
22020,2021,8,15,7,8,2,1,1,108,99,1,76,11,14,16,104,6
22021,2021,8,16,1,14,3,2,1,101,19,1,41,7,7,9,97,6
22022,2021,8,16,1,15,3,2,1,115,99,1,27,4,4,6,104,6
22023,2021,8,16,1,17,3,2,1,110,99,1,21,3,3,5,104,6
22024,2021,8,16,1,21,4,3,1,108,99,1,31,5,5,7,104,6
22025,2021,8,18,3,11,2,1,1,108,99,2,41,7,7,9,97,6
22026,2021,8,18,3,11,2,1,1,108,99,1,46,8,8,10,97,6
22027,2021,8,18,3,18,4,3,1,109,99,1,62,11,11,13,104,6
22028,2021,8,18,3,18,4,3,1,108,99,1,40,7,7,9,104,6
22029,2021,8,19,4,12,3,2,1,108,99,2,28,4,4,6,104,6
22030,2021,8,19,4,14,3,2,1,108,99,2,23,3,3,5,97,6
22031,2021,8,19,4,15,3,2,1,109,99,1,32,5,5,7,97,6
22032,2021,8,19,4,15,3,2,1,110,99,2,33,5,5,7,104,6
22033,2021,8,19,4,17,3,2,1,108,99,1,34,5,5,7,104,6
22034,2021,8,19,4,20,4,3,1,101,19,2,30,5,5,7,97,6
22035,2021,8,20,5,10,2,1,1,108,99,1,47,8,8,10,97,6
22036,2021,8,20,5,11,2,1,1,108,99,1,52,9,9,11,97,6
22037,2021,8,20,5,12,3,2,1,108,99,1,40,7,7,9,97,6
22038,2021,8,20,5,21,4,3,1,108,99,1,37,6,6,8,97,6
22039,2021,8,21,6,0,1,1,1,108,99,1,43,7,7,9,99,6
22040,2021,8,21,6,0,1,1,1,108,99,1,43,7,7,9,99,6
22041,2021,8,21,6,0,1,1,1,108,99,1,43,7,7,9,99,6
22042,2021,8,21,6,17,3,2,1,108,99,2,29,4,4,6,104,6
22043,2021,8,23,1,10,2,1,1,108,99,2,25,4,4,6,104,6
22044,2021,8,23,1,13,3,2,1,108,99,1,25,4,4,6,97,6
22045,2021,8,23,1,14,3,2,1,108,99,2,28,4,4,6,97,6
22046,2021,8,23,1,17,3,2,1,108,99,1,27,4,4,6,104,6
22047,2021,8,24,2,14,3,2,1,108,99,2,53,9,9,11,104,6
22048,2021,8,24,2,17,3,2,1,108,99,1,29,4,4,6,104,6
22049,2021,8,26,4,15,3,2,1,110,99,2,28,4,4,6,104,6
22050,2021,8,26,4,20,4,3,1,108,99,2,39,6,6,8,97,6
22051,2021,8,27,5,17,3,2,1,108,99,1,47,8,8,10,97,6
22052,2021,8,28,6,10,2,1,1,108,99,1,29,4,4,6,97,6
22053,2021,8,28,6,13,3,2,1,115,99,1,41,7,7,9,97,6
22054,2021,8,28,6,14,3,2,1,108,99,2,60,11,11,13,97,6
22055,2021,8,28,6,15,3,2,1,108,99,1,25,4,4,6,104,6
22056,2021,8,29,7,9,2,1,1,108,99,1,30,5,5,7,97,6
22057,2021,8,30,1,10,2,1,1,108,99,2,68,11,12,14,104,6
22058,2021,8,31,2,10,2,1,1,108,99,2,25,4,4,6,97,6
22059,2021,8,31,2,12,3,2,1,108,99,1,29,4,4,6,97,6
22060,2021,8,31,2,12,3,2,1,108,99,2,23,3,3,5,97,6
22061,2021,8,31,2,15,3,2,1,110,99,1,37,6,6,8,104,6
22062,2021,8,31,2,17,3,2,1,108,99,1,57,10,10,12,97,6
22063,2021,8,3,2,11,2,1,9,920,99,2,36,6,6,8,104,6
22064,2021,8,3,2,11,2,1,9,920,99,1,58,10,10,12,104,6
22065,2021,8,4,3,16,3,2,9,920,99,1,20,3,3,5,97,6
22066,2021,8,4,3,16,3,2,9,922,99,2,40,7,7,9,104,6
22067,2021,8,6,5,11,2,1,9,917,99,2,33,5,5,7,104,6
22068,2021,8,6,5,9,2,1,12,1216,99,2,31,5,5,7,97,6
22069,2021,8,6,5,12,3,2,12,1230,99,1,33,5,5,7,104,6
22070,2021,8,9,1,10,2,1,9,920,99,2,27,4,4,6,97,6
22071,2021,8,10,2,9,2,1,9,920,99,1,20,3,3,5,104,6
22072,2021,8,10,2,15,3,2,9,917,99,1,21,3,3,5,97,6
22073,2021,8,11,3,18,4,3,9,920,99,1,38,6,6,8,104,6
22074,2021,8,13,5,16,3,2,9,920,99,2,29,4,4,6,97,6
22075,2021,8,13,5,18,4,3,9,922,99,1,37,6,6,8,97,6
22076,2021,8,14,6,12,3,2,9,920,99,1,45,8,8,10,104,6
22077,2021,8,16,1,15,3,2,9,920,99,2,28,4,4,6,97,6
22078,2021,8,16,1,20,4,3,9,922,99,2,57,10,10,12,104,6
22079,2021,8,17,2,19,4,3,9,920,99,1,25,4,4,6,104,6
22080,2021,8,18,3,9,2,1,9,920,99,1,25,4,4,6,104,6
22081,2021,8,18,3,9,2,1,12,1221,99,1,31,5,5,7,104,6
22082,2021,8,18,3,11,2,1,9,920,99,1,33,5,5,7,97,6
22083,2021,8,19,4,12,3,2,9,920,99,1,44,7,7,9,97,6
22084,2021,8,19,4,16,3,2,9,920,99,1,27,4,4,6,99,6
22085,2021,8,19,4,18,4,3,9,920,99,1,33,5,5,7,104,6
22086,2021,8,21,6,15,3,2,9,912,99,1,46,8,8,10,94,6
22087,2021,8,23,1,11,2,1,9,920,99,1,37,6,6,8,97,6
22088,2021,8,23,1,11,2,1,9,920,99,2,17,2,2,4,104,6
22089,2021,8,23,1,13,3,2,9,920,99,1,48,8,8,10,97,6
22090,2021,8,24,2,12,3,2,9,920,99,1,27,4,4,6,104,6
22091,2021,8,26,4,12,3,2,9,920,99,2,40,7,7,9,104,6
22092,2021,8,29,7,8,2,1,9,920,99,1,41,7,7,9,95,6
22093,2021,8,30,1,17,3,2,9,917,99,2,40,7,7,9,104,6
22094,2021,8,30,1,18,4,3,9,920,99,1,30,5,5,7,97,6
22095,2021,8,31,2,19,4,3,9,920,99,1,63,11,11,13,104,6
22096,2021,8,17,2,99,5,4,3,309,99,2,38,6,6,8,104,6
22097,2021,8,31,2,99,5,4,3,302,99,1,37,6,6,8,104,6
22098,2021,8,31,2,99,5,4,3,301,99,1,44,7,7,9,104,6
22099,2021,8,19,4,99,5,4,1,105,99,1,83,11,15,17,15,5
22100,2021,8,29,7,7,2,1,16,1601,99,2,999,12,16,18,28,3
22101,2021,9,1,3,16,3,2,1,101,14,1,30,5,5,7,69,3
22102,2021,9,2,4,0,1,1,2,203,99,1,60,11,11,13,75,3
22103,2021,9,2,4,8,2,1,1,101,11,1,28,4,4,6,75,3
22104,2021,9,3,5,10,2,1,1,108,99,1,25,4,4,6,75,3
22105,2021,9,4,6,16,3,2,5,504,99,1,48,8,8,10,69,3
22106,2021,9,5,7,5,1,1,19,1904,99,1,61,11,11,13,75,3
22107,2021,9,5,7,8,2,1,19,1911,99,1,28,4,4,6,75,3
22108,2021,9,5,7,12,3,2,5,511,99,1,61,11,11,13,75,3
22109,2021,9,6,1,9,2,1,1,116,99,1,47,8,8,10,69,3
22110,2021,9,6,1,17,3,2,9,921,99,1,37,6,6,8,75,3
22111,2021,9,7,2,20,4,3,1,101,11,1,21,3,3,5,69,3
22112,2021,9,7,2,13,3,2,5,501,99,1,41,7,7,9,75,3
22113,2021,9,7,2,20,4,3,1,101,12,1,39,6,6,8,75,3
22114,2021,9,7,2,10,2,1,6,604,99,1,52,9,9,11,75,3
22115,2021,9,8,3,11,2,1,1,101,1,1,28,4,4,6,75,3
22116,2021,9,8,3,9,2,1,20,2003,99,1,999,12,16,18,69,3
22117,2021,9,9,4,21,4,3,21,2101,99,1,33,5,5,7,75,3
22118,2021,9,9,4,4,1,1,5,501,99,1,28,4,4,6,75,3
22119,2021,9,9,4,20,4,3,11,1101,99,1,53,9,9,11,75,3
22120,2021,9,11,6,10,2,1,1,101,7,1,38,6,6,8,69,3
22121,2021,9,11,6,23,4,3,11,1107,99,1,61,11,11,13,69,3
22122,2021,9,12,7,7,2,1,18,1801,99,1,33,5,5,7,69,3
22123,2021,9,12,7,21,4,3,1,116,99,2,39,6,6,8,75,3
22124,2021,9,13,1,5,1,1,1,101,10,1,31,5,5,7,69,3
22125,2021,9,13,1,14,3,2,18,1801,99,1,40,7,7,9,69,3
22126,2021,9,14,2,0,1,1,4,416,99,1,33,5,5,7,75,3
22127,2021,9,15,3,19,4,3,18,1802,99,1,23,3,3,5,69,3
22128,2021,9,15,3,23,4,3,1,101,7,1,33,5,5,7,69,3
22129,2021,9,15,3,23,4,3,1,115,99,1,56,10,10,12,75,3
22130,2021,9,15,3,1,1,1,1,115,99,1,53,9,9,11,75,3
22131,2021,9,16,4,8,2,1,1,101,11,1,52,9,9,11,75,3
22132,2021,9,16,4,20,4,3,5,501,99,1,22,3,3,5,69,3
22133,2021,9,17,5,12,3,2,5,511,99,1,26,4,4,6,69,3
22134,2021,9,18,6,18,4,3,1,101,15,1,37,6,6,8,75,3
22135,2021,9,18,6,20,4,3,1,108,99,1,42,7,7,9,75,3
22136,2021,9,18,6,15,3,2,10,1001,99,1,36,6,6,8,75,3
22137,2021,9,18,6,6,2,1,11,1101,99,1,43,7,7,9,75,3
22138,2021,9,20,1,17,3,2,1,115,99,1,41,7,7,9,69,3
22139,2021,9,20,1,10,2,1,1,108,99,1,36,6,6,8,69,3
22140,2021,9,20,1,18,4,3,1,108,99,1,27,4,4,6,75,3
22141,2021,9,20,1,19,4,3,10,1010,99,1,46,8,8,10,75,3
22142,2021,9,23,4,2,1,1,6,601,99,1,34,5,5,7,75,3
22143,2021,9,23,4,18,4,3,4,405,99,1,40,7,7,9,75,3
22144,2021,9,24,5,11,2,1,18,1804,99,1,38,6,6,8,75,3
22145,2021,9,26,7,11,2,1,1,113,99,1,28,4,4,6,75,3
22146,2021,9,26,7,13,3,2,1,115,99,1,44,7,7,9,75,3
22147,2021,9,27,1,15,3,2,4,401,99,1,64,11,11,13,75,3
22148,2021,9,27,1,2,1,1,22,2207,99,1,25,4,4,6,75,3
22149,2021,9,28,2,10,2,1,1,101,17,1,59,10,10,12,75,3
22150,2021,9,28,2,22,4,3,2,207,99,1,61,11,11,13,75,3
22151,2021,9,29,3,14,3,2,1,108,99,1,29,4,4,6,75,3
22152,2021,9,29,3,6,2,1,1,101,14,1,24,3,3,5,75,3
22153,2021,9,30,4,12,3,2,1,108,99,1,50,9,9,11,69,3
22154,2021,9,30,4,18,4,3,5,501,99,1,35,6,6,8,75,3
22155,2021,9,30,4,10,2,1,15,1508,99,1,45,8,8,10,69,3
22156,2021,9,30,4,10,2,1,15,1508,99,1,45,8,8,10,69,3
22157,2021,9,30,4,16,3,2,2,201,99,1,29,4,4,6,75,3
22158,2021,10,1,5,11,2,1,1,101,6,1,33,5,5,7,75,3
22159,2021,10,1,5,12,3,2,1,101,13,1,48,8,8,10,75,3
22160,2021,10,1,5,13,3,2,1,101,21,1,79,11,14,16,75,3
22161,2021,10,2,6,13,3,2,1,113,99,1,29,4,4,6,69,3
22162,2021,10,2,6,14,3,2,1,113,99,1,35,6,6,8,69,3
22163,2021,10,2,6,7,2,1,9,922,99,1,999,12,16,18,69,3
22164,2021,10,2,6,7,2,1,9,922,99,1,999,12,16,18,69,3
22165,2021,10,3,7,22,4,3,5,509,99,1,52,9,9,11,75,3
22166,2021,10,4,1,23,4,3,1,101,19,1,36,6,6,8,75,3
22167,2021,10,5,2,2,1,1,1,101,11,1,35,6,6,8,69,3
22168,2021,10,5,2,20,4,3,1,108,99,1,30,5,5,7,69,3
22169,2021,10,5,2,8,2,1,5,502,99,1,37,6,6,8,69,3
22170,2021,10,6,3,15,3,2,1,101,1,1,71,11,13,15,69,3
22171,2021,10,7,4,10,2,1,19,1903,99,1,26,4,4,6,75,3
22172,2021,10,7,4,13,3,2,5,501,99,1,52,9,9,11,75,3
22173,2021,10,7,4,11,2,1,5,509,99,1,70,11,13,15,75,3
22174,2021,10,8,5,10,2,1,1,113,99,1,60,11,11,13,75,3
22175,2021,10,8,5,0,1,1,5,511,99,1,31,5,5,7,75,3
22176,2021,10,9,6,12,3,2,5,506,99,2,54,9,9,11,75,3
22177,2021,10,9,6,18,4,3,5,507,99,1,53,9,9,11,69,3
22178,2021,10,9,6,19,4,3,5,501,99,1,39,6,6,8,69,3
22179,2021,10,10,7,10,2,1,1,111,99,1,75,11,14,16,75,3
22180,2021,10,11,1,10,2,1,19,1901,99,1,40,7,7,9,75,3
22181,2021,10,11,1,18,4,3,5,505,99,1,44,7,7,9,75,3
22182,2021,10,11,1,18,4,3,5,505,99,1,44,7,7,9,75,3
22183,2021,10,11,1,18,4,3,5,505,99,1,44,7,7,9,75,3
22184,2021,10,12,2,18,4,3,19,1905,99,1,38,6,6,8,75,3
22185,2021,10,12,2,13,3,2,10,1002,99,1,46,8,8,10,75,3
22186,2021,10,13,3,19,4,3,3,309,99,1,49,8,8,10,75,3
22187,2021,10,14,4,15,3,2,1,108,99,1,66,11,12,14,75,3
22188,2021,10,14,4,15,3,2,1,108,99,1,66,11,12,14,75,3
22189,2021,10,14,4,16,3,2,11,1101,99,1,52,9,9,11,75,3
22190,2021,10,16,6,10,2,1,1,101,9,1,50,9,9,11,69,3
22191,2021,10,17,7,19,4,3,1,116,99,1,52,9,9,11,75,3
22192,2021,10,17,7,13,3,2,19,1903,99,1,40,7,7,9,69,3
22193,2021,10,17,7,12,3,2,3,308,99,1,38,6,6,8,69,3
22194,2021,10,18,1,9,2,1,1,101,7,1,29,4,4,6,75,3
22195,2021,10,19,2,9,2,1,1,101,7,1,38,6,6,8,75,3
22196,2021,10,19,2,9,2,1,5,509,99,1,34,5,5,7,75,3
22197,2021,10,20,3,8,2,1,1,116,99,1,48,8,8,10,75,3
22198,2021,10,22,5,9,2,1,1,101,7,1,35,6,6,8,75,3
22199,2021,10,24,7,10,2,1,1,101,7,1,28,4,4,6,75,3
22200,2021,10,24,7,23,4,3,3,309,99,1,53,9,9,11,69,3
22201,2021,10,25,1,18,4,3,1,101,12,1,22,3,3,5,69,3
22202,2021,10,26,2,20,4,3,2,201,99,1,30,5,5,7,69,3
22203,2021,10,26,2,0,1,1,3,303,99,1,30,5,5,7,69,3
22204,2021,10,28,4,8,2,1,1,114,99,1,26,4,4,6,75,3
22205,2021,10,29,5,8,2,1,1,108,99,1,24,3,3,5,69,3
22206,2021,10,29,5,12,3,2,2,201,99,1,40,7,7,9,75,3
22207,2021,10,30,6,10,2,1,1,101,15,1,43,7,7,9,75,3
22208,2021,10,30,6,10,2,1,1,102,99,1,56,10,10,12,75,3
22209,2021,10,30,6,10,2,1,1,102,99,1,56,10,10,12,75,3
22210,2021,10,30,6,10,2,1,1,102,99,1,56,10,10,12,75,3
22211,2021,10,30,6,11,2,1,2,201,99,1,46,8,8,10,75,3
22212,2021,10,31,7,18,4,3,1,101,5,1,39,6,6,8,75,3
22213,2021,10,31,7,16,3,2,5,501,99,1,48,8,8,10,75,3
22214,2021,9,1,3,8,2,1,1,101,10,1,52,9,9,11,20,3
22215,2021,9,1,3,16,3,2,1,101,7,2,30,5,5,7,20,3
22216,2021,9,1,3,13,3,2,15,1503,99,1,30,5,5,7,20,3
22217,2021,9,1,3,11,2,1,2,207,99,1,24,3,3,5,20,3
22218,2021,9,1,3,3,1,1,4,401,99,1,26,4,4,6,20,3
22219,2021,9,1,3,15,3,2,3,301,99,2,999,12,16,18,20,3
22220,2021,9,2,4,12,3,2,1,108,99,1,18,2,2,4,20,3
22221,2021,9,2,4,0,1,1,2,203,99,1,60,11,11,13,81,3
22222,2021,9,2,4,11,2,1,22,2205,99,1,999,12,16,18,19,3
22223,2021,9,3,5,20,4,3,1,101,15,2,59,10,10,12,19,3
22224,2021,9,3,5,10,2,1,1,108,99,1,25,4,4,6,19,3
22225,2021,9,4,6,20,4,3,1,113,99,1,30,5,5,7,81,3
22226,2021,9,4,6,23,4,3,1,102,99,1,52,9,9,11,81,3
22227,2021,9,4,6,9,2,1,1,101,12,1,46,8,8,10,20,3
22228,2021,9,4,6,9,2,1,22,2206,99,1,48,8,8,10,81,3
22229,2021,9,5,7,12,3,2,1,114,99,1,999,12,16,18,32,3
22230,2021,9,5,7,12,3,2,22,2213,99,2,26,4,4,6,81,3
22231,2021,9,6,1,9,2,1,1,116,99,1,47,8,8,10,20,3
22232,2021,9,6,1,12,3,2,21,2102,99,2,17,2,2,4,20,3
22233,2021,9,6,1,5,1,1,5,501,99,1,43,7,7,9,20,3
22234,2021,9,6,1,14,3,2,11,1106,99,1,999,12,16,18,20,3
22235,2021,9,7,2,13,3,2,11,1105,99,1,999,12,16,18,20,3
22236,2021,9,7,2,9,2,1,16,1601,99,1,999,12,16,18,21,3
22237,2021,9,8,3,18,4,3,1,101,17,1,14,1,1,3,21,3
22238,2021,9,8,3,12,3,2,1,101,15,1,49,8,8,10,21,3
22239,2021,9,8,3,9,2,1,20,2003,99,1,999,12,16,18,27,3
22240,2021,9,8,3,9,2,1,6,608,99,1,26,4,4,6,20,3
22241,2021,9,8,3,14,3,2,16,1608,99,1,999,12,16,18,19,3
22242,2021,9,8,3,4,1,1,17,1707,99,1,49,8,8,10,81,3
22243,2021,9,8,3,11,2,1,17,1701,99,1,46,8,8,10,81,3
22244,2021,9,9,4,21,4,3,21,2101,99,1,33,5,5,7,81,3
22245,2021,9,9,4,10,2,1,15,1505,99,2,999,12,16,18,21,3
22246,2021,9,9,4,9,2,1,3,308,99,2,70,11,13,15,19,3
22247,2021,9,9,4,16,3,2,17,1712,99,1,999,12,16,18,19,3
22248,2021,9,10,5,3,1,1,1,101,7,1,22,3,3,5,81,3
22249,2021,9,10,5,22,4,3,1,108,99,1,47,8,8,10,20,3
22250,2021,9,10,5,21,4,3,1,108,99,1,65,11,12,14,81,3
22251,2021,9,11,6,8,2,1,1,116,99,1,26,4,4,6,21,3
22252,2021,9,11,6,11,2,1,16,1601,99,1,999,12,16,18,21,3
22253,2021,9,12,7,18,4,3,1,101,16,2,54,9,9,11,81,3
22254,2021,9,12,7,11,2,1,1,114,99,2,24,3,3,5,20,3
22255,2021,9,12,7,21,4,3,1,116,99,2,39,6,6,8,81,3
22256,2021,9,12,7,21,4,3,16,1603,99,2,28,4,4,6,20,3
22257,2021,9,13,1,11,2,1,16,1609,99,2,999,12,16,18,20,3
22258,2021,9,14,2,4,1,1,5,501,99,1,999,12,16,18,32,3
22259,2021,9,14,2,16,3,2,11,1105,99,1,999,12,16,18,20,3
22260,2021,9,14,2,18,4,3,13,1301,99,2,27,4,4,6,20,3
22261,2021,9,14,2,11,2,1,4,401,99,1,999,12,16,18,20,3
22262,2021,9,15,3,2,1,1,1,116,99,1,56,10,10,12,81,3
22263,2021,9,15,3,3,1,1,5,501,99,1,999,12,16,18,19,3
22264,2021,9,15,3,13,3,2,17,1713,99,1,999,12,16,18,20,3
22265,2021,9,15,3,0,1,1,18,1804,99,1,999,12,16,18,20,3
22266,2021,9,15,3,19,4,3,1,108,99,1,56,10,10,12,19,3
22267,2021,9,15,3,21,4,3,9,901,99,2,37,6,6,8,19,3
22268,2021,9,15,3,15,3,2,18,1804,99,1,999,12,16,18,20,3
22269,2021,9,16,4,17,3,2,1,103,99,1,999,12,16,18,20,3
22270,2021,9,16,4,4,1,1,1,117,99,1,3,1,1,1,19,3
22271,2021,9,16,4,5,1,1,1,115,99,1,3,1,1,1,20,3
22272,2021,9,16,4,10,2,1,5,503,99,1,6,1,1,2,21,3
22273,2021,9,16,4,12,3,2,6,601,99,1,26,4,4,6,20,3
22274,2021,9,17,5,4,1,1,1,101,18,2,45,8,8,10,81,3
22275,2021,9,17,5,20,4,3,1,101,18,1,66,11,12,14,81,3
22276,2021,9,17,5,21,4,3,1,103,99,1,42,7,7,9,81,3
22277,2021,9,17,5,7,2,1,1,117,99,2,33,5,5,7,81,3
22278,2021,9,17,5,1,1,1,11,1101,99,1,33,5,5,7,21,3
22279,2021,9,18,6,5,1,1,1,101,4,1,58,10,10,12,21,3
22280,2021,9,18,6,5,1,1,1,116,99,1,23,3,3,5,21,3
22281,2021,9,18,6,7,2,1,20,2007,99,2,999,12,16,18,21,3
22282,2021,9,18,6,20,4,3,7,719,99,1,60,11,11,13,81,3
22283,2021,9,19,7,14,3,2,1,101,2,1,55,10,10,12,81,3
22284,2021,9,19,7,10,2,1,1,101,8,2,27,4,4,6,81,3
22285,2021,9,20,1,4,1,1,1,101,1,1,31,5,5,7,20,3
22286,2021,9,20,1,20,4,3,1,102,99,2,30,5,5,7,81,3
22287,2021,9,20,1,12,3,2,1,101,14,1,26,4,4,6,20,3
22288,2021,9,20,1,4,1,1,1,115,99,1,26,4,4,6,20,3
22289,2021,9,20,1,10,2,1,1,108,99,1,36,6,6,8,20,3
22290,2021,9,20,1,16,3,2,20,2001,99,2,38,6,6,8,19,3
22291,2021,9,20,1,7,2,1,5,501,99,2,32,5,5,7,20,3
22292,2021,9,20,1,9,2,1,4,402,99,1,23,3,3,5,20,3
22293,2021,9,21,2,7,2,1,1,103,99,1,42,7,7,9,20,3
22294,2021,9,21,2,7,2,1,1,103,99,1,32,5,5,7,20,3
22295,2021,9,21,2,10,2,1,1,115,99,2,45,8,8,10,81,3
22296,2021,9,21,2,13,3,2,1,108,99,2,42,7,7,9,19,3
22297,2021,9,21,2,12,3,2,22,2203,99,1,40,7,7,9,19,3
22298,2021,9,21,2,12,3,2,17,1704,99,1,58,10,10,12,19,3
22299,2021,9,22,3,8,2,1,1,101,14,1,55,10,10,12,19,3
22300,2021,9,22,3,0,1,1,1,116,99,2,39,6,6,8,81,3
22301,2021,9,22,3,4,1,1,1,117,99,2,38,6,6,8,81,3
22302,2021,9,22,3,15,3,2,5,501,99,1,999,12,16,18,21,3
22303,2021,9,22,3,7,2,1,14,1402,99,1,27,4,4,6,21,3
22304,2021,9,23,4,10,2,1,1,117,99,1,39,6,6,8,81,3
22305,2021,9,23,4,11,2,1,1,117,99,1,34,5,5,7,81,3
22306,2021,9,23,4,19,4,3,16,1601,99,1,999,12,16,18,20,3
22307,2021,9,23,4,12,3,2,15,1508,99,2,14,1,1,3,21,3
22308,2021,9,24,5,15,3,2,9,920,99,1,999,12,16,18,21,3
22309,2021,9,25,6,0,1,1,21,2101,99,1,999,12,16,18,78,3
22310,2021,9,25,6,13,3,2,11,1101,99,1,26,4,4,6,81,3
22311,2021,9,26,7,19,4,3,18,1804,99,2,44,7,7,9,20,3
22312,2021,9,26,7,12,3,2,1,115,99,1,44,7,7,9,19,3
22313,2021,9,26,7,12,3,2,16,1601,99,1,24,3,3,5,19,3
22314,2021,9,27,1,8,2,1,1,101,13,2,39,6,6,8,21,3
22315,2021,9,27,1,7,2,1,1,108,99,1,30,5,5,7,21,3
22316,2021,9,27,1,20,4,3,12,1201,99,1,999,12,16,18,21,3
22317,2021,9,27,1,16,3,2,18,1805,99,1,22,3,3,5,21,3
22318,2021,9,28,2,14,3,2,19,1901,99,1,27,4,4,6,20,3
22319,2021,9,29,3,14,3,2,1,101,5,2,67,11,12,14,19,3
22320,2021,9,29,3,17,3,2,5,502,99,1,49,8,8,10,20,3
22321,2021,9,29,3,7,2,1,4,401,99,1,49,8,8,10,20,3
22322,2021,9,30,4,10,2,1,1,101,1,2,21,3,3,5,20,3
22323,2021,9,30,4,19,4,3,1,101,18,2,25,4,4,6,19,3
22324,2021,9,30,4,7,2,1,1,115,99,2,35,6,6,8,81,3
22325,2021,9,30,4,12,3,2,1,108,99,1,50,9,9,11,19,3
22326,2021,9,30,4,5,1,1,20,2007,99,1,61,11,11,13,19,3
22327,2021,9,30,4,9,2,1,11,1101,99,1,999,12,16,18,20,3
22328,2021,9,30,4,20,4,3,17,1709,99,1,18,2,2,4,19,3
22329,2021,10,1,5,10,2,1,1,101,11,1,27,4,4,6,20,3
22330,2021,10,1,5,18,4,3,1,117,99,1,22,3,3,5,20,3
22331,2021,10,1,5,10,2,1,5,501,99,2,999,12,16,18,19,3
22332,2021,10,1,5,10,2,1,5,509,99,1,29,4,4,6,20,3
22333,2021,10,1,5,8,2,1,16,1601,99,2,50,9,9,11,20,3
22334,2021,10,2,6,2,1,1,9,901,99,1,999,12,16,18,20,3
22335,2021,10,2,6,7,2,1,9,922,99,1,999,12,16,18,19,3
22336,2021,10,2,6,3,1,1,12,1219,99,2,999,12,16,18,19,3
22337,2021,10,3,7,1,1,1,1,101,5,1,24,3,3,5,20,3
22338,2021,10,3,7,18,4,3,1,108,99,2,42,7,7,9,19,3
22339,2021,10,3,7,0,1,1,6,605,99,2,31,5,5,7,19,3
22340,2021,10,3,7,2,1,1,11,1101,99,1,999,12,16,18,19,3
22341,2021,10,3,7,23,4,3,9,901,99,1,38,6,6,8,19,3
22342,2021,10,3,7,19,4,3,15,1501,99,1,40,7,7,9,19,3
22343,2021,10,4,1,15,3,2,1,101,1,1,28,4,4,6,19,3
22344,2021,10,4,1,6,2,1,1,101,25,1,33,5,5,7,20,3
22345,2021,10,4,1,6,2,1,1,114,99,1,31,5,5,7,20,3
22346,2021,10,4,1,8,2,1,1,108,99,1,42,7,7,9,20,3
22347,2021,10,5,2,13,3,2,1,101,21,2,26,4,4,6,20,3
22348,2021,10,5,2,17,3,2,5,505,99,1,22,3,3,5,20,3
22349,2021,10,5,2,8,2,1,5,502,99,1,37,6,6,8,19,3
22350,2021,10,5,2,15,3,2,5,501,99,2,40,7,7,9,32,3
22351,2021,10,5,2,17,3,2,10,1001,99,1,40,7,7,9,20,3
22352,2021,10,7,4,11,2,1,5,509,99,1,70,11,13,15,81,3
22353,2021,10,7,4,11,2,1,16,1601,99,1,25,4,4,6,20,3
22354,2021,10,8,5,7,2,1,1,108,99,1,43,7,7,9,20,3
22355,2021,10,8,5,0,1,1,5,511,99,1,31,5,5,7,19,3
22356,2021,10,8,5,4,1,1,9,901,99,1,999,12,16,18,20,3
22357,2021,10,8,5,13,3,2,2,203,99,1,31,5,5,7,20,3
22358,2021,10,9,6,16,3,2,1,101,7,1,27,4,4,6,32,3
22359,2021,10,9,6,20,4,3,1,108,99,1,51,9,9,11,81,3
22360,2021,10,9,6,12,3,2,5,506,99,2,54,9,9,11,81,3
22361,2021,10,9,6,18,4,3,13,1301,99,2,999,12,16,18,81,3
22362,2021,10,10,7,16,3,2,1,101,18,1,72,11,13,15,81,3
22363,2021,10,10,7,7,2,1,1,101,12,1,57,10,10,12,21,3
22364,2021,10,10,7,10,2,1,1,111,99,1,75,11,14,16,81,3
22365,2021,10,11,1,10,2,1,1,108,99,1,22,3,3,5,81,3
22366,2021,10,11,1,19,4,3,1,108,99,1,34,5,5,7,81,3
22367,2021,10,11,1,18,4,3,5,505,99,1,44,7,7,9,81,3
22368,2021,10,11,1,22,4,3,3,306,99,2,38,6,6,8,81,3
22369,2021,10,12,2,14,3,2,1,108,99,1,25,4,4,6,21,3
22370,2021,10,12,2,13,3,2,12,1210,99,1,999,12,16,18,21,3
22371,2021,10,12,2,13,3,2,12,1201,99,1,999,12,16,18,21,3
22372,2021,10,12,2,21,4,3,13,1327,99,1,999,12,16,18,21,3
22373,2021,10,12,2,11,2,1,3,312,99,1,46,8,8,10,21,3
22374,2021,10,13,3,9,2,1,1,102,99,1,38,6,6,8,21,3
22375,2021,10,13,3,12,3,2,2,201,99,2,32,5,5,7,20,3
22376,2021,10,14,4,16,3,2,1,101,17,1,61,11,11,13,81,3
22377,2021,10,14,4,11,2,1,1,108,99,1,66,11,12,14,19,3
22378,2021,10,14,4,19,4,3,10,1020,99,1,35,6,6,8,81,3
22379,2021,10,14,4,6,2,1,11,1101,99,1,999,12,16,18,20,3
22380,2021,10,14,4,11,2,1,14,1402,99,2,27,4,4,6,20,3
22381,2021,10,15,5,8,2,1,1,101,13,1,44,7,7,9,21,3
22382,2021,10,15,5,0,1,1,20,2001,99,1,999,12,16,18,20,3
22383,2021,10,15,5,9,2,1,11,1107,99,1,999,12,16,18,21,3
22384,2021,10,15,5,9,2,1,12,1202,99,1,34,5,5,7,20,3
22385,2021,10,15,5,15,3,2,12,1219,99,1,999,12,16,18,19,3
22386,2021,10,15,5,20,4,3,8,801,99,1,54,9,9,11,19,3
22387,2021,10,15,5,4,1,1,17,1703,99,1,999,12,16,18,81,3
22388,2021,10,15,5,12,3,2,14,1412,99,2,999,12,16,18,21,3
22389,2021,10,15,5,17,3,2,14,1406,99,1,999,12,16,18,32,3
22390,2021,10,16,6,6,2,1,1,108,99,1,30,5,5,7,20,3
22391,2021,10,16,6,0,1,1,16,1611,99,1,999,12,16,18,21,3
22392,2021,10,16,6,19,4,3,4,409,99,1,36,6,6,8,32,3
22393,2021,10,17,7,0,1,1,1,101,3,1,47,8,8,10,20,3
22394,2021,10,17,7,15,3,2,12,1202,99,1,23,3,3,5,21,3
22395,2021,10,17,7,16,3,2,12,1219,99,1,31,5,5,7,19,3
22396,2021,10,18,1,6,2,1,1,101,1,2,54,9,9,11,20,3
22397,2021,10,18,1,19,4,3,1,102,99,2,24,3,3,5,19,3
22398,2021,10,18,1,13,3,2,1,108,99,1,57,10,10,12,35,3
22399,2021,10,18,1,11,2,1,1,108,99,1,72,11,13,15,32,3
22400,2021,10,18,1,12,3,2,16,1612,99,1,999,12,16,18,21,3
22401,2021,10,18,1,12,3,2,7,719,99,1,999,12,16,18,81,3
22402,2021,10,18,1,17,3,2,7,719,99,1,33,5,5,7,81,3
22403,2021,10,18,1,12,3,2,3,308,99,1,38,6,6,8,19,3
22404,2021,10,18,1,11,2,1,3,309,99,1,999,12,16,18,32,3
22405,2021,10,19,2,7,2,1,1,101,8,1,32,5,5,7,20,3
22406,2021,10,19,2,10,2,1,1,101,12,1,38,6,6,8,20,3
22407,2021,10,19,2,4,1,1,1,115,99,2,50,9,9,11,19,3
22408,2021,10,19,2,9,2,1,5,509,99,1,34,5,5,7,81,3
22409,2021,10,19,2,21,4,3,10,1008,99,1,999,12,16,18,19,3
22410,2021,10,19,2,17,3,2,16,1601,99,1,999,12,16,18,20,3
22411,2021,10,19,2,11,2,1,18,1804,99,1,27,4,4,6,19,3
22412,2021,10,20,3,8,2,1,1,116,99,1,48,8,8,10,21,3
22413,2021,10,20,3,18,4,3,5,504,99,2,43,7,7,9,32,3
22414,2021,10,20,3,17,3,2,16,1601,99,1,55,10,10,12,20,3
22415,2021,10,20,3,20,4,3,7,719,99,1,52,9,9,11,81,3
22416,2021,10,21,4,13,3,2,1,101,7,1,35,6,6,8,21,3
22417,2021,10,21,4,11,2,1,1,117,99,1,999,12,16,18,20,3
22418,2021,10,21,4,21,4,3,14,1406,99,1,999,12,16,18,21,3
22419,2021,10,21,4,6,2,1,4,409,99,2,32,5,5,7,21,3
22420,2021,10,22,5,8,2,1,8,804,99,1,33,5,5,7,20,3
22421,2021,10,23,6,4,1,1,1,108,99,2,32,5,5,7,19,3
22422,2021,10,23,6,10,2,1,22,2201,99,2,40,7,7,9,20,3
22423,2021,10,23,6,19,4,3,22,2202,99,1,51,9,9,11,19,3
22424,2021,10,23,6,9,2,1,7,701,99,1,36,6,6,8,21,3
22425,2021,10,24,7,9,2,1,1,101,11,1,58,10,10,12,20,3
22426,2021,10,24,7,4,1,1,12,1202,99,1,53,9,9,11,20,3
22427,2021,10,24,7,17,3,2,16,1604,99,1,25,4,4,6,20,3
22428,2021,10,24,7,23,4,3,3,310,99,1,53,9,9,11,19,3
22429,2021,10,25,1,7,2,1,1,114,99,2,29,4,4,6,20,3
22430,2021,10,25,1,6,2,1,1,108,99,1,37,6,6,8,20,3
22431,2021,10,25,1,9,2,1,21,2102,99,1,35,6,6,8,81,3
22432,2021,10,25,1,16,3,2,14,1412,99,1,999,12,16,18,81,3
22433,2021,10,26,2,8,2,1,1,115,99,1,42,7,7,9,20,3
22434,2021,10,26,2,3,1,1,13,1301,99,1,42,7,7,9,21,3
22435,2021,10,27,3,11,2,1,1,115,99,2,24,3,3,5,81,3
22436,2021,10,27,3,18,4,3,1,116,99,2,44,7,7,9,81,3
22437,2021,10,27,3,10,2,1,5,501,99,2,999,12,16,18,19,3
22438,2021,10,27,3,12,3,2,6,601,99,2,999,12,16,18,20,3
22439,2021,10,27,3,10,2,1,11,1101,99,2,999,12,16,18,19,3
22440,2021,10,27,3,10,2,1,9,901,99,2,41,7,7,9,19,3
22441,2021,10,27,3,20,4,3,12,1202,99,1,999,12,16,18,21,3
22442,2021,10,27,3,22,4,3,16,1601,99,1,45,8,8,10,21,3
22443,2021,10,28,4,4,1,1,1,103,99,1,50,9,9,11,20,3
22444,2021,10,28,4,14,3,2,1,114,99,1,27,4,4,6,32,3
22445,2021,10,28,4,20,4,3,22,2201,99,1,35,6,6,8,19,3
22446,2021,10,28,4,0,1,1,10,1010,99,2,999,12,16,18,19,3
22447,2021,10,28,4,2,1,1,13,1313,99,1,999,12,16,18,20,3
22448,2021,10,29,5,22,4,3,5,501,99,1,999,12,16,18,19,3
22449,2021,10,29,5,0,1,1,6,606,99,2,999,12,16,18,19,3
22450,2021,10,29,5,7,2,1,10,1016,99,1,999,12,16,18,20,3
22451,2021,10,29,5,5,1,1,9,920,99,1,999,12,16,18,20,3
22452,2021,10,29,5,8,2,1,14,1415,99,1,35,6,6,8,21,3
22453,2021,10,30,6,10,2,1,1,102,99,1,56,10,10,12,21,3
22454,2021,10,30,6,21,4,3,1,108,99,2,57,10,10,12,81,3
22455,2021,10,30,6,11,2,1,22,2207,99,2,22,3,3,5,20,3
22456,2021,10,30,6,9,2,1,5,501,99,1,43,7,7,9,20,3
22457,2021,10,30,6,18,4,3,16,1613,99,1,33,5,5,7,20,3
22458,2021,10,31,7,7,2,1,1,101,1,1,61,11,11,13,21,3
22459,2021,10,31,7,6,2,1,1,101,7,1,27,4,4,6,21,3
22460,2021,10,31,7,6,2,1,1,108,99,1,37,6,6,8,21,3
22461,2021,10,31,7,8,2,1,1,108,99,1,46,8,8,10,21,3
22462,2021,10,31,7,17,3,2,1,108,99,2,999,12,16,18,21,3
22463,2021,10,31,7,17,3,2,1,108,99,1,27,4,4,6,21,3
22464,2021,10,31,7,18,4,3,5,503,99,1,999,12,16,18,81,3
22465,2021,10,31,7,5,1,1,16,1604,99,1,51,9,9,11,81,3
22466,2021,10,31,7,16,3,2,18,1803,99,2,36,6,6,8,21,3
22467,2021,10,31,7,17,3,2,4,406,99,1,22,3,3,5,20,3
22468,2021,9,1,3,11,2,1,10,1001,99,2,22,3,3,5,30,3
22469,2021,9,2,4,12,3,2,1,108,99,1,32,5,5,7,30,3
22470,2021,9,2,4,12,3,2,1,108,99,1,31,5,5,7,30,3
22471,2021,9,2,4,7,2,1,3,315,99,2,37,6,6,8,30,3
22472,2021,9,2,4,7,2,1,4,409,99,1,50,9,9,11,30,3
22473,2021,9,3,5,15,3,2,17,1701,99,2,23,3,3,5,30,3
22474,2021,9,4,6,17,3,2,5,501,99,2,999,12,16,18,30,3
22475,2021,9,4,6,18,4,3,5,501,99,2,34,5,5,7,30,3
22476,2021,9,4,6,17,3,2,12,1222,99,2,20,3,3,5,30,3
22477,2021,9,5,7,19,4,3,1,101,21,2,34,5,5,7,30,3
22478,2021,9,5,7,17,3,2,5,502,99,1,28,4,4,6,30,3
22479,2021,9,5,7,13,3,2,16,1611,99,1,15,2,2,4,30,3
22480,2021,9,6,1,6,2,1,1,115,99,1,27,4,4,6,30,3
22481,2021,9,6,1,14,3,2,1,101,12,2,42,7,7,9,30,3
22482,2021,9,6,1,6,2,1,1,114,99,1,999,12,16,18,30,3
22483,2021,9,7,2,22,4,3,1,101,7,1,48,8,8,10,30,3
22484,2021,9,7,2,12,3,2,1,114,99,2,38,6,6,8,30,3
22485,2021,9,7,2,15,3,2,1,108,99,2,25,4,4,6,30,3
22486,2021,9,10,5,15,3,2,1,101,1,2,25,4,4,6,30,3
22487,2021,9,11,6,17,3,2,21,2101,99,2,49,8,8,10,30,3
22488,2021,9,12,7,20,4,3,1,101,19,2,52,9,9,11,30,3
22489,2021,9,12,7,22,4,3,3,301,99,2,15,2,2,4,30,3
22490,2021,9,13,1,20,4,3,1,101,7,1,23,3,3,5,30,3
22491,2021,9,13,1,18,4,3,11,1101,99,2,15,2,2,4,30,3
22492,2021,9,14,2,1,1,1,16,1612,99,1,24,3,3,5,30,3
22493,2021,9,15,3,19,4,3,18,1802,99,1,23,3,3,5,30,3
22494,2021,9,16,4,16,3,2,1,101,1,2,42,7,7,9,30,3
22495,2021,9,16,4,19,4,3,1,108,99,1,25,4,4,6,30,3
22496,2021,9,17,5,17,3,2,5,511,99,2,48,8,8,10,30,3
22497,2021,9,18,6,19,4,3,1,101,5,2,34,5,5,7,30,3
22498,2021,9,19,7,11,2,1,11,1101,99,2,37,6,6,8,30,3
22499,2021,9,19,7,12,3,2,1,101,1,2,30,5,5,7,30,3
22500,2021,9,19,7,22,4,3,5,501,99,2,999,12,16,18,30,3
22501,2021,9,20,1,12,3,2,1,101,1,1,20,3,3,5,30,3
22502,2021,9,20,1,22,4,3,16,1607,99,1,999,12,16,18,30,3
22503,2021,9,20,1,15,3,2,3,302,99,1,17,2,2,4,30,3
22504,2021,9,21,2,14,3,2,1,101,1,1,59,10,10,12,30,3
22505,2021,9,21,2,12,3,2,1,101,12,1,27,4,4,6,30,3
22506,2021,9,23,4,17,3,2,1,101,1,2,30,5,5,7,30,3
22507,2021,9,23,4,9,2,1,1,101,6,2,15,2,2,4,30,3
22508,2021,9,23,4,11,2,1,1,108,99,1,19,2,2,4,30,3
22509,2021,9,23,4,17,3,2,5,501,99,1,19,2,2,4,30,3
22510,2021,9,23,4,0,1,1,16,1616,99,1,24,3,3,5,30,3
22511,2021,9,24,5,19,4,3,1,101,1,1,49,8,8,10,30,3
22512,2021,9,24,5,0,1,1,10,1001,99,1,999,12,16,18,30,3
22513,2021,9,25,6,14,3,2,5,501,99,1,27,4,4,6,30,3
22514,2021,9,25,6,18,4,3,3,301,99,1,27,4,4,6,30,3
22515,2021,9,26,7,14,3,2,10,1001,99,1,999,12,16,18,30,3
22516,2021,9,26,7,21,4,3,1,101,1,1,27,4,4,6,30,3
22517,2021,9,26,7,19,4,3,16,1601,99,1,999,12,16,18,30,3
22518,2021,9,26,7,16,3,2,1,101,13,1,999,12,16,18,30,3
22519,2021,9,26,7,10,2,1,14,1412,99,2,32,5,5,7,80,3
22520,2021,9,26,7,9,2,1,1,115,99,1,44,7,7,9,80,3
22521,2021,9,28,2,13,3,2,5,501,99,2,46,8,8,10,80,3
22522,2021,9,29,3,19,4,3,5,501,99,1,38,6,6,8,30,3
22523,2021,9,29,3,10,2,1,13,1301,99,2,23,3,3,5,30,3
22524,2021,9,30,4,15,3,2,10,1001,99,1,30,5,5,7,30,3
22525,2021,10,1,5,11,2,1,1,115,99,1,40,7,7,9,30,3
22526,2021,10,1,5,9,2,1,1,115,99,2,40,7,7,9,30,3
22527,2021,10,1,5,11,2,1,22,2202,99,2,19,2,2,4,30,3
22528,2021,10,2,6,16,3,2,3,302,99,1,999,12,16,18,30,3
22529,2021,10,3,7,20,4,3,1,114,99,1,999,12,16,18,30,3
22530,2021,10,3,7,14,3,2,1,108,99,2,20,3,3,5,30,3
22531,2021,10,4,1,14,3,2,1,101,1,1,34,5,5,7,30,3
22532,2021,10,5,2,2,1,1,1,101,11,1,35,6,6,8,30,3
22533,2021,10,5,2,19,4,3,5,511,99,1,29,4,4,6,30,3
22534,2021,10,5,2,7,2,1,10,1013,99,1,59,10,10,12,30,3
22535,2021,10,6,3,22,4,3,1,101,1,1,24,3,3,5,30,3
22536,2021,10,6,3,16,3,2,1,101,11,1,22,3,3,5,30,3
22537,2021,10,7,4,13,3,2,21,2101,99,2,999,12,16,18,30,3
22538,2021,10,7,4,17,3,2,5,501,99,2,32,5,5,7,30,3
22539,2021,10,7,4,14,3,2,16,1616,99,2,20,3,3,5,30,3
22540,2021,10,9,6,0,1,1,12,1216,99,1,999,12,16,18,30,3
22541,2021,10,9,6,20,4,3,17,1707,99,2,16,2,2,4,30,3
22542,2021,10,10,7,19,4,3,1,101,5,2,40,7,7,9,30,3
22543,2021,10,10,7,20,4,3,16,1601,99,1,40,7,7,9,30,3
22544,2021,10,11,1,16,3,2,1,101,1,2,15,2,2,4,30,3
22545,2021,10,11,1,11,2,1,9,901,99,2,23,3,3,5,30,3
22546,2021,10,12,2,17,3,2,1,101,5,2,37,6,6,8,30,3
22547,2021,10,13,3,12,3,2,1,101,1,1,24,3,3,5,30,3
22548,2021,10,14,4,10,2,1,1,101,10,1,32,5,5,7,30,3
22549,2021,10,14,4,18,4,3,1,108,99,1,40,7,7,9,30,3
22550,2021,10,14,4,15,3,2,5,502,99,1,32,5,5,7,30,3
22551,2021,10,15,5,4,1,1,1,101,1,1,25,4,4,6,30,3
22552,2021,10,15,5,2,1,1,22,2201,99,1,22,3,3,5,30,3
22553,2021,10,16,6,16,3,2,1,101,1,1,22,3,3,5,30,3
22554,2021,10,16,6,20,4,3,1,101,12,1,37,6,6,8,30,3
22555,2021,10,17,7,8,2,1,9,920,99,2,999,12,16,18,30,3
22556,2021,10,17,7,19,4,3,16,1613,99,1,25,4,4,6,80,3
22557,2021,10,17,7,21,4,3,18,1805,99,1,30,5,5,7,30,3
22558,2021,10,20,3,14,3,2,5,501,99,2,24,3,3,5,30,3
22559,2021,10,20,3,19,4,3,11,1104,99,1,28,4,4,6,30,3
22560,2021,10,22,5,9,2,1,1,101,12,2,36,6,6,8,30,3
22561,2021,10,22,5,20,4,3,1,115,99,1,23,3,3,5,30,3
22562,2021,10,22,5,20,4,3,13,1301,99,1,48,8,8,10,30,3
22563,2021,10,23,6,18,4,3,1,101,6,2,20,3,3,5,30,3
22564,2021,10,23,6,21,4,3,22,2201,99,1,999,12,16,18,30,3
22565,2021,10,23,6,17,3,2,5,511,99,1,49,8,8,10,30,3
22566,2021,10,23,6,12,3,2,9,910,99,2,20,3,3,5,30,3
22567,2021,10,23,6,17,3,2,13,1301,99,2,59,10,10,12,30,3
22568,2021,10,24,7,15,3,2,1,114,99,2,39,6,6,8,30,3
22569,2021,10,24,7,18,4,3,22,2202,99,1,999,12,16,18,30,3
22570,2021,10,25,1,18,4,3,1,116,99,2,57,10,10,12,30,3
22571,2021,10,26,2,20,4,3,1,115,99,2,35,6,6,8,30,3
22572,2021,10,27,3,0,1,1,1,113,99,1,20,3,3,5,30,3
22573,2021,10,27,3,16,3,2,1,101,12,1,999,12,16,18,30,3
22574,2021,10,27,3,14,3,2,1,117,99,2,999,12,16,18,30,3
22575,2021,10,27,3,17,3,2,5,501,99,1,999,12,16,18,30,3
22576,2021,10,27,3,15,3,2,10,1001,99,2,35,6,6,8,30,3
22577,2021,10,28,4,12,3,2,1,101,7,2,999,12,16,18,30,3
22578,2021,10,28,4,8,2,1,5,501,99,2,40,7,7,9,30,3
22579,2021,10,28,4,10,2,1,5,501,99,2,999,12,16,18,30,3
22580,2021,10,28,4,23,4,3,5,507,99,1,47,8,8,10,30,3
22581,2021,10,29,5,11,2,1,1,101,8,1,25,4,4,6,30,3
22582,2021,10,30,6,11,2,1,5,501,99,1,999,12,16,18,30,3
22583,2021,10,31,7,16,3,2,18,1803,99,2,36,6,6,8,30,3
22584,2021,9,1,3,9,2,1,1,115,99,2,16,2,2,4,71,5
22585,2021,9,1,3,13,3,2,20,2007,99,1,18,2,2,4,71,5
22586,2021,9,1,3,19,4,3,12,1210,99,2,15,2,2,4,71,5
22587,2021,9,1,3,13,3,2,9,901,99,1,16,2,2,4,71,5
22588,2021,9,1,3,14,3,2,17,1705,99,2,999,12,16,18,71,5
22589,2021,9,1,3,14,3,2,4,403,99,1,30,5,5,7,71,5
22590,2021,9,1,3,15,3,2,3,306,99,2,33,5,5,7,71,5
22591,2021,9,1,3,14,3,2,10,1003,99,2,12,1,1,3,71,5
22592,2021,9,1,3,18,4,3,10,1001,99,1,18,2,2,4,71,5
22593,2021,9,1,3,14,3,2,7,705,99,2,16,2,2,4,71,5
22594,2021,9,1,3,14,3,2,7,705,99,2,16,2,2,4,71,5
22595,2021,9,1,3,17,3,2,4,401,99,1,52,9,9,11,71,5
22596,2021,9,2,4,9,2,1,10,1020,99,2,6,1,1,2,71,5
22597,2021,9,2,4,9,2,1,10,1020,99,1,3,1,1,1,71,5
22598,2021,9,2,4,8,2,1,19,1901,99,2,18,2,2,4,71,5
22599,2021,9,2,4,2,1,1,18,1803,99,2,15,2,2,4,71,5
22600,2021,9,2,4,17,3,2,22,2201,99,2,10,1,1,3,71,5
22601,2021,9,2,4,23,4,3,5,501,99,2,14,1,1,3,71,5
22602,2021,9,2,4,9,2,1,16,1601,99,1,12,1,1,3,71,5
22603,2021,9,2,4,7,2,1,17,1703,99,1,16,2,2,4,71,5
22604,2021,9,2,4,7,2,1,17,1703,99,2,14,1,1,3,71,5
22605,2021,9,2,4,7,2,1,17,1703,99,2,11,1,1,3,71,5
22606,2021,9,2,4,7,2,1,17,1703,99,1,8,1,1,2,71,5
22607,2021,9,2,4,17,3,2,12,1211,99,1,16,2,2,4,71,5
22608,2021,9,2,4,18,4,3,7,704,99,1,45,8,8,10,71,5
22609,2021,9,3,5,15,3,2,3,314,99,1,10,1,1,3,71,5
22610,2021,9,3,5,18,4,3,15,1503,99,2,14,1,1,3,71,5
22611,2021,9,3,5,14,3,2,4,404,99,1,40,7,7,9,71,5
22612,2021,9,3,5,17,3,2,1,101,12,2,14,1,1,3,71,5
22613,2021,9,4,6,18,4,3,1,115,99,2,42,7,7,9,71,5
22614,2021,9,4,6,12,3,2,15,1504,99,2,18,2,2,4,71,5
22615,2021,9,5,7,10,2,1,1,115,99,1,20,3,3,5,71,5
22616,2021,9,5,7,13,3,2,1,101,21,2,16,2,2,4,71,5
22617,2021,9,5,7,10,2,1,1,101,11,2,15,2,2,4,71,5
22618,2021,9,5,7,10,2,1,8,805,99,2,18,2,2,4,71,5
22619,2021,9,6,1,9,2,1,1,108,99,1,15,2,2,4,71,5
22620,2021,9,6,1,9,2,1,1,108,99,2,15,2,2,4,71,5
22621,2021,9,6,1,8,2,1,2,206,99,2,23,3,3,5,71,5
22622,2021,9,6,1,8,2,1,17,1714,99,2,24,3,3,5,71,5
22623,2021,9,6,1,17,3,2,5,509,99,2,16,2,2,4,71,5
22624,2021,9,6,1,7,2,1,4,401,99,2,36,6,6,8,71,5
22625,2021,9,6,1,10,2,1,19,1911,99,2,84,11,15,17,71,5
22626,2021,9,6,1,5,1,1,5,514,99,2,16,2,2,4,71,5
22627,2021,9,7,2,3,1,1,2,203,99,2,15,2,2,4,71,5
22628,2021,9,7,2,15,3,2,17,1707,99,2,16,2,2,4,71,5
22629,2021,9,7,2,18,4,3,1,114,99,2,13,1,1,3,71,5
22630,2021,9,7,2,3,1,1,5,507,99,1,14,1,1,3,71,5
22631,2021,9,7,2,10,2,1,5,509,99,2,18,2,2,4,71,5
22632,2021,9,7,2,23,4,3,4,401,99,2,12,1,1,3,71,5
22633,2021,9,8,3,10,2,1,1,101,18,2,17,2,2,4,71,5
22634,2021,9,8,3,22,4,3,1,115,99,1,56,10,10,12,71,5
22635,2021,9,8,3,4,1,1,19,1901,99,2,40,7,7,9,71,5
22636,2021,9,8,3,15,3,2,4,403,99,2,48,8,8,10,71,5
22637,2021,9,8,3,15,3,2,4,403,99,2,6,1,1,2,71,5
22638,2021,9,8,3,15,3,2,4,403,99,2,4,1,1,1,71,5
22639,2021,9,9,4,18,4,3,20,2007,99,1,15,2,2,4,71,5
22640,2021,9,9,4,18,4,3,20,2007,99,1,12,1,1,3,71,5
22641,2021,9,9,4,12,3,2,1,101,4,1,999,12,16,18,71,5
22642,2021,9,9,4,19,4,3,1,101,12,1,40,7,7,9,71,5
22643,2021,9,9,4,7,2,1,14,1409,99,1,12,1,1,3,71,5
22644,2021,9,10,5,12,3,2,1,101,7,2,16,2,2,4,71,5
22645,2021,9,10,5,0,1,1,11,1101,99,2,26,4,4,6,71,5
22646,2021,9,10,5,6,2,1,16,1615,99,2,17,2,2,4,71,5
22647,2021,9,10,5,11,2,1,16,1613,99,2,14,1,1,3,71,5
22648,2021,9,10,5,15,3,2,18,1805,99,2,6,1,1,2,71,5
22649,2021,9,10,5,15,3,2,18,1805,99,1,2,1,1,1,71,5
22650,2021,9,10,5,9,2,1,4,408,99,2,35,6,6,8,71,5
22651,2021,9,10,5,22,4,3,12,1220,99,1,59,10,10,12,71,5
22652,2021,9,11,6,10,2,1,1,117,99,1,23,3,3,5,71,5
22653,2021,9,11,6,6,2,1,1,115,99,2,22,3,3,5,71,5
22654,2021,9,11,6,8,2,1,1,115,99,1,31,5,5,7,71,5
22655,2021,9,11,6,10,2,1,1,108,99,2,999,12,16,18,71,5
22656,2021,9,11,6,10,2,1,1,108,99,1,2,1,1,1,71,5
22657,2021,9,11,6,14,3,2,22,2201,99,2,15,2,2,4,71,5
22658,2021,9,11,6,15,3,2,9,903,99,2,21,3,3,5,71,5
22659,2021,9,11,6,15,3,2,9,903,99,2,13,1,1,3,71,5
22660,2021,9,11,6,13,3,2,18,1805,99,1,14,1,1,3,71,5
22661,2021,9,12,7,14,3,2,1,114,99,2,27,4,4,6,71,5
22662,2021,9,12,7,17,3,2,1,117,99,2,18,2,2,4,71,5
22663,2021,9,12,7,0,1,1,1,115,99,2,22,3,3,5,71,5
22664,2021,9,12,7,0,1,1,1,115,99,1,25,4,4,6,71,5
22665,2021,9,12,7,21,4,3,1,108,99,1,26,4,4,6,71,5
22666,2021,9,13,1,9,2,1,1,117,99,1,18,2,2,4,71,5
22667,2021,9,13,1,13,3,2,1,117,99,2,17,2,2,4,71,5
22668,2021,9,13,1,10,2,1,20,2001,99,2,999,12,16,18,71,5
22669,2021,9,13,1,10,2,1,20,2001,99,2,999,12,16,18,71,5
22670,2021,9,13,1,11,2,1,5,501,99,1,26,4,4,6,71,5
22671,2021,9,13,1,17,3,2,6,602,99,1,999,12,16,18,71,5
22672,2021,9,13,1,11,2,1,16,1601,99,1,20,3,3,5,71,5
22673,2021,9,13,1,0,1,1,15,1502,99,2,14,1,1,3,71,5
22674,2021,9,14,2,20,4,3,1,107,99,2,14,1,1,3,71,5
22675,2021,9,14,2,10,2,1,1,108,99,1,74,11,13,15,71,5
22676,2021,9,14,2,15,3,2,10,1008,99,2,40,7,7,9,71,5
22677,2021,9,14,2,16,3,2,12,1219,99,1,8,1,1,2,71,5
22678,2021,9,14,2,15,3,2,16,1613,99,2,14,1,1,3,71,5
22679,2021,9,14,2,4,1,1,2,203,99,2,14,1,1,3,71,5
22680,2021,9,14,2,17,3,2,3,311,99,2,13,1,1,3,71,5
22681,2021,9,14,2,15,3,2,18,1805,99,1,28,4,4,6,71,5
22682,2021,9,15,3,16,3,2,1,101,7,2,13,1,1,3,71,5
22683,2021,9,15,3,15,3,2,1,101,7,1,11,1,1,3,71,5
22684,2021,9,15,3,10,2,1,16,1601,99,1,48,8,8,10,71,5
22685,2021,9,15,3,14,3,2,5,501,99,1,72,11,13,15,71,5
22686,2021,9,15,3,10,2,1,5,507,99,1,40,7,7,9,71,5
22687,2021,9,16,4,20,4,3,11,1101,99,2,26,4,4,6,71,5
22688,2021,9,16,4,20,4,3,11,1101,99,2,3,1,1,1,71,5
22689,2021,9,16,4,13,3,2,1,101,7,2,51,9,9,11,71,5
22690,2021,9,16,4,11,2,1,1,101,7,2,34,5,5,7,71,5
22691,2021,9,16,4,1,1,1,12,1215,99,2,70,11,13,15,71,5
22692,2021,9,17,5,10,2,1,1,101,18,2,13,1,1,3,71,5
22693,2021,9,17,5,5,1,1,5,502,99,1,14,1,1,3,71,5
22694,2021,9,17,5,11,2,1,5,502,99,2,17,2,2,4,71,5
22695,2021,9,17,5,18,4,3,5,502,99,1,8,1,1,2,71,5
22696,2021,9,17,5,18,4,3,5,502,99,2,7,1,1,2,71,5
22697,2021,9,17,5,14,3,2,5,502,99,1,2,1,1,1,71,5
22698,2021,9,17,5,13,3,2,10,1007,99,2,16,2,2,4,71,5
22699,2021,9,17,5,17,3,2,16,1609,99,1,11,1,1,3,71,5
22700,2021,9,17,5,17,3,2,16,1609,99,2,6,1,1,2,71,5
22701,2021,9,17,5,17,3,2,16,1609,99,2,13,1,1,3,71,5
22702,2021,9,17,5,22,4,3,1,101,18,2,66,11,12,14,71,5
22703,2021,9,17,5,19,4,3,10,1012,99,2,15,2,2,4,71,5
22704,2021,9,17,5,18,4,3,16,1613,99,2,14,1,1,3,71,5
22705,2021,9,17,5,18,4,3,16,1613,99,2,15,2,2,4,71,5
22706,2021,9,17,5,15,3,2,12,1201,99,1,66,11,12,14,71,5
22707,2021,9,17,5,11,2,1,4,401,99,2,14,1,1,3,71,5
22708,2021,9,17,5,15,3,2,4,413,99,1,22,3,3,5,71,5
22709,2021,9,17,5,8,2,1,4,401,99,1,24,3,3,5,71,5
22710,2021,9,17,5,20,4,3,1,101,21,2,16,2,2,4,71,5
22711,2021,9,17,5,23,4,3,12,1216,99,2,15,2,2,4,71,5
22712,2021,9,17,5,14,3,2,1,115,99,2,15,2,2,4,71,5
22713,2021,9,18,6,22,4,3,1,115,99,2,13,1,1,3,71,5
22714,2021,9,18,6,19,4,3,1,101,18,2,15,2,2,4,71,5
22715,2021,9,18,6,17,3,2,1,115,99,2,17,2,2,4,71,5
22716,2021,9,18,6,19,4,3,22,2207,99,2,20,3,3,5,71,5
22717,2021,9,18,6,14,3,2,3,304,99,1,12,1,1,3,71,5
22718,2021,9,19,7,16,3,2,16,1602,99,2,17,2,2,4,71,5
22719,2021,9,19,7,14,3,2,1,113,99,2,42,7,7,9,71,5
22720,2021,9,19,7,10,2,1,18,1803,99,1,31,5,5,7,71,5
22721,2021,9,19,7,21,4,3,1,106,99,2,14,1,1,3,71,5
22722,2021,9,19,7,22,4,3,1,117,99,2,18,2,2,4,71,5
22723,2021,9,20,1,14,3,2,22,2214,99,2,27,4,4,6,71,5
22724,2021,9,20,1,14,3,2,22,2214,99,2,8,1,1,2,71,5
22725,2021,9,20,1,2,1,1,22,2201,99,2,16,2,2,4,71,5
22726,2021,9,20,1,21,4,3,9,914,99,2,17,2,2,4,71,5
22727,2021,9,20,1,18,4,3,1,110,99,1,17,2,2,4,71,5
22728,2021,9,20,1,18,4,3,1,115,99,2,13,1,1,3,71,5
22729,2021,9,21,2,9,2,1,3,309,99,2,21,3,3,5,71,5
22730,2021,9,21,2,9,2,1,3,309,99,2,3,1,1,1,71,5
22731,2021,9,21,2,19,4,3,1,115,99,2,24,3,3,5,71,5
22732,2021,9,21,2,19,4,3,1,115,99,2,24,3,3,5,71,5
22733,2021,9,22,3,12,3,2,10,1012,99,2,9,1,1,2,71,5
22734,2021,9,22,3,12,3,2,10,1012,99,2,8,1,1,2,71,5
22735,2021,9,22,3,13,3,2,3,301,99,2,27,4,4,6,71,5
22736,2021,9,22,3,11,2,1,1,115,99,2,63,11,11,13,71,5
22737,2021,9,22,3,20,4,3,9,903,99,2,32,5,5,7,71,5
22738,2021,9,23,4,10,2,1,1,106,99,2,17,2,2,4,71,5
22739,2021,9,23,4,8,2,1,1,101,7,1,13,1,1,3,71,5
22740,2021,9,23,4,21,4,3,1,101,19,2,11,1,1,3,71,5
22741,2021,9,23,4,21,4,3,1,101,19,2,15,2,2,4,71,5
22742,2021,9,23,4,19,4,3,22,2205,99,2,13,1,1,3,71,5
22743,2021,9,23,4,10,2,1,5,509,99,2,12,1,1,3,71,5
22744,2021,9,23,4,10,2,1,18,1803,99,2,15,2,2,4,71,5
22745,2021,9,23,4,10,2,1,17,1710,99,2,16,2,2,4,71,5
22746,2021,9,23,4,14,3,2,4,401,99,1,38,6,6,8,71,5
22747,2021,9,24,5,19,4,3,1,106,99,2,16,2,2,4,71,5
22748,2021,9,24,5,19,4,3,1,106,99,2,1,1,1,1,71,5
22749,2021,9,24,5,10,2,1,1,112,99,1,21,3,3,5,71,5
22750,2021,9,24,5,22,4,3,5,501,99,2,14,1,1,3,71,5
22751,2021,9,24,5,17,3,2,5,509,99,2,18,2,2,4,71,5
22752,2021,9,24,5,17,3,2,5,509,99,1,1,1,1,1,71,5
22753,2021,9,24,5,5,1,1,8,805,99,2,15,2,2,4,71,5
22754,2021,9,24,5,11,2,1,17,1710,99,1,36,6,6,8,71,5
22755,2021,9,24,5,10,2,1,4,401,99,2,37,6,6,8,71,5
22756,2021,9,25,6,9,2,1,1,101,7,1,45,8,8,10,71,5
22757,2021,9,25,6,17,3,2,1,101,21,2,21,3,3,5,71,5
22758,2021,9,25,6,7,2,1,1,108,99,2,17,2,2,4,71,5
22759,2021,9,25,6,12,3,2,1,110,99,2,13,1,1,3,71,5
22760,2021,9,25,6,12,3,2,8,805,99,1,39,6,6,8,71,5
22761,2021,9,25,6,8,2,1,16,1610,99,1,26,4,4,6,71,5
22762,2021,9,25,6,9,2,1,16,1601,99,2,16,2,2,4,71,5
22763,2021,9,26,7,14,3,2,1,101,10,2,16,2,2,4,71,5
22764,2021,9,26,7,21,4,3,1,101,12,1,16,2,2,4,71,5
22765,2021,9,26,7,17,3,2,1,108,99,1,25,4,4,6,71,5
22766,2021,9,26,7,20,4,3,17,1710,99,1,52,9,9,11,71,5
22767,2021,9,27,1,7,2,1,1,101,7,2,14,1,1,3,71,5
22768,2021,9,27,1,17,3,2,1,114,99,2,14,1,1,3,71,5
22769,2021,9,27,1,20,4,3,22,2205,99,2,17,2,2,4,71,5
22770,2021,9,27,1,19,4,3,19,1905,99,2,16,2,2,4,71,5
22771,2021,9,27,1,18,4,3,16,1601,99,2,45,8,8,10,71,5
22772,2021,9,27,1,7,2,1,17,1705,99,2,16,2,2,4,71,5
22773,2021,9,27,1,7,2,1,17,1705,99,2,1,1,1,1,71,5
22774,2021,9,28,2,11,2,1,1,107,99,2,17,2,2,4,71,5
22775,2021,9,28,2,13,3,2,1,101,12,2,22,3,3,5,71,5
22776,2021,9,28,2,18,4,3,1,115,99,1,6,1,1,2,71,5
22777,2021,9,28,2,18,4,3,1,115,99,2,10,1,1,3,71,5
22778,2021,9,28,2,17,3,2,1,115,99,1,29,4,4,6,71,5
22779,2021,9,28,2,13,3,2,1,114,99,2,11,1,1,3,71,5
22780,2021,9,28,2,8,2,1,1,117,99,2,12,1,1,3,71,5
22781,2021,9,28,2,5,1,1,1,116,99,2,16,2,2,4,71,5
22782,2021,9,28,2,22,4,3,22,2217,99,2,14,1,1,3,71,5
22783,2021,9,28,2,19,4,3,10,1012,99,1,20,3,3,5,71,5
22784,2021,9,28,2,14,3,2,16,1606,99,2,24,3,3,5,71,5
22785,2021,9,28,2,14,3,2,16,1606,99,2,1,1,1,1,71,5
22786,2021,9,28,2,10,2,1,2,208,99,2,14,1,1,3,71,5
22787,2021,9,28,2,17,3,2,17,1712,99,2,14,1,1,3,71,5
22788,2021,9,28,2,14,3,2,3,302,99,2,14,1,1,3,71,5
22789,2021,9,29,3,10,2,1,22,2201,99,1,26,4,4,6,71,5
22790,2021,9,29,3,18,4,3,1,101,5,1,34,5,5,7,71,5
22791,2021,9,30,4,22,4,3,1,101,7,2,14,1,1,3,71,5
22792,2021,9,30,4,22,4,3,1,117,99,1,31,5,5,7,71,5
22793,2021,9,30,4,20,4,3,1,108,99,1,47,8,8,10,71,5
22794,2021,9,30,4,22,4,3,19,1901,99,1,7,1,1,2,71,5
22795,2021,9,30,4,18,4,3,15,1501,99,2,17,2,2,4,71,5
22796,2021,9,30,4,6,2,1,15,1504,99,2,30,5,5,7,71,5
22797,2021,9,30,4,11,2,1,2,203,99,1,40,7,7,9,71,5
22798,2021,10,1,5,14,3,2,1,117,99,2,13,1,1,3,71,5
22799,2021,10,1,5,18,4,3,16,1610,99,2,16,2,2,4,71,5
22800,2021,10,2,6,10,2,1,1,101,5,2,16,2,2,4,71,5
22801,2021,10,2,6,21,4,3,1,115,99,1,17,2,2,4,71,5
22802,2021,10,2,6,20,4,3,1,108,99,2,15,2,2,4,71,5
22803,2021,10,2,6,22,4,3,19,1901,99,2,15,2,2,4,71,5
22804,2021,10,2,6,21,4,3,9,901,99,2,16,2,2,4,71,5
22805,2021,10,2,6,8,2,1,2,203,99,2,14,1,1,3,71,5
22806,2021,10,2,6,11,2,1,3,310,99,1,31,5,5,7,71,5
22807,2021,10,3,7,18,4,3,1,107,99,2,14,1,1,3,71,5
22808,2021,10,3,7,20,4,3,11,1105,99,2,23,3,3,5,71,5
22809,2021,10,3,7,20,4,3,11,1105,99,1,6,1,1,2,71,5
22810,2021,10,3,7,20,4,3,11,1105,99,1,1,1,1,1,71,5
22811,2021,10,3,7,8,2,1,9,913,99,2,21,3,3,5,71,5
22812,2021,10,3,7,20,4,3,12,1207,99,1,17,2,2,4,71,5
22813,2021,10,3,7,10,2,1,15,1505,99,1,15,2,2,4,71,5
22814,2021,10,3,7,19,4,3,2,205,99,1,32,5,5,7,71,5
22815,2021,10,3,7,18,4,3,3,311,99,2,42,7,7,9,71,5
22816,2021,10,4,1,15,3,2,1,115,99,1,16,2,2,4,71,5
22817,2021,10,4,1,17,3,2,19,1901,99,1,39,6,6,8,71,5
22818,2021,10,4,1,17,3,2,19,1901,99,1,27,4,4,6,71,5
22819,2021,10,4,1,14,3,2,10,1008,99,1,18,2,2,4,71,5
22820,2021,10,4,1,15,3,2,11,1101,99,1,18,2,2,4,71,5
22821,2021,10,4,1,9,2,1,16,1609,99,2,36,6,6,8,71,5
22822,2021,10,4,1,14,3,2,15,1505,99,2,17,2,2,4,71,5
22823,2021,10,4,1,8,2,1,2,201,99,1,20,3,3,5,71,5
22824,2021,10,4,1,14,3,2,2,201,99,2,19,2,2,4,71,5
22825,2021,10,4,1,19,4,3,3,301,99,2,24,3,3,5,71,5
22826,2021,10,5,2,8,2,1,10,1007,99,1,21,3,3,5,71,5
22827,2021,10,5,2,7,2,1,10,1018,99,2,17,2,2,4,71,5
22828,2021,10,5,2,7,2,1,10,1018,99,2,16,2,2,4,71,5
22829,2021,10,5,2,7,2,1,10,1018,99,1,0,1,1,1,71,5
22830,2021,10,5,2,21,4,3,13,1301,99,1,14,1,1,3,71,5
22831,2021,10,5,2,8,2,1,13,1331,99,2,13,1,1,3,71,5
22832,2021,10,5,2,14,3,2,13,1311,99,1,999,12,16,18,71,5
22833,2021,10,6,3,14,3,2,1,102,99,2,999,12,16,18,71,5
22834,2021,10,6,3,22,4,3,1,115,99,2,17,2,2,4,71,5
22835,2021,10,6,3,11,2,1,6,602,99,1,47,8,8,10,71,5
22836,2021,10,6,3,19,4,3,10,1003,99,2,19,2,2,4,71,5
22837,2021,10,6,3,18,4,3,10,1014,99,2,13,1,1,3,71,5
22838,2021,10,6,3,5,1,1,13,1301,99,1,68,11,12,14,71,5
22839,2021,10,6,3,6,2,1,16,1603,99,2,17,2,2,4,71,5
22840,2021,10,7,4,6,2,1,1,108,99,2,14,1,1,3,71,5
22841,2021,10,7,4,5,1,1,19,1906,99,2,15,2,2,4,71,5
22842,2021,10,7,4,13,3,2,10,1003,99,2,25,4,4,6,71,5
22843,2021,10,7,4,13,3,2,10,1003,99,2,6,1,1,2,71,5
22844,2021,10,7,4,13,3,2,10,1003,99,2,3,1,1,1,71,5
22845,2021,10,7,4,20,4,3,2,207,99,1,74,11,13,15,71,5
22846,2021,10,7,4,10,2,1,17,1710,99,2,8,1,1,2,71,5
22847,2021,10,7,4,10,2,1,17,1710,99,2,10,1,1,3,71,5
22848,2021,10,7,4,6,2,1,17,1711,99,1,13,1,1,3,71,5
22849,2021,10,7,4,4,1,1,17,1711,99,2,15,2,2,4,71,5
22850,2021,10,8,5,18,4,3,1,116,99,2,16,2,2,4,71,5
22851,2021,10,8,5,18,4,3,1,115,99,1,13,1,1,3,71,5
22852,2021,10,8,5,18,4,3,1,115,99,2,17,2,2,4,71,5
22853,2021,10,8,5,13,3,2,1,108,99,1,57,10,10,12,71,5
22854,2021,10,8,5,19,4,3,5,511,99,2,14,1,1,3,71,5
22855,2021,10,8,5,6,2,1,5,501,99,1,17,2,2,4,71,5
22856,2021,10,8,5,20,4,3,5,502,99,1,18,2,2,4,71,5
22857,2021,10,8,5,0,1,1,2,204,99,2,16,2,2,4,71,5
22858,2021,10,8,5,14,3,2,4,414,99,2,42,7,7,9,71,5
22859,2021,10,8,5,16,3,2,4,401,99,1,18,2,2,4,71,5
22860,2021,10,9,6,19,4,3,1,101,7,2,26,4,4,6,71,5
22861,2021,10,9,6,7,2,1,1,110,99,2,21,3,3,5,71,5
22862,2021,10,9,6,6,2,1,1,108,99,2,13,1,1,3,71,5
22863,2021,10,9,6,18,4,3,17,1708,99,2,4,1,1,1,71,5
22864,2021,10,10,7,13,3,2,1,101,7,1,18,2,2,4,71,5
22865,2021,10,10,7,10,2,1,1,101,11,2,14,1,1,3,71,5
22866,2021,10,10,7,8,2,1,1,115,99,2,23,3,3,5,71,5
22867,2021,10,10,7,12,3,2,1,116,99,1,56,10,10,12,71,5
22868,2021,10,10,7,9,2,1,1,108,99,2,21,3,3,5,71,5
22869,2021,10,10,7,9,2,1,1,108,99,2,14,1,1,3,71,5
22870,2021,10,10,7,20,4,3,17,1701,99,1,999,12,16,18,71,5
22871,2021,10,10,7,18,4,3,4,401,99,1,16,2,2,4,71,5
22872,2021,10,11,1,11,2,1,1,101,12,1,16,2,2,4,71,5
22873,2021,10,11,1,8,2,1,1,108,99,2,23,3,3,5,71,5
22874,2021,10,11,1,4,1,1,22,2201,99,2,14,1,1,3,71,5
22875,2021,10,11,1,4,1,1,22,2201,99,2,15,2,2,4,71,5
22876,2021,10,11,1,11,2,1,19,1909,99,2,17,2,2,4,71,5
22877,2021,10,11,1,11,2,1,19,1907,99,2,32,5,5,7,71,5
22878,2021,10,11,1,11,2,1,19,1907,99,2,11,1,1,3,71,5
22879,2021,10,11,1,11,2,1,8,802,99,1,17,2,2,4,71,5
22880,2021,10,11,1,7,2,1,17,1706,99,1,24,3,3,5,71,5
22881,2021,10,12,2,7,2,1,1,101,18,2,17,2,2,4,71,5
22882,2021,10,12,2,12,3,2,1,108,99,1,17,2,2,4,71,5
22883,2021,10,12,2,4,1,1,13,1301,99,2,27,4,4,6,71,5
22884,2021,10,12,2,4,1,1,13,1301,99,2,999,12,16,18,71,5
22885,2021,10,12,2,21,4,3,16,1611,99,1,12,1,1,3,71,5
22886,2021,10,12,2,11,2,1,17,1710,99,2,5,1,1,2,71,5
22887,2021,10,12,2,8,2,1,14,1410,99,1,78,11,14,16,71,5
22888,2021,10,13,3,12,3,2,1,101,18,2,15,2,2,4,71,5
22889,2021,10,13,3,20,4,3,1,103,99,2,16,2,2,4,71,5
22890,2021,10,14,4,13,3,2,1,108,99,2,18,2,2,4,71,5
22891,2021,10,14,4,21,4,3,10,1008,99,2,17,2,2,4,71,5
22892,2021,10,14,4,16,3,2,8,806,99,2,7,1,1,2,71,5
22893,2021,10,14,4,12,3,2,16,1615,99,2,17,2,2,4,71,5
22894,2021,10,14,4,19,4,3,7,705,99,2,14,1,1,3,71,5
22895,2021,10,14,4,19,4,3,7,705,99,2,12,1,1,3,71,5
22896,2021,10,14,4,8,2,1,7,705,99,1,7,1,1,2,71,5
22897,2021,10,15,5,20,4,3,1,113,99,2,15,2,2,4,71,5
22898,2021,10,15,5,18,4,3,1,116,99,2,14,1,1,3,71,5
22899,2021,10,15,5,21,4,3,1,117,99,2,21,3,3,5,71,5
22900,2021,10,15,5,22,4,3,1,117,99,1,16,2,2,4,71,5
22901,2021,10,15,5,21,4,3,1,108,99,1,25,4,4,6,71,5
22902,2021,10,15,5,18,4,3,20,2001,99,2,16,2,2,4,71,5
22903,2021,10,15,5,20,4,3,5,511,99,2,27,4,4,6,71,5
22904,2021,10,15,5,15,3,2,16,1601,99,2,14,1,1,3,71,5
22905,2021,10,15,5,7,2,1,16,1601,99,2,26,4,4,6,71,5
22906,2021,10,16,6,17,3,2,1,114,99,2,17,2,2,4,71,5
22907,2021,10,16,6,21,4,3,1,117,99,2,16,2,2,4,71,5
22908,2021,10,16,6,14,3,2,1,117,99,2,17,2,2,4,71,5
22909,2021,10,16,6,15,3,2,1,117,99,1,17,2,2,4,71,5
22910,2021,10,16,6,13,3,2,10,1002,99,1,37,6,6,8,71,5
22911,2021,10,16,6,9,2,1,9,901,99,1,16,2,2,4,71,5
22912,2021,10,16,6,9,2,1,15,1501,99,1,15,2,2,4,71,5
22913,2021,10,16,6,9,2,1,18,1804,99,2,10,1,1,3,71,5
22914,2021,10,17,7,13,3,2,1,101,7,2,29,4,4,6,71,5
22915,2021,10,17,7,19,4,3,1,101,21,2,31,5,5,7,71,5
22916,2021,10,17,7,15,3,2,1,101,7,1,38,6,6,8,71,5
22917,2021,10,17,7,18,4,3,1,116,99,2,25,4,4,6,71,5
22918,2021,10,17,7,17,3,2,1,115,99,1,28,4,4,6,71,5
22919,2021,10,17,7,20,4,3,1,101,19,1,17,2,2,4,71,5
22920,2021,10,17,7,20,4,3,16,1609,99,1,17,2,2,4,71,5
22921,2021,10,17,7,5,1,1,14,1420,99,2,16,2,2,4,71,5
22922,2021,10,18,1,6,2,1,6,607,99,2,2,1,1,1,71,5
22923,2021,10,18,1,11,2,1,10,1011,99,2,14,1,1,3,71,5
22924,2021,10,18,1,15,3,2,12,1216,99,2,38,6,6,8,71,5
22925,2021,10,18,1,11,2,1,8,801,99,2,65,11,12,14,71,5
22926,2021,10,18,1,10,2,1,8,801,99,2,9,1,1,2,71,5
22927,2021,10,18,1,10,2,1,8,801,99,2,5,1,1,2,71,5
22928,2021,10,18,1,10,2,1,8,801,99,2,34,5,5,7,71,5
22929,2021,10,18,1,10,2,1,7,719,99,1,90,11,15,17,71,5
22930,2021,10,18,1,18,4,3,20,2007,99,2,15,2,2,4,71,5
22931,2021,10,18,1,9,2,1,12,1223,99,2,40,7,7,9,71,5
22932,2021,10,19,2,11,2,1,1,116,99,1,16,2,2,4,71,5
22933,2021,10,19,2,19,4,3,18,1801,99,2,13,1,1,3,71,5
22934,2021,10,19,2,11,2,1,4,415,99,2,17,2,2,4,71,5
22935,2021,10,19,2,17,3,2,20,2001,99,2,18,2,2,4,71,5
22936,2021,10,19,2,17,3,2,20,2001,99,2,3,1,1,1,71,5
22937,2021,10,19,2,10,2,1,11,1107,99,1,23,3,3,5,71,5
22938,2021,10,20,3,7,2,1,1,115,99,2,13,1,1,3,71,5
22939,2021,10,20,3,20,4,3,1,117,99,1,12,1,1,3,71,5
22940,2021,10,20,3,18,4,3,1,108,99,1,13,1,1,3,71,5
22941,2021,10,20,3,20,4,3,17,1705,99,2,16,2,2,4,71,5
22942,2021,10,21,4,15,3,2,1,101,7,2,27,4,4,6,71,5
22943,2021,10,21,4,10,2,1,1,117,99,1,17,2,2,4,71,5
22944,2021,10,21,4,16,3,2,1,115,99,2,14,1,1,3,71,5
22945,2021,10,21,4,22,4,3,1,108,99,2,28,4,4,6,71,5
22946,2021,10,21,4,19,4,3,5,509,99,2,11,1,1,3,71,5
22947,2021,10,21,4,8,2,1,5,507,99,1,13,1,1,3,71,5
22948,2021,10,21,4,8,2,1,5,507,99,2,7,1,1,2,71,5
22949,2021,10,21,4,12,3,2,5,509,99,2,31,5,5,7,71,5
22950,2021,10,21,4,5,1,1,10,1003,99,1,29,4,4,6,71,5
22951,2021,10,21,4,4,1,1,16,1609,99,2,15,2,2,4,71,5
22952,2021,10,21,4,20,4,3,17,1705,99,2,18,2,2,4,71,5
22953,2021,10,21,4,6,2,1,4,408,99,2,18,2,2,4,71,5
22954,2021,10,21,4,6,2,1,4,408,99,1,1,1,1,1,71,5
22955,2021,10,22,5,19,4,3,1,114,99,2,14,1,1,3,71,5
22956,2021,10,22,5,1,1,1,1,115,99,1,29,4,4,6,71,5
22957,2021,10,22,5,13,3,2,1,117,99,2,12,1,1,3,71,5
22958,2021,10,22,5,12,3,2,1,108,99,1,41,7,7,9,71,5
22959,2021,10,22,5,6,2,1,20,2001,99,1,999,12,16,18,71,5
22960,2021,10,22,5,19,4,3,4,401,99,2,13,1,1,3,71,5
22961,2021,10,23,6,16,3,2,1,115,99,1,18,2,2,4,71,5
22962,2021,10,23,6,20,4,3,1,114,99,2,15,2,2,4,71,5
22963,2021,10,23,6,9,2,1,1,111,99,2,24,3,3,5,71,5
22964,2021,10,23,6,9,2,1,1,111,99,1,5,1,1,2,71,5
22965,2021,10,23,6,13,3,2,19,1905,99,2,26,4,4,6,71,5
22966,2021,10,23,6,8,2,1,6,601,99,1,52,9,9,11,71,5
22967,2021,10,23,6,18,4,3,6,610,99,2,14,1,1,3,71,5
22968,2021,10,23,6,12,3,2,8,802,99,2,16,2,2,4,71,5
22969,2021,10,23,6,19,4,3,16,1613,99,1,46,8,8,10,71,5
22970,2021,10,24,7,15,3,2,1,101,7,2,29,4,4,6,71,5
22971,2021,10,24,7,18,4,3,8,801,99,2,16,2,2,4,71,5
22972,2021,10,25,1,18,4,3,1,114,99,2,26,4,4,6,71,5
22973,2021,10,25,1,18,4,3,1,114,99,1,2,1,1,1,71,5
22974,2021,10,25,1,19,4,3,1,114,99,2,14,1,1,3,71,5
22975,2021,10,25,1,21,4,3,22,2205,99,2,11,1,1,3,71,5
22976,2021,10,25,1,17,3,2,22,2210,99,2,15,2,2,4,71,5
22977,2021,10,25,1,5,1,1,10,1001,99,2,17,2,2,4,71,5
22978,2021,10,25,1,10,2,1,10,1001,99,2,25,4,4,6,71,5
22979,2021,10,25,1,17,3,2,16,1601,99,1,13,1,1,3,71,5
22980,2021,10,25,1,13,3,2,2,207,99,2,16,2,2,4,71,5
22981,2021,10,25,1,20,4,3,17,1703,99,2,14,1,1,3,71,5
22982,2021,10,26,2,14,3,2,1,106,99,2,16,2,2,4,71,5
22983,2021,10,26,2,17,3,2,1,114,99,2,15,2,2,4,71,5
22984,2021,10,26,2,10,2,1,1,108,99,2,20,3,3,5,71,5
22985,2021,10,26,2,18,4,3,6,602,99,2,18,2,2,4,71,5
22986,2021,10,26,2,20,4,3,14,1420,99,2,14,1,1,3,71,5
22987,2021,10,27,3,11,2,1,22,2213,99,1,30,5,5,7,71,5
22988,2021,10,27,3,17,3,2,8,801,99,1,30,5,5,7,71,5
22989,2021,10,27,3,14,3,2,2,201,99,2,14,1,1,3,71,5
22990,2021,10,28,4,16,3,2,1,101,18,2,14,1,1,3,71,5
22991,2021,10,28,4,16,3,2,1,101,18,1,6,1,1,2,71,5
22992,2021,10,28,4,12,3,2,1,110,99,1,72,11,13,15,71,5
22993,2021,10,26,2,11,2,1,1,110,99,1,32,5,5,7,71,5
22994,2021,10,27,3,8,2,1,1,108,99,2,12,1,1,3,71,5
22995,2021,10,20,3,11,2,1,1,108,99,1,42,7,7,9,71,5
22996,2021,10,24,7,16,3,2,11,1101,99,2,10,1,1,3,71,5
22997,2021,10,24,7,16,3,2,11,1101,99,1,6,1,1,2,71,5
22998,2021,10,24,7,6,2,1,12,1207,99,1,15,2,2,4,71,5
22999,2021,10,27,3,23,4,3,16,1601,99,2,20,3,3,5,71,5
23000,2021,10,26,2,11,2,1,15,1501,99,2,13,1,1,3,71,5
23001,2021,10,29,5,15,3,2,1,115,99,2,14,1,1,3,71,5
23002,2021,10,29,5,16,3,2,1,114,99,2,3,1,1,1,71,5
23003,2021,10,28,4,18,4,3,1,115,99,2,52,9,9,11,71,5
23004,2021,10,27,3,7,2,1,5,501,99,1,30,5,5,7,71,5
23005,2021,10,29,5,22,4,3,9,901,99,2,17,2,2,4,71,5
23006,2021,10,28,4,23,4,3,8,805,99,2,16,2,2,4,71,5
23007,2021,10,28,4,23,4,3,8,805,99,2,1,1,1,1,71,5
23008,2021,10,28,4,10,2,1,8,804,99,2,17,2,2,4,71,5
23009,2021,10,29,5,17,3,2,17,1705,99,2,20,3,3,5,71,5
23010,2021,10,29,5,17,3,2,17,1705,99,1,5,1,1,2,71,5
23011,2021,10,29,5,15,3,2,1,101,21,2,24,3,3,5,71,5
23012,2021,10,30,6,9,2,1,1,115,99,2,3,1,1,1,71,5
23013,2021,10,30,6,2,1,1,1,108,99,2,17,2,2,4,71,5
23014,2021,10,30,6,23,4,3,1,108,99,1,22,3,3,5,71,5
23015,2021,10,22,5,10,2,1,19,1904,99,2,12,1,1,3,71,5
23016,2021,10,28,4,9,2,1,5,502,99,1,11,1,1,3,71,5
23017,2021,10,22,5,4,1,1,9,919,99,2,27,4,4,6,71,5
23018,2021,10,22,5,4,1,1,9,919,99,1,9,1,1,2,71,5
23019,2021,10,22,5,4,1,1,9,919,99,1,8,1,1,2,71,5
23020,2021,10,22,5,4,1,1,9,919,99,2,5,1,1,2,71,5
23021,2021,10,22,5,4,1,1,9,919,99,1,3,1,1,1,71,5
23022,2021,10,29,5,16,3,2,4,409,99,1,49,8,8,10,71,5
23023,2021,10,30,6,16,3,2,1,114,99,2,15,2,2,4,71,5
23024,2021,10,31,7,10,2,1,1,108,99,2,15,2,2,4,71,5
23025,2021,10,30,6,13,3,2,1,108,99,2,37,6,6,8,71,5
23026,2021,10,30,6,11,2,1,1,115,99,2,15,2,2,4,71,5
23027,2021,10,30,6,15,3,2,1,108,99,2,15,2,2,4,71,5
23028,2021,10,29,5,11,2,1,22,2213,99,1,35,6,6,8,71,5
23029,2021,10,29,5,15,3,2,9,913,99,1,9,1,1,2,71,5
23030,2021,10,25,1,15,3,2,4,403,99,1,18,2,2,4,71,5
23031,2021,9,1,3,17,3,2,1,101,9,1,32,5,5,7,24,3
23032,2021,9,1,3,9,2,1,1,101,10,1,22,3,3,5,79,3
23033,2021,9,1,3,10,2,1,1,101,10,1,32,5,5,7,79,3
23034,2021,9,1,3,9,2,1,1,101,5,1,30,5,5,7,79,3
23035,2021,9,1,3,0,1,1,1,116,99,1,28,4,4,6,24,3
23036,2021,9,1,3,15,3,2,1,115,99,1,41,7,7,9,79,3
23037,2021,9,1,3,7,2,1,1,114,99,1,60,11,11,13,24,3
23038,2021,9,1,3,10,2,1,1,101,19,1,24,3,3,5,79,3
23039,2021,9,1,3,10,2,1,1,108,99,1,999,12,16,18,79,3
23040,2021,9,1,3,6,2,1,1,108,99,1,26,4,4,6,24,3
23041,2021,9,1,3,12,3,2,1,101,19,1,34,5,5,7,79,3
23042,2021,9,1,3,16,3,2,1,108,99,1,34,5,5,7,24,3
23043,2021,9,1,3,6,2,1,1,108,99,1,24,3,3,5,24,3
23044,2021,9,1,3,12,3,2,5,507,99,1,22,3,3,5,24,3
23045,2021,9,1,3,17,3,2,5,501,99,1,25,4,4,6,24,3
23046,2021,9,1,3,16,3,2,5,511,99,1,27,4,4,6,24,3
23047,2021,9,1,3,12,3,2,5,502,99,1,31,5,5,7,24,3
23048,2021,9,1,3,16,3,2,5,501,99,1,29,4,4,6,24,3
23049,2021,9,1,3,17,3,2,6,602,99,1,33,5,5,7,24,3
23050,2021,9,1,3,8,2,1,5,502,99,2,42,7,7,9,79,3
23051,2021,9,1,3,7,2,1,1,102,99,2,23,3,3,5,79,3
23052,2021,9,1,3,19,4,3,5,501,99,1,29,4,4,6,24,3
23053,2021,9,2,4,20,4,3,1,101,17,1,26,4,4,6,24,3
23054,2021,9,2,4,18,4,3,1,101,5,1,36,6,6,8,24,3
23055,2021,9,2,4,10,2,1,1,101,14,1,30,5,5,7,79,3
23056,2021,9,2,4,0,1,1,1,101,12,1,27,4,4,6,24,3
23057,2021,9,2,4,12,3,2,1,101,11,1,41,7,7,9,24,3
23058,2021,9,2,4,1,1,1,1,117,99,1,34,5,5,7,79,3
23059,2021,9,2,4,10,2,1,1,108,99,2,20,3,3,5,79,3
23060,2021,9,2,4,20,4,3,5,501,99,2,33,5,5,7,24,3
23061,2021,9,2,4,5,1,1,5,501,99,1,23,3,3,5,24,3
23062,2021,9,2,4,15,3,2,2,201,99,1,23,3,3,5,79,3
23063,2021,9,2,4,19,4,3,5,513,99,1,20,3,3,5,24,3
23064,2021,9,3,5,9,2,1,1,101,9,1,38,6,6,8,79,3
23065,2021,9,3,5,5,1,1,1,101,12,1,22,3,3,5,24,3
23066,2021,9,3,5,21,4,3,1,101,21,1,31,5,5,7,79,3
23067,2021,9,3,5,8,2,1,5,502,99,1,42,7,7,9,24,3
23068,2021,9,3,5,13,3,2,5,504,99,1,29,4,4,6,24,3
23069,2021,9,3,5,19,4,3,5,501,99,1,28,4,4,6,24,3
23070,2021,9,3,5,15,3,2,17,1701,99,2,23,3,3,5,24,3
23071,2021,9,3,5,15,3,2,3,308,99,1,33,5,5,7,79,3
23072,2021,9,3,5,22,4,3,1,101,6,1,31,5,5,7,79,3
23073,2021,9,3,5,23,4,3,1,115,99,1,30,5,5,7,24,3
23074,2021,9,4,6,16,3,2,1,101,18,1,25,4,4,6,79,3
23075,2021,9,4,6,18,4,3,1,101,19,1,24,3,3,5,79,3
23076,2021,9,4,6,15,3,2,5,507,99,1,45,8,8,10,24,3
23077,2021,9,4,6,12,3,2,10,1013,99,1,23,3,3,5,24,3
23078,2021,9,4,6,11,2,1,18,1804,99,1,31,5,5,7,79,3
23079,2021,9,4,6,16,3,2,5,501,99,1,34,5,5,7,79,3
23080,2021,9,5,7,19,4,3,1,107,99,1,40,7,7,9,79,3
23081,2021,9,5,7,7,2,1,1,115,99,1,20,3,3,5,79,3
23082,2021,9,5,7,19,4,3,19,1903,99,1,27,4,4,6,24,3
23083,2021,9,5,7,17,3,2,5,506,99,2,24,3,3,5,24,3
23084,2021,9,5,7,17,3,2,1,116,99,1,38,6,6,8,24,3
23085,2021,9,5,7,22,4,3,1,115,99,1,29,4,4,6,79,3
23086,2021,9,6,1,19,4,3,1,101,11,1,26,4,4,6,24,3
23087,2021,9,6,1,18,4,3,1,108,99,2,22,3,3,5,79,3
23088,2021,9,6,1,16,3,2,5,509,99,1,36,6,6,8,24,3
23089,2021,9,6,1,19,4,3,5,505,99,1,40,7,7,9,24,3
23090,2021,9,6,1,6,2,1,1,106,99,1,38,6,6,8,79,3
23091,2021,9,6,1,7,2,1,11,1102,99,1,27,4,4,6,79,3
23092,2021,9,6,1,11,2,1,18,1805,99,2,33,5,5,7,24,3
23093,2021,9,6,1,9,2,1,18,1804,99,1,46,8,8,10,79,3
23094,2021,9,6,1,15,3,2,1,115,99,1,25,4,4,6,24,3
23095,2021,9,7,2,18,4,3,1,101,1,1,21,3,3,5,79,3
23096,2021,9,7,2,19,4,3,1,101,17,1,21,3,3,5,24,3
23097,2021,9,7,2,5,1,1,1,101,14,1,17,2,2,4,24,3
23098,2021,9,7,2,5,1,1,1,101,12,1,38,6,6,8,24,3
23099,2021,9,7,2,19,4,3,1,101,17,1,21,3,3,5,24,3
23100,2021,9,7,2,7,2,1,5,505,99,1,25,4,4,6,24,3
23101,2021,9,7,2,21,4,3,4,401,99,1,23,3,3,5,24,3
23102,2021,9,7,2,10,2,1,1,115,99,2,63,11,11,13,79,3
23103,2021,9,8,3,14,3,2,1,101,1,1,39,6,6,8,79,3
23104,2021,9,8,3,6,2,1,1,102,99,1,33,5,5,7,79,3
23105,2021,9,8,3,6,2,1,1,101,12,1,40,7,7,9,24,3
23106,2021,9,8,3,6,2,1,1,101,12,1,22,3,3,5,24,3
23107,2021,9,8,3,17,3,2,1,101,12,1,30,5,5,7,79,3
23108,2021,9,8,3,2,1,1,1,114,99,1,26,4,4,6,24,3
23109,2021,9,8,3,6,2,1,19,1905,99,1,23,3,3,5,24,3
23110,2021,9,8,3,18,4,3,5,509,99,1,22,3,3,5,24,3
23111,2021,9,8,3,19,4,3,5,513,99,1,66,11,12,14,24,3
23112,2021,9,8,3,20,4,3,5,513,99,1,22,3,3,5,24,3
23113,2021,9,8,3,6,2,1,1,101,25,1,58,10,10,12,24,3
23114,2021,9,8,3,12,3,2,18,1804,99,2,31,5,5,7,79,3
23115,2021,9,8,3,20,4,3,1,101,9,1,32,5,5,7,79,3
23116,2021,9,9,4,9,2,1,1,101,9,1,31,5,5,7,79,3
23117,2021,9,9,4,11,2,1,1,101,1,1,49,8,8,10,79,3
23118,2021,9,9,4,10,2,1,1,101,18,2,43,7,7,9,79,3
23119,2021,9,9,4,12,3,2,1,101,11,1,25,4,4,6,79,3
23120,2021,9,9,4,19,4,3,1,114,99,1,41,7,7,9,79,3
23121,2021,9,9,4,15,3,2,22,2201,99,1,32,5,5,7,79,3
23122,2021,9,9,4,21,4,3,22,2201,99,1,27,4,4,6,79,3
23123,2021,9,9,4,0,1,1,5,501,99,1,22,3,3,5,24,3
23124,2021,9,9,4,7,2,1,18,1804,99,2,28,4,4,6,79,3
23125,2021,9,9,4,20,4,3,5,502,99,1,32,5,5,7,79,3
23126,2021,9,9,4,20,4,3,1,115,99,1,28,4,4,6,24,3
23127,2021,9,9,4,14,3,2,5,502,99,2,33,5,5,7,79,3
23128,2021,9,10,5,2,1,1,1,101,18,1,41,7,7,9,79,3
23129,2021,9,10,5,7,2,1,1,101,13,1,26,4,4,6,79,3
23130,2021,9,10,5,19,4,3,1,117,99,1,19,2,2,4,79,3
23131,2021,9,10,5,19,4,3,19,1903,99,1,40,7,7,9,24,3
23132,2021,9,10,5,17,3,2,5,509,99,2,21,3,3,5,24,3
23133,2021,9,10,5,19,4,3,5,509,99,1,27,4,4,6,79,3
23134,2021,9,10,5,6,2,1,6,601,99,1,31,5,5,7,79,3
23135,2021,9,10,5,17,3,2,14,1401,99,1,41,7,7,9,79,3
23136,2021,9,10,5,19,4,3,1,101,19,1,25,4,4,6,79,3
23137,2021,9,10,5,19,4,3,4,404,99,1,24,3,3,5,24,3
23138,2021,9,10,5,23,4,3,1,117,99,1,26,4,4,6,79,3
23139,2021,9,10,5,20,4,3,15,1501,99,1,18,2,2,4,79,3
23140,2021,9,10,5,8,2,1,1,101,9,1,40,7,7,9,79,3
23141,2021,9,10,5,22,4,3,5,505,99,1,33,5,5,7,79,3
23142,2021,9,10,5,20,4,3,1,101,7,1,27,4,4,6,79,3
23143,2021,9,10,5,22,4,3,1,102,99,1,38,6,6,8,79,3
23144,2021,9,10,5,13,3,2,1,102,99,1,25,4,4,6,79,3
23145,2021,9,10,5,14,3,2,1,101,10,1,31,5,5,7,79,3
23146,2021,9,11,6,6,2,1,1,101,1,1,26,4,4,6,24,3
23147,2021,9,11,6,20,4,3,1,115,99,2,31,5,5,7,24,3
23148,2021,9,11,6,14,3,2,1,110,99,1,18,2,2,4,79,3
23149,2021,9,11,6,12,3,2,2,207,99,1,58,10,10,12,79,3
23150,2021,9,11,6,16,3,2,18,1804,99,1,49,8,8,10,79,3
23151,2021,9,11,6,17,3,2,1,101,11,1,999,12,16,18,24,3
23152,2021,9,11,6,19,4,3,1,101,8,1,27,4,4,6,79,3
23153,2021,9,11,6,14,3,2,5,511,99,1,59,10,10,12,24,3
23154,2021,9,12,7,11,2,1,1,108,99,2,36,6,6,8,24,3
23155,2021,9,12,7,10,2,1,22,2201,99,1,26,4,4,6,79,3
23156,2021,9,12,7,17,3,2,5,507,99,1,24,3,3,5,24,3
23157,2021,9,12,7,14,3,2,10,1002,99,1,20,3,3,5,79,3
23158,2021,9,12,7,17,3,2,15,1504,99,2,18,2,2,4,79,3
23159,2021,9,12,7,18,4,3,18,1804,99,2,19,2,2,4,24,3
23160,2021,9,12,7,12,3,2,4,407,99,1,25,4,4,6,79,3
23161,2021,9,12,7,21,4,3,6,608,99,1,50,9,9,11,79,3
23162,2021,9,12,7,19,4,3,5,509,99,1,54,9,9,11,24,3
23163,2021,9,13,1,5,1,1,1,101,10,1,31,5,5,7,24,3
23164,2021,9,13,1,6,2,1,5,505,99,1,28,4,4,6,24,3
23165,2021,9,14,2,18,4,3,1,101,9,1,21,3,3,5,79,3
23166,2021,9,14,2,6,2,1,1,101,10,1,23,3,3,5,79,3
23167,2021,9,14,2,9,2,1,1,116,99,2,31,5,5,7,24,3
23168,2021,9,14,2,4,1,1,5,513,99,1,20,3,3,5,24,3
23169,2021,9,14,2,18,4,3,5,507,99,1,23,3,3,5,24,3
23170,2021,9,14,2,6,2,1,2,201,99,1,30,5,5,7,79,3
23171,2021,9,14,2,4,1,1,5,501,99,1,24,3,3,5,79,3
23172,2021,9,14,2,0,1,1,1,101,13,1,41,7,7,9,24,3
23173,2021,9,15,3,6,2,1,1,101,7,1,18,2,2,4,79,3
23174,2021,9,15,3,20,4,3,1,114,99,1,26,4,4,6,79,3
23175,2021,9,15,3,10,2,1,19,1901,99,1,45,8,8,10,79,3
23176,2021,9,15,3,19,4,3,5,509,99,2,42,7,7,9,24,3
23177,2021,9,15,3,8,2,1,3,309,99,2,28,4,4,6,79,3
23178,2021,9,15,3,22,4,3,1,101,19,1,25,4,4,6,79,3
23179,2021,9,16,4,0,1,1,1,101,18,1,36,6,6,8,79,3
23180,2021,9,16,4,7,2,1,1,101,13,1,28,4,4,6,79,3
23181,2021,9,16,4,5,1,1,1,101,7,1,37,6,6,8,24,3
23182,2021,9,16,4,4,1,1,1,101,12,1,23,3,3,5,24,3
23183,2021,9,16,4,13,3,2,1,114,99,1,37,6,6,8,24,3
23184,2021,9,16,4,15,3,2,5,513,99,1,50,9,9,11,24,3
23185,2021,9,16,4,9,2,1,1,101,4,1,41,7,7,9,79,3
23186,2021,9,16,4,8,2,1,1,101,4,1,22,3,3,5,79,3
23187,2021,9,16,4,20,4,3,1,101,25,1,23,3,3,5,79,3
23188,2021,9,17,5,17,3,2,1,101,1,2,25,4,4,6,24,3
23189,2021,9,17,5,5,1,1,1,101,10,1,20,3,3,5,24,3
23190,2021,9,17,5,21,4,3,1,114,99,1,74,11,13,15,79,3
23191,2021,9,17,5,7,2,1,5,507,99,2,35,6,6,8,79,3
23192,2021,9,17,5,17,3,2,10,1001,99,2,43,7,7,9,79,3
23193,2021,9,17,5,8,2,1,11,1101,99,1,18,2,2,4,79,3
23194,2021,9,17,5,17,3,2,11,1102,99,2,44,7,7,9,79,3
23195,2021,9,17,5,10,2,1,18,1801,99,2,21,3,3,5,79,3
23196,2021,9,17,5,21,4,3,7,710,99,1,64,11,11,13,79,3
23197,2021,9,17,5,0,1,1,3,301,99,1,36,6,6,8,24,3
23198,2021,9,17,5,10,2,1,18,1801,99,2,29,4,4,6,79,3
23199,2021,9,17,5,16,3,2,4,403,99,1,19,2,2,4,79,3
23200,2021,9,18,6,13,3,2,1,101,1,1,28,4,4,6,79,3
23201,2021,9,18,6,4,1,1,1,101,7,1,26,4,4,6,24,3
23202,2021,9,18,6,15,3,2,1,114,99,2,38,6,6,8,79,3
23203,2021,9,18,6,20,4,3,1,114,99,1,20,3,3,5,79,3
23204,2021,9,18,6,15,3,2,1,101,19,1,45,8,8,10,79,3
23205,2021,9,18,6,15,3,2,5,501,99,1,999,12,16,18,24,3
23206,2021,9,18,6,4,1,1,5,501,99,1,53,9,9,11,24,3
23207,2021,9,18,6,4,1,1,5,501,99,1,23,3,3,5,24,3
23208,2021,9,18,6,4,1,1,5,505,99,2,21,3,3,5,24,3
23209,2021,9,18,6,18,4,3,1,101,1,1,18,2,2,4,79,3
23210,2021,9,18,6,20,4,3,1,101,7,1,28,4,4,6,24,3
23211,2021,9,18,6,20,4,3,5,501,99,1,21,3,3,5,24,3
23212,2021,9,19,7,17,3,2,1,115,99,1,25,4,4,6,79,3
23213,2021,9,19,7,22,4,3,1,114,99,1,22,3,3,5,79,3
23214,2021,9,19,7,1,1,1,5,501,99,1,55,10,10,12,79,3
23215,2021,9,19,7,17,3,2,5,507,99,2,20,3,3,5,24,3
23216,2021,9,19,7,20,4,3,5,502,99,1,35,6,6,8,79,3
23217,2021,9,19,7,14,3,2,5,509,99,1,24,3,3,5,79,3
23218,2021,9,19,7,15,3,2,5,501,99,1,50,9,9,11,79,3
23219,2021,9,19,7,18,4,3,5,501,99,1,25,4,4,6,79,3
23220,2021,9,19,7,4,1,1,11,1101,99,1,31,5,5,7,24,3
23221,2021,9,19,7,18,4,3,5,501,99,1,35,6,6,8,79,3
23222,2021,9,18,6,11,2,1,1,101,11,1,23,3,3,5,24,3
23223,2021,9,20,1,5,1,1,1,101,12,1,57,10,10,12,24,3
23224,2021,9,20,1,14,3,2,1,101,7,1,30,5,5,7,79,3
23225,2021,9,20,1,10,2,1,19,1905,99,1,26,4,4,6,79,3
23226,2021,9,20,1,19,4,3,11,1102,99,1,22,3,3,5,24,3
23227,2021,9,20,1,18,4,3,12,1227,99,1,33,5,5,7,79,3
23228,2021,9,20,1,16,3,2,5,505,99,1,29,4,4,6,24,3
23229,2021,9,20,1,19,4,3,5,503,99,1,19,2,2,4,24,3
23230,2021,9,20,1,20,4,3,1,101,19,1,59,10,10,12,79,3
23231,2021,9,21,2,9,2,1,1,115,99,1,19,2,2,4,24,3
23232,2021,9,20,1,7,2,1,1,108,99,1,27,4,4,6,79,3
23233,2021,9,21,2,6,2,1,1,108,99,2,28,4,4,6,79,3
23234,2021,9,21,2,9,2,1,22,2201,99,2,28,4,4,6,79,3
23235,2021,9,21,2,4,1,1,5,501,99,1,24,3,3,5,24,3
23236,2021,9,21,2,22,4,3,5,501,99,1,24,3,3,5,79,3
23237,2021,9,21,2,7,2,1,18,1801,99,1,39,6,6,8,79,3
23238,2021,9,21,2,16,3,2,5,506,99,1,32,5,5,7,24,3
23239,2021,9,22,3,13,3,2,5,506,99,1,54,9,9,11,24,3
23240,2021,9,22,3,13,3,2,5,506,99,1,33,5,5,7,24,3
23241,2021,9,22,3,11,2,1,5,501,99,1,37,6,6,8,79,3
23242,2021,9,22,3,14,3,2,5,502,99,1,33,5,5,7,24,3
23243,2021,9,22,3,15,3,2,5,501,99,1,26,4,4,6,24,3
23244,2021,9,22,3,5,1,1,5,501,99,1,40,7,7,9,24,3
23245,2021,9,23,4,4,1,1,1,101,1,1,23,3,3,5,24,3
23246,2021,9,23,4,9,2,1,1,101,1,1,21,3,3,5,79,3
23247,2021,9,23,4,12,3,2,1,101,9,1,24,3,3,5,79,3
23248,2021,9,21,2,20,4,3,1,101,21,1,31,5,5,7,79,3
23249,2021,9,22,3,20,4,3,1,101,7,1,32,5,5,7,79,3
23250,2021,9,23,4,7,2,1,1,101,12,1,36,6,6,8,24,3
23251,2021,9,23,4,6,2,1,1,108,99,1,22,3,3,5,79,3
23252,2021,9,23,4,18,4,3,20,2001,99,1,23,3,3,5,79,3
23253,2021,9,23,4,11,2,1,19,1905,99,2,19,2,2,4,79,3
23254,2021,9,23,4,13,3,2,5,506,99,1,53,9,9,11,24,3
23255,2021,9,23,4,16,3,2,5,511,99,1,19,2,2,4,24,3
23256,2021,9,23,4,12,3,2,5,501,99,1,77,11,14,16,79,3
23257,2021,9,23,4,20,4,3,1,108,99,1,23,3,3,5,79,3
23258,2021,9,23,4,14,3,2,5,506,99,1,23,3,3,5,24,3
23259,2021,9,24,5,5,1,1,1,101,9,1,21,3,3,5,24,3
23260,2021,9,24,5,7,2,1,1,101,4,1,18,2,2,4,79,3
23261,2021,9,24,5,11,2,1,1,101,10,2,35,6,6,8,79,3
23262,2021,9,24,5,10,2,1,1,101,10,1,25,4,4,6,79,3
23263,2021,9,23,4,4,1,1,1,101,12,1,20,3,3,5,24,3
23264,2021,9,24,5,20,4,3,1,101,11,1,26,4,4,6,24,3
23265,2021,9,25,6,8,2,1,1,101,10,1,33,5,5,7,79,3
23266,2021,9,24,5,16,3,2,1,114,99,1,31,5,5,7,79,3
23267,2021,9,25,6,15,3,2,1,115,99,1,27,4,4,6,79,3
23268,2021,9,25,6,17,3,2,20,2001,99,1,999,12,16,18,79,3
23269,2021,9,25,6,22,4,3,5,508,99,1,38,6,6,8,24,3
23270,2021,9,24,5,20,4,3,1,101,19,1,34,5,5,7,79,3
23271,2021,9,25,6,18,4,3,1,101,19,1,23,3,3,5,24,3
23272,2021,9,25,6,20,4,3,22,2202,99,1,23,3,3,5,24,3
23273,2021,9,25,6,0,1,1,1,101,2,1,37,6,6,8,24,3
23274,2021,9,25,6,17,3,2,4,414,99,1,23,3,3,5,79,3
23275,2021,9,25,6,12,3,2,5,503,99,1,34,5,5,7,24,3
23276,2021,9,26,7,9,2,1,1,101,18,1,22,3,3,5,79,3
23277,2021,9,26,7,19,4,3,19,1905,99,1,22,3,3,5,24,3
23278,2021,9,26,7,4,1,1,5,501,99,1,28,4,4,6,24,3
23279,2021,9,26,7,4,1,1,5,505,99,1,28,4,4,6,24,3
23280,2021,9,26,7,0,1,1,5,501,99,1,23,3,3,5,79,3
23281,2021,9,26,7,15,3,2,13,1301,99,1,52,9,9,11,79,3
23282,2021,9,26,7,12,3,2,2,201,99,1,26,4,4,6,79,3
23283,2021,9,26,7,20,4,3,5,513,99,1,34,5,5,7,24,3
23284,2021,9,26,7,20,4,3,5,501,99,1,25,4,4,6,79,3
23285,2021,9,26,7,17,3,2,1,110,99,1,36,6,6,8,79,3
23286,2021,9,27,1,17,3,2,1,101,1,2,34,5,5,7,79,3
23287,2021,9,24,5,5,1,1,1,101,12,1,53,9,9,11,24,3
23288,2021,9,24,5,11,2,1,1,101,11,1,41,7,7,9,24,3
23289,2021,9,24,5,0,1,1,1,115,99,1,29,4,4,6,79,3
23290,2021,9,25,6,0,1,1,1,101,21,1,30,5,5,7,79,3
23291,2021,9,27,1,4,1,1,1,101,7,1,24,3,3,5,24,3
23292,2021,9,27,1,6,2,1,1,110,99,1,33,5,5,7,79,3
23293,2021,9,27,1,6,2,1,1,110,99,1,24,3,3,5,79,3
23294,2021,9,27,1,20,4,3,20,2001,99,1,999,12,16,18,79,3
23295,2021,9,27,1,5,1,1,5,502,99,1,31,5,5,7,24,3
23296,2021,9,27,1,0,1,1,5,501,99,1,32,5,5,7,79,3
23297,2021,9,27,1,19,4,3,5,501,99,1,19,2,2,4,24,3
23298,2021,9,27,1,8,2,1,4,401,99,1,20,3,3,5,24,3
23299,2021,9,27,1,20,4,3,3,302,99,1,51,9,9,11,79,3
23300,2021,9,27,1,22,4,3,1,101,3,1,21,3,3,5,79,3
23301,2021,9,28,2,9,2,1,1,101,1,1,20,3,3,5,79,3
23302,2021,9,28,2,0,1,1,1,101,3,1,27,4,4,6,79,3
23303,2021,9,27,1,3,1,1,1,101,12,1,31,5,5,7,24,3
23304,2021,9,28,2,6,2,1,1,101,12,1,29,4,4,6,79,3
23305,2021,9,28,2,6,2,1,1,101,21,1,25,4,4,6,79,3
23306,2021,9,26,7,15,3,2,1,115,99,1,20,3,3,5,24,3
23307,2021,9,26,7,17,3,2,1,114,99,1,29,4,4,6,79,3
23308,2021,9,28,2,11,2,1,1,114,99,2,30,5,5,7,79,3
23309,2021,9,28,2,7,2,1,1,114,99,1,27,4,4,6,24,3
23310,2021,9,28,2,20,4,3,1,108,99,1,27,4,4,6,79,3
23311,2021,9,28,2,4,1,1,5,501,99,2,32,5,5,7,24,3
23312,2021,9,28,2,7,2,1,5,501,99,1,43,7,7,9,79,3
23313,2021,9,28,2,8,2,1,11,1101,99,1,20,3,3,5,79,3
23314,2021,9,28,2,19,4,3,18,1803,99,1,35,6,6,8,24,3
23315,2021,9,28,2,23,4,3,1,101,1,1,29,4,4,6,24,3
23316,2021,9,28,2,16,3,2,5,503,99,1,33,5,5,7,24,3
23317,2021,9,29,3,8,2,1,1,101,1,1,35,6,6,8,79,3
23318,2021,9,29,3,4,1,1,1,101,12,1,25,4,4,6,24,3
23319,2021,9,29,3,12,3,2,1,101,7,1,19,2,2,4,24,3
23320,2021,9,29,3,19,4,3,1,108,99,1,27,4,4,6,24,3
23321,2021,9,29,3,6,2,1,5,505,99,1,60,11,11,13,24,3
23322,2021,9,29,3,19,4,3,13,1301,99,1,22,3,3,5,79,3
23323,2021,9,29,3,15,3,2,4,414,99,1,38,6,6,8,79,3
23324,2021,9,29,3,7,2,1,5,501,99,1,36,6,6,8,79,3
23325,2021,9,30,4,12,3,2,1,101,1,1,26,4,4,6,79,3
23326,2021,9,30,4,5,1,1,1,101,18,2,32,5,5,7,79,3
23327,2021,9,30,4,9,2,1,1,101,5,1,22,3,3,5,79,3
23328,2021,9,30,4,5,1,1,1,101,11,1,23,3,3,5,24,3
23329,2021,9,30,4,9,2,1,1,101,12,1,35,6,6,8,24,3
23330,2021,9,30,4,7,2,1,5,502,99,1,32,5,5,7,79,3
23331,2021,9,30,4,18,4,3,5,502,99,1,46,8,8,10,24,3
23332,2021,9,30,4,18,4,3,5,505,99,1,20,3,3,5,24,3
23333,2021,9,30,4,8,2,1,11,1101,99,1,29,4,4,6,79,3
23334,2021,9,30,4,15,3,2,11,1109,99,1,28,4,4,6,24,3
23335,2021,9,29,3,1,1,1,1,108,99,1,33,5,5,7,24,3
23336,2021,9,27,1,7,2,1,9,923,99,1,43,7,7,9,24,3
23337,2021,9,27,1,20,4,3,6,602,99,1,26,4,4,6,79,3
23338,2021,9,28,2,21,4,3,1,114,99,1,26,4,4,6,79,3
23339,2021,9,24,5,18,4,3,10,1020,99,1,27,4,4,6,24,3
23340,2021,9,25,6,18,4,3,10,1020,99,1,20,3,3,5,24,3
23341,2021,9,29,3,12,3,2,10,1020,99,1,33,5,5,7,24,3
23342,2021,9,17,5,8,2,1,18,1801,99,1,31,5,5,7,24,3
23343,2021,9,27,1,5,1,1,18,1801,99,1,38,6,6,8,24,3
23344,2021,9,16,4,11,2,1,1,101,5,1,26,4,4,6,79,3
23345,2021,9,17,5,18,4,3,1,101,10,1,35,6,6,8,24,3
23346,2021,9,18,6,23,4,3,1,102,99,1,42,7,7,9,79,3
23347,2021,9,20,1,23,4,3,1,101,13,1,21,3,3,5,79,3
23348,2021,9,24,5,9,2,1,1,101,10,1,34,5,5,7,79,3
23349,2021,9,28,2,21,4,3,1,102,99,1,51,9,9,11,79,3
23350,2021,9,30,4,5,1,1,1,102,99,1,41,7,7,9,79,3
23351,2021,9,16,4,3,1,1,1,101,17,1,21,3,3,5,24,3
23352,2021,9,26,7,2,1,1,1,101,6,1,22,3,3,5,79,3
23353,2021,9,30,4,21,4,3,1,101,1,1,30,5,5,7,24,3
23354,2021,10,1,5,8,2,1,1,101,18,1,44,7,7,9,79,3
23355,2021,10,1,5,15,3,2,1,101,21,1,27,4,4,6,79,3
23356,2021,10,1,5,22,4,3,1,101,7,1,27,4,4,6,24,3
23357,2021,10,1,5,19,4,3,1,101,11,1,35,6,6,8,24,3
23358,2021,10,1,5,18,4,3,1,114,99,1,36,6,6,8,24,3
23359,2021,10,1,5,21,4,3,1,115,99,1,40,7,7,9,79,3
23360,2021,10,1,5,13,3,2,1,108,99,1,59,10,10,12,24,3
23361,2021,10,1,5,22,4,3,1,108,99,1,23,3,3,5,24,3
23362,2021,10,1,5,16,3,2,1,108,99,2,32,5,5,7,79,3
23363,2021,10,1,5,20,4,3,1,101,19,1,28,4,4,6,79,3
23364,2021,10,1,5,14,3,2,1,110,99,2,39,6,6,8,79,3
23365,2021,10,1,5,4,1,1,5,501,99,1,36,6,6,8,24,3
23366,2021,10,1,5,18,4,3,5,507,99,1,50,9,9,11,24,3
23367,2021,10,1,5,16,3,2,5,507,99,1,22,3,3,5,24,3
23368,2021,10,1,5,21,4,3,5,501,99,2,24,3,3,5,24,3
23369,2021,10,1,5,7,2,1,5,501,99,1,38,6,6,8,79,3
23370,2021,10,1,5,18,4,3,14,1401,99,1,38,6,6,8,79,3
23371,2021,10,1,5,2,1,1,4,409,99,1,21,3,3,5,79,3
23372,2021,10,1,5,9,2,1,3,302,99,2,39,6,6,8,79,3
23373,2021,10,1,5,19,4,3,3,301,99,1,39,6,6,8,79,3
23374,2021,10,2,6,4,1,1,1,101,8,1,30,5,5,7,24,3
23375,2021,10,2,6,11,2,1,1,101,17,1,26,4,4,6,24,3
23376,2021,10,2,6,5,1,1,1,101,18,1,38,6,6,8,24,3
23377,2021,10,2,6,21,4,3,1,101,18,1,28,4,4,6,79,3
23378,2021,10,2,6,5,1,1,1,101,12,1,20,3,3,5,24,3
23379,2021,10,2,6,20,4,3,1,101,12,1,21,3,3,5,24,3
23380,2021,10,2,6,17,3,2,1,101,7,1,20,3,3,5,24,3
23381,2021,10,2,6,22,4,3,1,116,99,1,22,3,3,5,79,3
23382,2021,10,2,6,19,4,3,1,108,99,1,33,5,5,7,24,3
23383,2021,10,2,6,16,3,2,1,108,99,1,18,2,2,4,79,3
23384,2021,10,2,6,18,4,3,1,109,99,1,44,7,7,9,79,3
23385,2021,10,2,6,3,1,1,19,1901,99,1,28,4,4,6,79,3
23386,2021,10,2,6,3,1,1,5,502,99,1,21,3,3,5,24,3
23387,2021,10,2,6,4,1,1,5,501,99,1,40,7,7,9,24,3
23388,2021,10,2,6,11,2,1,5,501,99,1,25,4,4,6,79,3
23389,2021,10,2,6,21,4,3,5,502,99,1,23,3,3,5,24,3
23390,2021,10,2,6,19,4,3,5,501,99,1,21,3,3,5,24,3
23391,2021,10,2,6,16,3,2,14,1401,99,1,30,5,5,7,79,3
23392,2021,10,2,6,16,3,2,3,301,99,1,18,2,2,4,79,3
23393,2021,10,2,6,2,1,1,3,312,99,1,35,6,6,8,79,3
23394,2021,10,3,7,20,4,3,1,101,18,1,24,3,3,5,79,3
23395,2021,10,3,7,21,4,3,1,101,18,2,47,8,8,10,79,3
23396,2021,10,3,7,15,3,2,1,101,25,1,27,4,4,6,79,3
23397,2021,10,3,7,7,2,1,1,101,21,1,27,4,4,6,79,3
23398,2021,10,3,7,19,4,3,1,115,99,1,21,3,3,5,24,3
23399,2021,10,3,7,21,4,3,1,115,99,1,20,3,3,5,79,3
23400,2021,10,3,7,19,4,3,5,505,99,1,45,8,8,10,79,3
23401,2021,10,3,7,11,2,1,10,1002,99,1,23,3,3,5,79,3
23402,2021,10,3,7,10,2,1,16,1601,99,1,33,5,5,7,24,3
23403,2021,10,3,7,16,3,2,2,202,99,1,27,4,4,6,79,3
23404,2021,10,4,1,5,1,1,1,101,1,1,44,7,7,9,24,3
23405,2021,10,4,1,21,4,3,1,101,8,1,26,4,4,6,24,3
23406,2021,10,4,1,17,3,2,1,101,15,1,28,4,4,6,24,3
23407,2021,10,4,1,3,1,1,1,114,99,1,23,3,3,5,79,3
23408,2021,10,4,1,4,1,1,5,501,99,1,48,8,8,10,24,3
23409,2021,10,4,1,19,4,3,5,511,99,1,28,4,4,6,24,3
23410,2021,10,4,1,12,3,2,5,507,99,1,36,6,6,8,24,3
23411,2021,10,4,1,19,4,3,5,506,99,1,40,7,7,9,24,3
23412,2021,10,4,1,14,3,2,4,407,99,1,32,5,5,7,79,3
23413,2021,10,4,1,1,1,1,3,303,99,1,29,4,4,6,79,3
23414,2021,10,5,2,19,4,3,1,101,7,1,24,3,3,5,24,3
23415,2021,10,5,2,20,4,3,1,101,11,1,38,6,6,8,24,3
23416,2021,10,5,2,21,4,3,1,116,99,1,23,3,3,5,24,3
23417,2021,10,5,2,19,4,3,1,101,19,1,24,3,3,5,79,3
23418,2021,10,5,2,9,2,1,5,511,99,1,36,6,6,8,24,3
23419,2021,10,5,2,17,3,2,11,1106,99,1,34,5,5,7,24,3
23420,2021,10,5,2,5,1,1,18,1801,99,2,20,3,3,5,24,3
23421,2021,10,6,3,16,3,2,1,101,25,1,999,12,16,18,24,3
23422,2021,10,6,3,5,1,1,1,101,11,1,36,6,6,8,24,3
23423,2021,10,6,3,5,1,1,1,101,12,1,20,3,3,5,24,3
23424,2021,10,6,3,18,4,3,1,101,12,1,23,3,3,5,79,3
23425,2021,10,6,3,12,3,2,1,108,99,1,26,4,4,6,79,3
23426,2021,10,6,3,10,2,1,5,501,99,2,31,5,5,7,24,3
23427,2021,10,6,3,4,1,1,5,502,99,1,22,3,3,5,24,3
23428,2021,10,6,3,6,2,1,18,1801,99,1,26,4,4,6,79,3
23429,2021,10,7,4,23,4,3,1,101,1,1,21,3,3,5,24,3
23430,2021,10,7,4,16,3,2,1,109,99,1,26,4,4,6,24,3
23431,2021,10,7,4,20,4,3,1,109,99,1,21,3,3,5,79,3
23432,2021,10,7,4,22,4,3,1,108,99,1,32,5,5,7,79,3
23433,2021,10,7,4,5,1,1,5,501,99,1,24,3,3,5,24,3
23434,2021,10,7,4,5,1,1,5,501,99,1,25,4,4,6,24,3
23435,2021,10,7,4,21,4,3,5,501,99,1,17,2,2,4,24,3
23436,2021,10,7,4,6,2,1,5,501,99,1,37,6,6,8,79,3
23437,2021,10,7,4,6,2,1,5,502,99,1,28,4,4,6,79,3
23438,2021,10,7,4,20,4,3,5,501,99,1,23,3,3,5,79,3
23439,2021,10,7,4,20,4,3,5,509,99,1,26,4,4,6,24,3
23440,2021,10,7,4,19,4,3,4,401,99,1,43,7,7,9,24,3
23441,2021,10,7,4,23,4,3,3,301,99,2,25,4,4,6,24,3
23442,2021,10,8,5,8,2,1,1,101,1,1,26,4,4,6,79,3
23443,2021,10,8,5,10,2,1,1,101,1,1,24,3,3,5,24,3
23444,2021,10,8,5,23,4,3,1,101,12,1,40,7,7,9,24,3
23445,2021,10,8,5,21,4,3,1,115,99,1,27,4,4,6,79,3
23446,2021,10,8,5,9,2,1,1,101,19,1,23,3,3,5,79,3
23447,2021,10,8,5,19,4,3,1,108,99,1,26,4,4,6,79,3
23448,2021,10,8,5,6,2,1,5,505,99,1,27,4,4,6,24,3
23449,2021,10,8,5,19,4,3,5,501,99,1,22,3,3,5,24,3
23450,2021,10,8,5,20,4,3,5,505,99,1,23,3,3,5,79,3
23451,2021,10,8,5,7,2,1,6,605,99,1,38,6,6,8,79,3
23452,2021,10,8,5,16,3,2,18,1801,99,1,18,2,2,4,24,3
23453,2021,10,8,5,18,4,3,18,1804,99,2,32,5,5,7,79,3
23454,2021,10,8,5,19,4,3,3,301,99,1,26,4,4,6,79,3
23455,2021,10,9,6,18,4,3,1,101,3,1,45,8,8,10,79,3
23456,2021,10,9,6,7,2,1,1,101,7,1,37,6,6,8,24,3
23457,2021,10,9,6,18,4,3,1,101,21,1,45,8,8,10,79,3
23458,2021,10,9,6,18,4,3,1,115,99,1,33,5,5,7,79,3
23459,2021,10,9,6,22,4,3,1,101,19,1,46,8,8,10,24,3
23460,2021,10,9,6,19,4,3,1,108,99,1,33,5,5,7,79,3
23461,2021,10,9,6,4,1,1,5,506,99,1,18,2,2,4,24,3
23462,2021,10,9,6,10,2,1,5,502,99,1,23,3,3,5,24,3
23463,2021,10,9,6,18,4,3,5,501,99,1,23,3,3,5,79,3
23464,2021,10,9,6,5,1,1,10,1002,99,1,26,4,4,6,24,3
23465,2021,10,9,6,19,4,3,17,1709,99,1,21,3,3,5,79,3
23466,2021,10,10,7,17,3,2,1,101,1,2,63,11,11,13,79,3
23467,2021,10,10,7,8,2,1,1,101,9,1,22,3,3,5,79,3
23468,2021,10,10,7,5,1,1,1,101,13,1,32,5,5,7,79,3
23469,2021,10,10,7,9,2,1,1,101,11,1,40,7,7,9,79,3
23470,2021,10,10,7,10,2,1,1,114,99,1,33,5,5,7,79,3
23471,2021,10,10,7,4,1,1,5,501,99,1,29,4,4,6,24,3
23472,2021,10,10,7,21,4,3,5,501,99,2,33,5,5,7,24,3
23473,2021,10,10,7,18,4,3,5,501,99,1,28,4,4,6,79,3
23474,2021,10,10,7,0,1,1,5,507,99,1,54,9,9,11,79,3
23475,2021,10,10,7,19,4,3,11,1101,99,1,24,3,3,5,24,3
23476,2021,10,10,7,12,3,2,15,1501,99,1,52,9,9,11,79,3
23477,2021,10,10,7,21,4,3,3,301,99,1,38,6,6,8,79,3
23478,2021,10,11,1,11,2,1,1,101,8,2,46,8,8,10,79,3
23479,2021,10,11,1,9,2,1,1,101,9,2,34,5,5,7,79,3
23480,2021,10,11,1,19,4,3,1,101,16,1,30,5,5,7,24,3
23481,2021,10,11,1,19,4,3,1,101,5,1,22,3,3,5,24,3
23482,2021,10,11,1,18,4,3,1,116,99,1,22,3,3,5,79,3
23483,2021,10,11,1,21,4,3,1,116,99,1,28,4,4,6,79,3
23484,2021,10,11,1,21,4,3,1,108,99,1,26,4,4,6,79,3
23485,2021,10,11,1,11,2,1,1,108,99,2,34,5,5,7,24,3
23486,2021,10,11,1,20,4,3,5,505,99,1,27,4,4,6,24,3
23487,2021,10,12,2,8,2,1,1,101,9,1,36,6,6,8,79,3
23488,2021,10,12,2,8,2,1,1,115,99,1,44,7,7,9,79,3
23489,2021,10,12,2,16,3,2,1,114,99,1,37,6,6,8,79,3
23490,2021,10,12,2,3,1,1,1,115,99,1,47,8,8,10,24,3
23491,2021,10,12,2,20,4,3,1,101,19,1,28,4,4,6,79,3
23492,2021,10,12,2,13,3,2,22,2206,99,1,25,4,4,6,79,3
23493,2021,10,12,2,14,3,2,5,507,99,2,24,3,3,5,24,3
23494,2021,10,12,2,17,3,2,10,1020,99,1,24,3,3,5,24,3
23495,2021,10,13,3,9,2,1,1,101,14,1,35,6,6,8,79,3
23496,2021,10,13,3,5,1,1,1,101,12,2,30,5,5,7,24,3
23497,2021,10,13,3,4,1,1,1,101,12,1,33,5,5,7,24,3
23498,2021,10,13,3,5,1,1,1,115,99,1,20,3,3,5,79,3
23499,2021,10,13,3,19,4,3,1,108,99,2,32,5,5,7,24,3
23500,2021,10,13,3,4,1,1,5,501,99,1,52,9,9,11,24,3
23501,2021,10,13,3,18,4,3,5,507,99,2,52,9,9,11,24,3
23502,2021,10,13,3,16,3,2,10,1006,99,1,26,4,4,6,24,3
23503,2021,10,14,4,19,4,3,1,115,99,1,20,3,3,5,79,3
23504,2021,10,14,4,19,4,3,1,108,99,2,25,4,4,6,79,3
23505,2021,10,14,4,20,4,3,1,101,19,1,25,4,4,6,79,3
23506,2021,10,14,4,22,4,3,1,108,99,1,23,3,3,5,24,3
23507,2021,10,14,4,16,3,2,1,108,99,1,28,4,4,6,79,3
23508,2021,10,14,4,22,4,3,1,108,99,1,19,2,2,4,79,3
23509,2021,10,14,4,0,1,1,5,501,99,1,39,6,6,8,79,3
23510,2021,10,14,4,12,3,2,5,507,99,2,36,6,6,8,24,3
23511,2021,10,14,4,9,2,1,5,507,99,1,23,3,3,5,24,3
23512,2021,10,14,4,1,1,1,18,1801,99,1,32,5,5,7,24,3
23513,2021,10,14,4,14,3,2,18,1804,99,2,29,4,4,6,79,3
23514,2021,10,15,5,6,2,1,1,101,1,2,22,3,3,5,24,3
23515,2021,10,15,5,19,4,3,1,102,99,1,29,4,4,6,79,3
23516,2021,10,15,5,20,4,3,1,102,99,1,19,2,2,4,24,3
23517,2021,10,15,5,4,1,1,1,101,7,1,42,7,7,9,24,3
23518,2021,10,15,5,20,4,3,1,101,7,1,30,5,5,7,24,3
23519,2021,10,15,5,6,2,1,1,114,99,1,21,3,3,5,24,3
23520,2021,10,15,5,23,4,3,1,116,99,1,28,4,4,6,24,3
23521,2021,10,15,5,1,1,1,1,108,99,1,29,4,4,6,24,3
23522,2021,10,15,5,21,4,3,1,110,99,1,24,3,3,5,79,3
23523,2021,10,15,5,12,3,2,5,502,99,1,22,3,3,5,24,3
23524,2021,10,15,5,18,4,3,8,801,99,1,54,9,9,11,79,3
23525,2021,10,15,5,2,1,1,18,1804,99,1,21,3,3,5,79,3
23526,2021,10,16,6,19,4,3,1,101,1,1,24,3,3,5,79,3
23527,2021,10,16,6,20,4,3,1,101,9,1,31,5,5,7,24,3
23528,2021,10,16,6,11,2,1,1,101,9,1,999,12,16,18,79,3
23529,2021,10,16,6,20,4,3,1,101,9,1,999,12,16,18,79,3
23530,2021,10,16,6,22,4,3,1,101,25,1,42,7,7,9,79,3
23531,2021,10,16,6,21,4,3,1,101,6,1,27,4,4,6,24,3
23532,2021,10,16,6,21,4,3,1,103,99,1,30,5,5,7,24,3
23533,2021,10,16,6,9,2,1,1,101,12,2,32,5,5,7,79,3
23534,2021,10,16,6,20,4,3,1,114,99,1,62,11,11,13,79,3
23535,2021,10,16,6,21,4,3,1,116,99,1,36,6,6,8,79,3
23536,2021,10,16,6,8,2,1,1,116,99,2,40,7,7,9,79,3
23537,2021,10,16,6,21,4,3,1,114,99,1,31,5,5,7,79,3
23538,2021,10,16,6,22,4,3,1,108,99,1,25,4,4,6,79,3
23539,2021,10,16,6,21,4,3,19,1901,99,1,39,6,6,8,79,3
23540,2021,10,16,6,6,2,1,18,1804,99,1,38,6,6,8,24,3
23541,2021,10,16,6,12,3,2,18,1804,99,2,35,6,6,8,79,3
23542,2021,10,17,7,19,4,3,19,1905,99,1,25,4,4,6,24,3
23543,2021,10,17,7,4,1,1,5,507,99,1,21,3,3,5,79,3
23544,2021,10,17,7,14,3,2,5,507,99,2,38,6,6,8,24,3
23545,2021,10,17,7,4,1,1,5,501,99,1,28,4,4,6,24,3
23546,2021,10,17,7,18,4,3,5,514,99,1,31,5,5,7,79,3
23547,2021,10,17,7,6,2,1,10,1001,99,1,45,8,8,10,79,3
23548,2021,10,17,7,7,2,1,18,1804,99,1,20,3,3,5,79,3
23549,2021,10,17,7,20,4,3,18,1805,99,1,30,5,5,7,24,3
23550,2021,10,18,1,17,3,2,1,101,10,1,21,3,3,5,79,3
23551,2021,10,18,1,6,2,1,1,101,12,1,22,3,3,5,24,3
23552,2021,10,18,1,19,4,3,20,2004,99,1,20,3,3,5,79,3
23553,2021,10,18,1,18,4,3,5,501,99,1,19,2,2,4,24,3
23554,2021,10,18,1,10,2,1,10,1018,99,1,47,8,8,10,79,3
23555,2021,10,18,1,5,1,1,18,1801,99,1,23,3,3,5,79,3
23556,2021,10,19,2,19,4,3,1,101,12,1,23,3,3,5,24,3
23557,2021,10,19,2,12,3,2,1,101,11,1,24,3,3,5,79,3
23558,2021,10,19,2,16,3,2,1,114,99,1,43,7,7,9,79,3
23559,2021,10,19,2,10,2,1,1,108,99,1,49,8,8,10,24,3
23560,2021,10,19,2,21,4,3,1,101,19,2,22,3,3,5,79,3
23561,2021,10,19,2,18,4,3,5,507,99,1,28,4,4,6,24,3
23562,2021,10,19,2,19,4,3,5,501,99,1,28,4,4,6,24,3
23563,2021,10,19,2,15,3,2,10,1001,99,2,41,7,7,9,79,3
23564,2021,10,19,2,12,3,2,11,1108,99,1,45,8,8,10,79,3
23565,2021,10,19,2,10,2,1,18,1801,99,1,28,4,4,6,79,3
23566,2021,10,20,3,18,4,3,1,101,17,1,18,2,2,4,79,3
23567,2021,10,20,3,14,3,2,1,101,6,1,18,2,2,4,24,3
23568,2021,10,20,3,19,4,3,19,1903,99,2,29,4,4,6,24,3
23569,2021,10,20,3,4,1,1,5,505,99,1,23,3,3,5,24,3
23570,2021,10,20,3,19,4,3,11,1106,99,1,28,4,4,6,24,3
23571,2021,10,20,3,7,2,1,9,901,99,1,22,3,3,5,79,3
23572,2021,10,21,4,21,4,3,1,101,11,1,31,5,5,7,79,3
23573,2021,10,21,4,14,3,2,1,115,99,1,29,4,4,6,79,3
23574,2021,10,21,4,20,4,3,1,115,99,1,32,5,5,7,24,3
23575,2021,10,21,4,19,4,3,20,2001,99,1,37,6,6,8,79,3
23576,2021,10,21,4,21,4,3,19,1901,99,2,26,4,4,6,79,3
23577,2021,10,21,4,5,1,1,5,509,99,1,23,3,3,5,24,3
23578,2021,10,21,4,18,4,3,5,513,99,2,22,3,3,5,24,3
23579,2021,10,21,4,4,1,1,5,501,99,1,29,4,4,6,79,3
23580,2021,10,21,4,19,4,3,11,1102,99,1,26,4,4,6,24,3
23581,2021,10,21,4,12,3,2,3,314,99,1,32,5,5,7,79,3
23582,2021,10,22,5,20,4,3,1,101,1,1,999,12,16,18,79,3
23583,2021,10,22,5,7,2,1,1,101,14,1,57,10,10,12,79,3
23584,2021,10,22,5,22,4,3,1,114,99,1,20,3,3,5,79,3
23585,2021,10,22,5,11,2,1,5,505,99,1,23,3,3,5,79,3
23586,2021,10,22,5,21,4,3,5,501,99,1,37,6,6,8,24,3
23587,2021,10,22,5,22,4,3,5,513,99,1,23,3,3,5,79,3
23588,2021,10,22,5,11,2,1,2,207,99,1,45,8,8,10,79,3
23589,2021,10,22,5,14,3,2,18,1804,99,2,43,7,7,9,79,3
23590,2021,10,23,6,4,1,1,1,101,1,1,32,5,5,7,24,3
23591,2021,10,23,6,6,2,1,1,101,1,1,30,5,5,7,24,3
23592,2021,10,23,6,7,2,1,1,101,1,1,46,8,8,10,79,3
23593,2021,10,23,6,20,4,3,1,101,2,1,19,2,2,4,79,3
23594,2021,10,23,6,14,3,2,1,102,99,1,28,4,4,6,79,3
23595,2021,10,23,6,15,3,2,1,101,15,1,31,5,5,7,79,3
23596,2021,10,23,6,5,1,1,5,501,99,1,43,7,7,9,24,3
23597,2021,10,23,6,21,4,3,5,511,99,1,23,3,3,5,79,3
23598,2021,10,23,6,4,1,1,5,501,99,1,29,4,4,6,24,3
23599,2021,10,23,6,18,4,3,9,914,99,1,40,7,7,9,79,3
23600,2021,10,23,6,23,4,3,3,306,99,1,33,5,5,7,79,3
23601,2021,10,24,7,21,4,3,1,101,18,1,25,4,4,6,79,3
23602,2021,10,24,7,14,3,2,1,101,7,1,999,12,16,18,79,3
23603,2021,10,24,7,19,4,3,1,115,99,1,25,4,4,6,79,3
23604,2021,10,24,7,14,3,2,22,2201,99,1,20,3,3,5,79,3
23605,2021,10,24,7,23,4,3,19,1901,99,1,22,3,3,5,79,3
23606,2021,10,24,7,19,4,3,5,502,99,1,27,4,4,6,24,3
23607,2021,10,24,7,12,3,2,6,602,99,1,28,4,4,6,79,3
23608,2021,10,24,7,7,2,1,10,1008,99,1,41,7,7,9,79,3
23609,2021,10,24,7,13,3,2,16,1609,99,1,35,6,6,8,79,3
23610,2021,10,24,7,19,4,3,17,1705,99,1,54,9,9,11,79,3
23611,2021,10,24,7,16,3,2,4,401,99,1,51,9,9,11,79,3
23612,2021,10,25,1,4,1,1,1,101,3,1,21,3,3,5,24,3
23613,2021,10,25,1,4,1,1,1,101,1,1,31,5,5,7,24,3
23614,2021,10,25,1,14,3,2,1,101,1,2,31,5,5,7,79,3
23615,2021,10,25,1,18,4,3,1,101,9,1,22,3,3,5,79,3
23616,2021,10,25,1,10,2,1,1,101,6,1,18,2,2,4,79,3
23617,2021,10,25,1,21,4,3,1,101,18,1,32,5,5,7,24,3
23618,2021,10,25,1,7,2,1,1,101,18,1,44,7,7,9,79,3
23619,2021,10,25,1,7,2,1,1,102,99,1,29,4,4,6,79,3
23620,2021,10,25,1,4,1,1,1,101,13,2,40,7,7,9,24,3
23621,2021,10,25,1,18,4,3,1,101,13,1,26,4,4,6,24,3
23622,2021,10,25,1,6,2,1,1,102,99,1,17,2,2,4,79,3
23623,2021,10,25,1,6,2,1,1,101,7,2,44,7,7,9,79,3
23624,2021,10,25,1,21,4,3,1,115,99,1,57,10,10,12,24,3
23625,2021,10,25,1,9,2,1,1,116,99,1,25,4,4,6,79,3
23626,2021,10,25,1,16,3,2,5,501,99,1,29,4,4,6,24,3
23627,2021,10,25,1,18,4,3,5,501,99,1,23,3,3,5,24,3
23628,2021,10,25,1,12,3,2,5,501,99,1,50,9,9,11,24,3
23629,2021,10,25,1,7,2,1,18,1804,99,2,32,5,5,7,79,3
23630,2021,10,26,2,18,4,3,1,101,6,2,27,4,4,6,24,3
23631,2021,10,26,2,13,3,2,1,115,99,1,34,5,5,7,79,3
23632,2021,10,26,2,20,4,3,22,2201,99,1,18,2,2,4,79,3
23633,2021,10,27,3,6,2,1,1,101,3,2,35,6,6,8,24,3
23634,2021,10,27,3,18,4,3,1,101,18,1,40,7,7,9,79,3
23635,2021,10,27,3,18,4,3,1,102,99,1,21,3,3,5,79,3
23636,2021,10,27,3,7,2,1,1,101,12,1,32,5,5,7,79,3
23637,2021,10,27,3,5,1,1,1,101,12,1,25,4,4,6,24,3
23638,2021,10,27,3,18,4,3,1,115,99,1,20,3,3,5,24,3
23639,2021,10,27,3,18,4,3,1,101,19,1,36,6,6,8,79,3
23640,2021,10,27,3,18,4,3,19,1907,99,1,37,6,6,8,79,3
23641,2021,10,27,3,4,1,1,5,505,99,1,37,6,6,8,79,3
23642,2021,10,27,3,18,4,3,5,509,99,1,19,2,2,4,24,3
23643,2021,10,27,3,19,4,3,11,1102,99,1,999,12,16,18,79,3
23644,2021,10,27,3,12,3,2,14,1412,99,1,21,3,3,5,79,3
23645,2021,10,28,4,22,4,3,1,103,99,1,23,3,3,5,79,3
23646,2021,10,28,4,4,1,1,1,117,99,1,38,6,6,8,79,3
23647,2021,10,28,4,18,4,3,1,111,99,1,31,5,5,7,79,3
23648,2021,10,28,4,18,4,3,5,507,99,1,37,6,6,8,24,3
23649,2021,10,28,4,5,1,1,5,509,99,1,26,4,4,6,24,3
23650,2021,10,28,4,19,4,3,5,507,99,2,18,2,2,4,24,3
23651,2021,10,28,4,14,3,2,10,1015,99,1,55,10,10,12,24,3
23652,2021,10,29,5,22,4,3,1,101,1,1,28,4,4,6,24,3
23653,2021,10,29,5,4,1,1,1,101,4,1,25,4,4,6,24,3
23654,2021,10,29,5,6,2,1,1,101,14,1,29,4,4,6,24,3
23655,2021,10,29,5,11,2,1,1,115,99,1,22,3,3,5,79,3
23656,2021,10,29,5,12,3,2,1,115,99,1,31,5,5,7,79,3
23657,2021,10,29,5,9,2,1,1,114,99,1,21,3,3,5,79,3
23658,2021,10,29,5,19,4,3,17,1712,99,1,29,4,4,6,24,3
23659,2021,10,30,6,19,4,3,1,101,10,1,23,3,3,5,79,3
23660,2021,10,30,6,19,4,3,1,101,15,1,34,5,5,7,24,3
23661,2021,10,30,6,3,1,1,1,101,12,1,29,4,4,6,24,3
23662,2021,10,30,6,14,3,2,1,101,21,1,35,6,6,8,79,3
23663,2021,10,30,6,18,4,3,1,116,99,1,27,4,4,6,79,3
23664,2021,10,30,6,22,4,3,1,115,99,1,27,4,4,6,24,3
23665,2021,10,30,6,16,3,2,19,1901,99,1,19,2,2,4,79,3
23666,2021,10,30,6,21,4,3,19,1901,99,1,19,2,2,4,24,3
23667,2021,10,30,6,6,2,1,5,501,99,2,42,7,7,9,24,3
23668,2021,10,30,6,7,2,1,5,509,99,1,41,7,7,9,24,3
23669,2021,10,30,6,20,4,3,5,502,99,1,47,8,8,10,24,3
23670,2021,10,30,6,6,2,1,5,503,99,1,41,7,7,9,24,3
23671,2021,10,30,6,19,4,3,5,501,99,1,45,8,8,10,24,3
23672,2021,10,30,6,21,4,3,5,513,99,1,36,6,6,8,24,3
23673,2021,10,30,6,21,4,3,5,513,99,1,25,4,4,6,24,3
23674,2021,10,30,6,7,2,1,11,1101,99,1,17,2,2,4,79,3
23675,2021,10,31,7,22,4,3,1,101,10,1,22,3,3,5,24,3
23676,2021,10,31,7,9,2,1,1,114,99,1,27,4,4,6,79,3
23677,2021,10,31,7,9,2,1,1,101,19,1,30,5,5,7,79,3
23678,2021,10,31,7,5,1,1,5,501,99,1,22,3,3,5,24,3
23679,2021,10,31,7,10,2,1,2,201,99,1,38,6,6,8,79,3
23680,2021,9,14,2,99,5,4,10,1014,99,1,52,9,9,11,15,5
23681,2021,9,1,3,8,2,1,1,101,21,2,15,2,2,4,68,7
23682,2021,9,1,3,18,4,3,22,2214,99,2,57,10,10,12,68,7
23683,2021,9,1,3,18,4,3,5,501,99,2,48,8,8,10,68,7
23684,2021,9,3,5,16,3,2,3,312,99,2,11,1,1,3,68,7
23685,2021,9,5,7,5,1,1,5,502,99,2,14,1,1,3,68,7
23686,2021,9,5,7,0,1,1,16,1606,99,2,12,1,1,3,68,7
23687,2021,9,7,2,9,2,1,1,106,99,2,12,1,1,3,68,7
23688,2021,9,7,2,15,3,2,1,101,17,2,26,4,4,6,68,7
23689,2021,9,7,2,5,1,1,1,115,99,2,45,8,8,10,68,7
23690,2021,9,7,2,21,4,3,1,114,99,2,21,3,3,5,68,7
23691,2021,9,7,2,23,4,3,5,501,99,2,21,3,3,5,68,7
23692,2021,9,8,3,16,3,2,1,101,12,2,22,3,3,5,68,7
23693,2021,9,11,6,8,2,1,16,1612,99,2,999,12,16,18,68,7
23694,2021,9,14,2,1,1,1,9,911,99,2,11,1,1,3,68,7
23695,2021,9,14,2,20,4,3,12,1225,99,2,17,2,2,4,68,7
23696,2021,9,14,2,8,2,1,13,1309,99,2,33,5,5,7,68,7
23697,2021,9,15,3,10,2,1,15,1504,99,2,18,2,2,4,68,7
23698,2021,9,16,4,15,3,2,1,115,99,2,22,3,3,5,68,7
23699,2021,9,18,6,9,2,1,1,116,99,2,28,4,4,6,68,7
23700,2021,9,18,6,12,3,2,1,116,99,2,5,1,1,2,68,7
23701,2021,9,18,6,15,3,2,17,1713,99,2,10,1,1,3,68,7
23702,2021,9,19,7,0,1,1,10,1020,99,1,5,1,1,2,68,7
23703,2021,9,19,7,0,1,1,10,1020,99,1,7,1,1,2,68,7
23704,2021,9,20,1,8,2,1,22,2201,99,1,14,1,1,3,68,7
23705,2021,9,23,4,21,4,3,5,502,99,2,11,1,1,3,68,7
23706,2021,9,25,6,21,4,3,1,115,99,2,16,2,2,4,68,7
23707,2021,9,26,7,20,4,3,1,101,18,2,10,1,1,3,68,7
23708,2021,9,26,7,13,3,2,5,510,99,2,11,1,1,3,68,7
23709,2021,9,27,1,21,4,3,14,1420,99,2,7,1,1,2,68,7
23710,2021,9,27,1,3,1,1,18,1804,99,2,21,3,3,5,68,7
23711,2021,9,27,1,17,3,2,1,117,99,2,13,1,1,3,68,7
23712,2021,9,28,2,13,3,2,6,608,99,2,13,1,1,3,68,7
23713,2021,9,29,3,17,3,2,20,2007,99,2,16,2,2,4,68,7
23714,2021,9,30,4,7,2,1,1,101,1,2,12,1,1,3,68,7
23715,2021,9,30,4,13,3,2,7,701,99,2,17,2,2,4,68,7
23716,2021,9,30,4,13,3,2,7,701,99,2,17,2,2,4,68,7
23717,2021,10,1,5,18,4,3,1,108,99,2,13,1,1,3,68,7
23718,2021,10,2,6,19,4,3,17,1705,99,2,19,2,2,4,68,7
23719,2021,10,2,6,18,4,3,20,2001,99,2,16,2,2,4,68,7
23720,2021,10,2,6,8,2,1,1,115,99,2,40,7,7,9,68,7
23721,2021,10,3,7,8,2,1,1,116,99,2,17,2,2,4,68,7
23722,2021,10,3,7,20,4,3,18,1801,99,2,10,1,1,3,68,7
23723,2021,10,4,1,22,4,3,1,115,99,2,7,1,1,2,68,7
23724,2021,10,4,1,16,3,2,14,1420,99,2,20,3,3,5,68,7
23725,2021,10,6,3,23,4,3,10,1009,99,2,26,4,4,6,68,7
23726,2021,10,7,4,17,3,2,17,1703,99,2,14,1,1,3,68,7
23727,2021,10,9,6,15,3,2,1,106,99,2,86,11,15,17,68,7
23728,2021,10,9,6,9,2,1,19,1906,99,1,4,1,1,1,68,7
23729,2021,10,9,6,9,2,1,19,1906,99,1,6,1,1,2,68,7
23730,2021,10,9,6,9,2,1,19,1906,99,1,4,1,1,1,68,7
23731,2021,10,9,6,0,1,1,16,1612,99,2,12,1,1,3,68,7
23732,2021,10,10,7,0,1,1,9,924,99,2,15,2,2,4,68,7
23733,2021,10,10,7,22,4,3,13,1324,99,2,40,7,7,9,68,7
23734,2021,10,12,2,18,4,3,16,1604,99,2,12,1,1,3,68,7
23735,2021,10,13,3,12,3,2,5,501,99,2,9,1,1,2,68,7
23736,2021,10,13,3,22,4,3,1,116,99,2,15,2,2,4,68,7
23737,2021,10,14,4,21,4,3,1,108,99,1,10,1,1,3,68,7
23738,2021,10,14,4,9,2,1,10,1006,99,2,18,2,2,4,68,7
23739,2021,10,14,4,11,2,1,11,1105,99,2,15,2,2,4,68,7
23740,2021,10,17,7,20,4,3,1,108,99,2,20,3,3,5,68,7
23741,2021,10,17,7,15,3,2,5,507,99,2,16,2,2,4,68,7
23742,2021,10,17,7,0,1,1,10,1015,99,2,10,1,1,3,68,7
23743,2021,10,18,1,13,3,2,1,114,99,2,18,2,2,4,68,7
23744,2021,10,18,1,12,3,2,5,502,99,1,9,1,1,2,68,7
23745,2021,10,18,1,17,3,2,17,1704,99,2,13,1,1,3,68,7
23746,2021,10,20,3,18,4,3,1,115,99,2,14,1,1,3,68,7
23747,2021,10,21,4,16,3,2,1,111,99,2,9,1,1,2,68,7
23748,2021,10,21,4,10,2,1,19,1901,99,2,11,1,1,3,68,7
23749,2021,10,23,6,17,3,2,1,101,1,2,13,1,1,3,68,7
23750,2021,10,23,6,18,4,3,1,101,6,2,22,3,3,5,68,7
23751,2021,10,23,6,10,2,1,2,208,99,2,13,1,1,3,68,7
23752,2021,10,25,1,17,3,2,1,103,99,2,34,5,5,7,68,7
23753,2021,10,26,2,9,2,1,17,1706,99,2,12,1,1,3,68,7
23754,2021,10,27,3,17,3,2,22,2217,99,1,999,12,16,18,68,7
23755,2021,10,28,4,16,3,2,1,114,99,2,30,5,5,7,68,7
23756,2021,10,30,6,21,4,3,5,505,99,2,999,12,16,18,68,7
23757,2021,10,30,6,9,2,1,14,1419,99,2,22,3,3,5,68,7
23758,2021,9,1,3,8,2,1,1,101,10,1,46,8,8,10,83,3
23759,2021,9,1,3,21,4,3,1,101,12,2,28,4,4,6,83,3
23760,2021,9,1,3,19,4,3,1,101,7,1,53,9,9,11,83,3
23761,2021,9,1,3,5,1,1,1,115,99,1,42,7,7,9,83,3
23762,2021,9,1,3,10,2,1,1,115,99,1,39,6,6,8,22,3
23763,2021,9,1,3,22,4,3,2,203,99,1,54,9,9,11,22,3
23764,2021,9,1,3,2,1,1,1,101,7,2,22,3,3,5,83,3
23765,2021,9,1,3,18,4,3,1,101,3,1,51,9,9,11,83,3
23766,2021,9,2,4,11,2,1,1,101,3,2,31,5,5,7,83,3
23767,2021,9,2,4,8,2,1,1,101,10,1,54,9,9,11,83,3
23768,2021,9,2,4,10,2,1,1,101,12,1,28,4,4,6,83,3
23769,2021,9,2,4,22,4,3,1,101,7,1,29,4,4,6,83,3
23770,2021,9,2,4,19,4,3,1,114,99,1,64,11,11,13,83,3
23771,2021,9,2,4,10,2,1,1,108,99,1,26,4,4,6,83,3
23772,2021,9,2,4,16,3,2,1,108,99,1,32,5,5,7,83,3
23773,2021,9,2,4,23,4,3,2,208,99,2,50,9,9,11,83,3
23774,2021,9,3,5,9,2,1,1,101,14,1,52,9,9,11,83,3
23775,2021,9,3,5,8,2,1,1,101,10,1,29,4,4,6,83,3
23776,2021,9,3,5,8,2,1,1,101,12,1,22,3,3,5,22,3
23777,2021,9,3,5,20,4,3,1,117,99,1,24,3,3,5,83,3
23778,2021,9,3,5,17,3,2,1,108,99,1,18,2,2,4,22,3
23779,2021,9,4,6,15,3,2,1,101,12,1,24,3,3,5,83,3
23780,2021,9,5,7,12,3,2,1,101,18,1,35,6,6,8,83,3
23781,2021,9,5,7,8,2,1,1,101,12,1,28,4,4,6,83,3
23782,2021,9,5,7,10,2,1,1,101,11,2,31,5,5,7,83,3
23783,2021,9,5,7,11,2,1,1,117,99,1,38,6,6,8,83,3
23784,2021,9,5,7,10,2,1,1,117,99,1,24,3,3,5,83,3
23785,2021,9,5,7,16,3,2,1,101,7,1,32,5,5,7,83,3
23786,2021,9,5,7,18,4,3,3,301,99,1,37,6,6,8,83,3
23787,2021,9,6,1,7,2,1,1,101,5,1,41,7,7,9,83,3
23788,2021,9,6,1,12,3,2,1,101,7,1,23,3,3,5,22,3
23789,2021,9,6,1,14,3,2,6,608,99,1,32,5,5,7,83,3
23790,2021,9,6,1,9,2,1,1,101,18,1,32,5,5,7,22,3
23791,2021,9,6,1,11,2,1,1,101,1,1,47,8,8,10,83,3
23792,2021,9,6,1,7,2,1,1,101,5,1,25,4,4,6,83,3
23793,2021,9,7,2,9,2,1,1,101,5,2,44,7,7,9,83,3
23794,2021,9,7,2,13,3,2,1,101,11,1,66,11,12,14,83,3
23795,2021,9,7,2,5,1,1,1,115,99,1,22,3,3,5,22,3
23796,2021,9,7,2,12,3,2,1,114,99,1,25,4,4,6,22,3
23797,2021,9,7,2,22,4,3,1,101,19,1,26,4,4,6,22,3
23798,2021,9,7,2,23,4,3,1,108,99,1,28,4,4,6,22,3
23799,2021,9,7,2,21,4,3,1,101,12,2,42,7,7,9,83,3
23800,2021,9,7,2,22,4,3,1,115,99,2,38,6,6,8,83,3
23801,2021,9,8,3,19,4,3,1,101,11,1,38,6,6,8,22,3
23802,2021,9,8,3,16,3,2,22,2202,99,1,64,11,11,13,83,3
23803,2021,9,8,3,14,3,2,1,101,17,2,21,3,3,5,83,3
23804,2021,9,8,3,17,3,2,1,101,9,1,999,12,16,18,83,3
23805,2021,9,8,3,17,3,2,1,101,9,1,999,12,16,18,83,3
23806,2021,9,9,4,16,3,2,1,105,99,1,34,5,5,7,22,3
23807,2021,9,9,4,12,3,2,1,101,21,2,39,6,6,8,22,3
23808,2021,9,9,4,10,2,1,1,101,21,1,67,11,12,14,83,3
23809,2021,9,9,4,19,4,3,1,108,99,1,29,4,4,6,83,3
23810,2021,9,9,4,15,3,2,1,101,21,2,36,6,6,8,83,3
23811,2021,9,9,4,16,3,2,1,101,12,1,57,10,10,12,22,3
23812,2021,9,9,4,3,1,1,1,115,99,1,35,6,6,8,22,3
23813,2021,9,9,4,1,1,1,1,108,99,2,28,4,4,6,83,3
23814,2021,9,9,4,20,4,3,1,117,99,1,27,4,4,6,83,3
23815,2021,9,9,4,4,1,1,1,108,99,1,59,10,10,12,83,3
23816,2021,9,9,4,4,1,1,1,108,99,1,49,8,8,10,22,3
23817,2021,9,9,4,23,4,3,1,102,99,1,34,5,5,7,22,3
23818,2021,9,9,4,11,2,1,1,101,5,2,32,5,5,7,83,3
23819,2021,9,10,5,11,2,1,1,101,7,1,36,6,6,8,22,3
23820,2021,9,10,5,5,1,1,1,108,99,1,36,6,6,8,22,3
23821,2021,9,10,5,7,2,1,9,901,99,2,46,8,8,10,83,3
23822,2021,9,10,5,12,3,2,1,101,11,1,35,6,6,8,83,3
23823,2021,9,10,5,17,3,2,1,101,10,1,31,5,5,7,22,3
23824,2021,9,10,5,19,4,3,1,101,19,1,27,4,4,6,83,3
23825,2021,9,10,5,18,4,3,1,101,19,2,41,7,7,9,83,3
23826,2021,9,10,5,18,4,3,3,312,99,1,32,5,5,7,83,3
23827,2021,9,10,5,21,4,3,1,108,99,1,36,6,6,8,83,3
23828,2021,9,10,5,7,2,1,1,103,99,1,72,11,13,15,22,3
23829,2021,9,10,5,19,4,3,1,103,99,1,42,7,7,9,83,3
23830,2021,9,11,6,14,3,2,1,101,7,1,27,4,4,6,22,3
23831,2021,9,11,6,4,1,1,1,115,99,2,39,6,6,8,83,3
23832,2021,9,11,6,4,1,1,1,114,99,1,35,6,6,8,83,3
23833,2021,9,11,6,8,2,1,22,2216,99,2,57,10,10,12,83,3
23834,2021,9,11,6,19,4,3,9,901,99,1,40,7,7,9,83,3
23835,2021,9,11,6,19,4,3,1,101,7,1,47,8,8,10,83,3
23836,2021,9,11,6,17,3,2,1,115,99,1,43,7,7,9,22,3
23837,2021,9,11,6,23,4,3,1,116,99,2,42,7,7,9,22,3
23838,2021,9,12,7,18,4,3,3,304,99,1,21,3,3,5,83,3
23839,2021,9,12,7,21,4,3,1,108,99,2,45,8,8,10,83,3
23840,2021,9,12,7,17,3,2,6,601,99,1,74,11,13,15,83,3
23841,2021,9,12,7,23,4,3,22,2217,99,1,38,6,6,8,83,3
23842,2021,9,13,1,13,3,2,1,101,12,2,30,5,5,7,83,3
23843,2021,9,13,1,2,1,1,1,101,11,1,42,7,7,9,83,3
23844,2021,9,13,1,21,4,3,1,108,99,1,36,6,6,8,22,3
23845,2021,9,13,1,5,1,1,1,108,99,1,47,8,8,10,22,3
23846,2021,9,14,2,13,3,2,1,101,13,1,45,8,8,10,83,3
23847,2021,9,14,2,12,3,2,1,116,99,1,30,5,5,7,83,3
23848,2021,9,14,2,5,1,1,1,108,99,2,41,7,7,9,22,3
23849,2021,9,14,2,15,3,2,1,108,99,1,28,4,4,6,22,3
23850,2021,9,14,2,21,4,3,1,101,12,2,999,12,16,18,22,3
23851,2021,9,14,2,12,3,2,1,101,3,1,45,8,8,10,22,3
23852,2021,9,15,3,21,4,3,1,101,2,1,42,7,7,9,83,3
23853,2021,9,15,3,0,1,1,1,108,99,1,32,5,5,7,22,3
23854,2021,9,15,3,20,4,3,1,108,99,1,36,6,6,8,22,3
23855,2021,9,16,4,8,2,1,1,115,99,1,36,6,6,8,83,3
23856,2021,9,16,4,14,3,2,1,114,99,1,38,6,6,8,22,3
23857,2021,9,16,4,2,1,1,12,1225,99,1,36,6,6,8,83,3
23858,2021,9,16,4,22,4,3,4,403,99,1,24,3,3,5,22,3
23859,2021,9,17,5,7,2,1,1,103,99,1,45,8,8,10,83,3
23860,2021,9,17,5,8,2,1,1,101,7,1,35,6,6,8,83,3
23861,2021,9,17,5,3,1,1,1,115,99,1,30,5,5,7,83,3
23862,2021,9,17,5,19,4,3,1,116,99,1,27,4,4,6,22,3
23863,2021,9,17,5,22,4,3,1,108,99,1,33,5,5,7,83,3
23864,2021,9,17,5,20,4,3,1,115,99,2,42,7,7,9,83,3
23865,2021,9,17,5,20,4,3,1,117,99,1,39,6,6,8,83,3
23866,2021,9,17,5,20,4,3,1,102,99,1,39,6,6,8,22,3
23867,2021,9,17,5,14,3,2,1,101,10,1,34,5,5,7,83,3
23868,2021,9,18,6,4,1,1,1,101,18,1,56,10,10,12,22,3
23869,2021,9,18,6,15,3,2,12,1230,99,1,33,5,5,7,83,3
23870,2021,9,18,6,5,1,1,2,203,99,1,30,5,5,7,22,3
23871,2021,9,18,6,21,4,3,1,115,99,1,41,7,7,9,22,3
23872,2021,9,18,6,21,4,3,1,115,99,1,53,9,9,11,22,3
23873,2021,9,18,6,21,4,3,1,115,99,1,53,9,9,11,22,3
23874,2021,9,19,7,21,4,3,2,203,99,1,30,5,5,7,22,3
23875,2021,9,20,1,12,3,2,1,101,12,1,47,8,8,10,22,3
23876,2021,9,20,1,16,3,2,1,115,99,1,41,7,7,9,22,3
23877,2021,9,20,1,19,4,3,10,1002,99,1,58,10,10,12,22,3
23878,2021,9,20,1,23,4,3,1,101,13,1,32,5,5,7,22,3
23879,2021,9,20,1,15,3,2,1,108,99,2,27,4,4,6,83,3
23880,2021,9,20,1,19,4,3,1,101,6,1,38,6,6,8,83,3
23881,2021,9,20,1,16,3,2,1,115,99,1,45,8,8,10,22,3
23882,2021,9,21,2,18,4,3,1,101,7,1,25,4,4,6,83,3
23883,2021,9,21,2,11,2,1,5,501,99,1,33,5,5,7,22,3
23884,2021,9,21,2,13,3,2,3,301,99,1,39,6,6,8,22,3
23885,2021,9,21,2,21,4,3,1,101,7,1,36,6,6,8,22,3
23886,2021,9,22,3,20,4,3,5,502,99,2,25,4,4,6,83,3
23887,2021,9,22,3,12,3,2,4,401,99,1,999,12,16,18,22,3
23888,2021,9,22,3,20,4,3,1,116,99,1,35,6,6,8,22,3
23889,2021,9,22,3,21,4,3,10,1021,99,1,48,8,8,10,83,3
23890,2021,9,22,3,17,3,2,1,114,99,1,36,6,6,8,22,3
23891,2021,9,22,3,20,4,3,1,101,12,1,50,9,9,11,83,3
23892,2021,9,23,4,12,3,2,1,101,3,1,52,9,9,11,83,3
23893,2021,9,23,4,10,2,1,1,101,10,2,22,3,3,5,83,3
23894,2021,9,23,4,15,3,2,1,101,15,1,66,11,12,14,83,3
23895,2021,9,23,4,14,3,2,1,101,11,1,24,3,3,5,83,3
23896,2021,9,23,4,20,4,3,1,101,7,1,43,7,7,9,83,3
23897,2021,9,23,4,6,2,1,1,108,99,2,42,7,7,9,83,3
23898,2021,9,23,4,8,2,1,4,410,99,1,37,6,6,8,83,3
23899,2021,9,23,4,17,3,2,5,511,99,1,43,7,7,9,83,3
23900,2021,9,23,4,6,2,1,3,308,99,1,48,8,8,10,83,3
23901,2021,9,24,5,6,2,1,1,101,5,2,41,7,7,9,83,3
23902,2021,9,24,5,4,1,1,1,101,16,1,57,10,10,12,22,3
23903,2021,9,24,5,12,3,2,1,101,7,1,39,6,6,8,22,3
23904,2021,9,24,5,20,4,3,1,101,13,1,36,6,6,8,22,3
23905,2021,9,25,6,15,3,2,1,101,5,2,40,7,7,9,83,3
23906,2021,9,25,6,18,4,3,8,801,99,1,57,10,10,12,83,3
23907,2021,9,25,6,19,4,3,3,308,99,1,40,7,7,9,22,3
23908,2021,9,25,6,7,2,1,1,108,99,2,31,5,5,7,83,3
23909,2021,9,25,6,13,3,2,1,110,99,2,34,5,5,7,22,3
23910,2021,9,25,6,8,2,1,1,101,14,1,20,3,3,5,83,3
23911,2021,9,25,6,8,2,1,1,101,13,1,36,6,6,8,83,3
23912,2021,9,26,7,21,4,3,1,101,3,1,54,9,9,11,83,3
23913,2021,9,26,7,7,2,1,1,101,7,1,27,4,4,6,83,3
23914,2021,9,26,7,6,2,1,7,701,99,1,26,4,4,6,83,3
23915,2021,9,26,7,9,2,1,3,308,99,1,32,5,5,7,83,3
23916,2021,9,26,7,7,2,1,1,101,18,1,32,5,5,7,83,3
23917,2021,9,28,2,5,1,1,3,301,99,1,49,8,8,10,83,3
23918,2021,9,28,2,16,3,2,5,501,99,1,50,9,9,11,22,3
23919,2021,9,28,2,18,4,3,1,101,11,2,34,5,5,7,83,3
23920,2021,9,29,3,20,4,3,1,101,1,1,38,6,6,8,83,3
23921,2021,9,29,3,8,2,1,1,101,13,1,40,7,7,9,83,3
23922,2021,9,29,3,19,4,3,1,115,99,1,24,3,3,5,22,3
23923,2021,9,29,3,19,4,3,1,108,99,1,56,10,10,12,83,3
23924,2021,9,29,3,12,3,2,19,1907,99,2,19,2,2,4,83,3
23925,2021,9,30,4,22,4,3,3,308,99,1,20,3,3,5,22,3
23926,2021,9,30,4,9,2,1,1,115,99,1,31,5,5,7,83,3
23927,2021,9,30,4,8,2,1,1,115,99,1,29,4,4,6,83,3
23928,2021,9,30,4,12,3,2,3,304,99,1,67,11,12,14,83,3
23929,2021,9,30,4,6,2,1,1,101,19,2,34,5,5,7,83,3
23930,2021,9,30,4,12,3,2,1,108,99,1,67,11,12,14,22,3
23931,2021,10,1,5,8,2,1,1,101,9,1,33,5,5,7,83,3
23932,2021,10,1,5,22,4,3,1,101,18,1,34,5,5,7,83,3
23933,2021,10,1,5,21,4,3,1,101,18,1,52,9,9,11,83,3
23934,2021,10,1,5,11,2,1,1,113,99,1,43,7,7,9,22,3
23935,2021,10,1,5,12,3,2,1,101,11,1,52,9,9,11,22,3
23936,2021,10,1,5,6,2,1,1,117,99,1,52,9,9,11,83,3
23937,2021,10,1,5,22,4,3,1,101,19,1,39,6,6,8,22,3
23938,2021,10,1,5,23,4,3,1,108,99,1,29,4,4,6,22,3
23939,2021,10,1,5,15,3,2,5,511,99,1,47,8,8,10,22,3
23940,2021,10,1,5,18,4,3,11,1101,99,1,71,11,13,15,83,3
23941,2021,10,1,5,20,4,3,9,904,99,2,37,6,6,8,83,3
23942,2021,10,1,5,18,4,3,3,301,99,1,67,11,12,14,83,3
23943,2021,10,2,6,10,2,1,1,101,7,1,24,3,3,5,83,3
23944,2021,10,2,6,2,1,1,1,108,99,1,60,11,11,13,22,3
23945,2021,10,2,6,11,2,1,10,1010,99,1,21,3,3,5,83,3
23946,2021,10,2,6,23,4,3,3,312,99,1,34,5,5,7,22,3
23947,2021,10,3,7,21,4,3,1,101,18,1,74,11,13,15,83,3
23948,2021,10,3,7,11,2,1,1,103,99,1,42,7,7,9,83,3
23949,2021,10,3,7,9,2,1,1,115,99,1,29,4,4,6,83,3
23950,2021,10,3,7,11,2,1,1,109,99,1,35,6,6,8,83,3
23951,2021,10,4,1,1,1,1,1,101,7,1,41,7,7,9,83,3
23952,2021,10,4,1,19,4,3,1,115,99,1,40,7,7,9,83,3
23953,2021,10,4,1,22,4,3,9,901,99,1,38,6,6,8,83,3
23954,2021,10,5,2,7,2,1,1,101,6,2,21,3,3,5,83,3
23955,2021,10,5,2,12,3,2,1,101,7,1,36,6,6,8,83,3
23956,2021,10,5,2,5,1,1,1,101,7,1,44,7,7,9,22,3
23957,2021,10,5,2,4,1,1,1,108,99,1,37,6,6,8,22,3
23958,2021,10,5,2,5,1,1,1,108,99,1,45,8,8,10,22,3
23959,2021,10,5,2,20,4,3,1,108,99,2,24,3,3,5,22,3
23960,2021,10,5,2,20,4,3,4,401,99,1,44,7,7,9,83,3
23961,2021,10,5,2,10,2,1,3,301,99,1,26,4,4,6,83,3
23962,2021,10,6,3,8,2,1,1,101,1,1,37,6,6,8,83,3
23963,2021,10,6,3,16,3,2,1,101,17,2,40,7,7,9,83,3
23964,2021,10,6,3,18,4,3,1,101,6,1,34,5,5,7,83,3
23965,2021,10,6,3,21,4,3,1,117,99,2,36,6,6,8,83,3
23966,2021,10,6,3,11,2,1,2,201,99,1,41,7,7,9,22,3
23967,2021,10,7,4,18,4,3,1,101,7,1,41,7,7,9,22,3
23968,2021,10,7,4,9,2,1,1,101,7,1,42,7,7,9,83,3
23969,2021,10,7,4,9,2,1,1,101,7,1,70,11,13,15,83,3
23970,2021,10,7,4,2,1,1,1,117,99,1,48,8,8,10,83,3
23971,2021,10,7,4,20,4,3,1,115,99,2,37,6,6,8,83,3
23972,2021,10,7,4,15,3,2,1,108,99,1,43,7,7,9,22,3
23973,2021,10,7,4,14,3,2,1,108,99,1,42,7,7,9,83,3
23974,2021,10,8,5,11,2,1,1,114,99,1,61,11,11,13,22,3
23975,2021,10,8,5,21,4,3,1,108,99,1,44,7,7,9,22,3
23976,2021,10,8,5,22,4,3,1,108,99,1,22,3,3,5,22,3
23977,2021,10,8,5,9,2,1,5,501,99,1,30,5,5,7,83,3
23978,2021,10,8,5,12,3,2,5,513,99,2,24,3,3,5,83,3
23979,2021,10,8,5,16,3,2,6,608,99,1,47,8,8,10,83,3
23980,2021,10,8,5,10,2,1,2,207,99,1,31,5,5,7,83,3
23981,2021,10,8,5,16,3,2,3,311,99,1,27,4,4,6,83,3
23982,2021,10,9,6,10,2,1,1,101,11,1,26,4,4,6,83,3
23983,2021,10,9,6,17,3,2,22,2201,99,1,33,5,5,7,83,3
23984,2021,10,10,7,11,2,1,1,116,99,1,40,7,7,9,83,3
23985,2021,10,11,1,11,2,1,1,101,10,1,57,10,10,12,83,3
23986,2021,10,11,1,15,3,2,1,101,15,2,51,9,9,11,22,3
23987,2021,10,11,1,11,2,1,1,101,12,1,58,10,10,12,22,3
23988,2021,10,11,1,22,4,3,1,101,12,1,38,6,6,8,83,3
23989,2021,10,11,1,20,4,3,1,116,99,1,25,4,4,6,22,3
23990,2021,10,11,1,21,4,3,1,116,99,1,37,6,6,8,22,3
23991,2021,10,11,1,9,2,1,5,505,99,1,35,6,6,8,22,3
23992,2021,10,11,1,9,2,1,9,901,99,1,39,6,6,8,83,3
23993,2021,10,11,1,16,3,2,4,401,99,1,45,8,8,10,83,3
23994,2021,10,12,2,9,2,1,1,101,3,1,30,5,5,7,83,3
23995,2021,10,12,2,11,2,1,1,101,3,1,999,12,16,18,83,3
23996,2021,10,12,2,3,1,1,1,101,18,1,48,8,8,10,83,3
23997,2021,10,12,2,14,3,2,1,101,13,1,50,9,9,11,83,3
23998,2021,10,12,2,17,3,2,1,101,11,2,31,5,5,7,83,3
23999,2021,10,12,2,23,4,3,1,108,99,1,31,5,5,7,22,3
24000,2021,10,12,2,11,2,1,11,1101,99,1,38,6,6,8,83,3
24001,2021,10,12,2,2,1,1,3,303,99,1,70,11,13,15,83,3
24002,2021,10,13,3,17,3,2,1,101,12,1,40,7,7,9,83,3
24003,2021,10,13,3,6,2,1,1,116,99,1,54,9,9,11,83,3
24004,2021,10,13,3,19,4,3,1,108,99,1,57,10,10,12,22,3
24005,2021,10,13,3,22,4,3,5,511,99,1,25,4,4,6,22,3
24006,2021,10,13,3,14,3,2,10,1001,99,1,36,6,6,8,83,3
24007,2021,10,14,4,11,2,1,1,101,12,1,44,7,7,9,83,3
24008,2021,10,14,4,0,1,1,1,108,99,2,35,6,6,8,83,3
24009,2021,10,14,4,17,3,2,1,108,99,1,999,12,16,18,22,3
24010,2021,10,14,4,16,3,2,5,502,99,2,61,11,11,13,83,3
24011,2021,10,15,5,22,4,3,1,108,99,1,36,6,6,8,83,3
24012,2021,10,15,5,21,4,3,4,409,99,1,25,4,4,6,83,3
24013,2021,10,16,6,8,2,1,1,101,17,1,31,5,5,7,83,3
24014,2021,10,16,6,16,3,2,1,101,13,1,78,11,14,16,83,3
24015,2021,10,16,6,13,3,2,1,101,7,2,35,6,6,8,22,3
24016,2021,10,16,6,12,3,2,1,101,11,1,24,3,3,5,83,3
24017,2021,10,16,6,6,2,1,1,115,99,1,19,2,2,4,83,3
24018,2021,10,16,6,10,2,1,1,114,99,1,53,9,9,11,83,3
24019,2021,10,16,6,18,4,3,12,1201,99,1,43,7,7,9,83,3
24020,2021,10,16,6,8,2,1,2,207,99,1,45,8,8,10,83,3
24021,2021,10,16,6,5,1,1,3,315,99,1,42,7,7,9,83,3
24022,2021,10,17,7,20,4,3,1,101,7,1,53,9,9,11,83,3
24023,2021,10,17,7,19,4,3,22,2202,99,1,58,10,10,12,83,3
24024,2021,10,17,7,3,1,1,5,501,99,1,999,12,16,18,22,3
24025,2021,10,17,7,14,3,2,9,914,99,2,23,3,3,5,83,3
24026,2021,10,17,7,0,1,1,4,401,99,1,33,5,5,7,22,3
24027,2021,10,18,1,0,1,1,1,105,99,1,37,6,6,8,83,3
24028,2021,10,18,1,20,4,3,1,101,7,1,59,10,10,12,83,3
24029,2021,10,18,1,8,2,1,2,207,99,1,31,5,5,7,22,3
24030,2021,10,18,1,4,1,1,4,413,99,1,38,6,6,8,83,3
24031,2021,10,19,2,19,4,3,1,101,2,1,23,3,3,5,83,3
24032,2021,10,19,2,11,2,1,1,101,12,1,60,11,11,13,22,3
24033,2021,10,19,2,23,4,3,1,101,7,2,23,3,3,5,83,3
24034,2021,10,19,2,15,3,2,1,101,12,1,43,7,7,9,83,3
24035,2021,10,19,2,21,4,3,1,109,99,1,28,4,4,6,22,3
24036,2021,10,19,2,16,3,2,5,501,99,2,30,5,5,7,83,3
24037,2021,10,19,2,10,2,1,9,903,99,1,24,3,3,5,83,3
24038,2021,10,19,2,20,4,3,4,411,99,1,28,4,4,6,83,3
24039,2021,10,19,2,20,4,3,3,301,99,1,42,7,7,9,83,3
24040,2021,10,21,4,18,4,3,1,108,99,1,29,4,4,6,83,3
24041,2021,10,21,4,14,3,2,5,501,99,1,28,4,4,6,22,3
24042,2021,10,21,4,17,3,2,3,309,99,1,54,9,9,11,83,3
24043,2021,10,21,4,17,3,2,3,310,99,1,40,7,7,9,83,3
24044,2021,10,21,4,9,2,1,3,308,99,2,27,4,4,6,83,3
24045,2021,10,22,5,6,2,1,1,101,1,1,31,5,5,7,83,3
24046,2021,10,22,5,21,4,3,1,101,6,1,50,9,9,11,22,3
24047,2021,10,22,5,7,2,1,1,115,99,1,30,5,5,7,83,3
24048,2021,10,22,5,6,2,1,1,101,12,1,48,8,8,10,83,3
24049,2021,10,22,5,7,2,1,1,108,99,1,27,4,4,6,83,3
24050,2021,10,22,5,11,2,1,6,602,99,1,42,7,7,9,83,3
24051,2021,10,23,6,21,4,3,1,106,99,1,51,9,9,11,83,3
24052,2021,10,23,6,22,4,3,1,103,99,2,38,6,6,8,83,3
24053,2021,10,23,6,19,4,3,5,511,99,2,30,5,5,7,22,3
24054,2021,10,23,6,22,4,3,9,901,99,1,26,4,4,6,83,3
24055,2021,10,24,7,21,4,3,1,108,99,1,37,6,6,8,22,3
24056,2021,10,24,7,20,4,3,5,511,99,2,29,4,4,6,83,3
24057,2021,10,24,7,4,1,1,3,310,99,1,40,7,7,9,83,3
24058,2021,10,25,1,4,1,1,1,101,18,1,32,5,5,7,22,3
24059,2021,10,25,1,17,3,2,1,114,99,1,39,6,6,8,83,3
24060,2021,10,25,1,16,3,2,1,108,99,2,63,11,11,13,83,3
24061,2021,10,25,1,11,2,1,3,301,99,2,34,5,5,7,83,3
24062,2021,10,26,2,19,4,3,19,1901,99,1,28,4,4,6,83,3
24063,2021,10,26,2,15,3,2,10,1001,99,1,35,6,6,8,83,3
24064,2021,10,26,2,11,2,1,4,409,99,1,36,6,6,8,83,3
24065,2021,10,26,2,15,3,2,3,309,99,1,54,9,9,11,83,3
24066,2021,10,27,3,6,2,1,1,101,18,2,43,7,7,9,83,3
24067,2021,10,27,3,11,2,1,1,101,10,1,61,11,11,13,83,3
24068,2021,10,27,3,21,4,3,1,101,21,2,26,4,4,6,83,3
24069,2021,10,27,3,8,2,1,1,117,99,2,47,8,8,10,83,3
24070,2021,10,27,3,10,2,1,5,513,99,2,69,11,12,14,83,3
24071,2021,10,27,3,11,2,1,4,401,99,1,22,3,3,5,83,3
24072,2021,10,28,4,12,3,2,1,101,18,1,43,7,7,9,83,3
24073,2021,10,28,4,6,2,1,1,103,99,2,41,7,7,9,83,3
24074,2021,10,28,4,18,4,3,1,101,5,2,20,3,3,5,83,3
24075,2021,10,28,4,18,4,3,1,101,7,1,35,6,6,8,22,3
24076,2021,10,28,4,19,4,3,4,413,99,1,57,10,10,12,83,3
24077,2021,10,29,5,10,2,1,1,101,14,1,62,11,11,13,22,3
24078,2021,10,29,5,13,3,2,1,117,99,1,57,10,10,12,83,3
24079,2021,10,29,5,4,1,1,1,108,99,2,21,3,3,5,83,3
24080,2021,10,29,5,8,2,1,19,1901,99,1,21,3,3,5,83,3
24081,2021,10,29,5,19,4,3,12,1229,99,1,20,3,3,5,83,3
24082,2021,10,29,5,14,3,2,4,407,99,2,37,6,6,8,83,3
24083,2021,10,30,6,17,3,2,1,101,15,1,21,3,3,5,83,3
24084,2021,10,30,6,1,1,1,1,101,12,1,37,6,6,8,83,3
24085,2021,10,30,6,6,2,1,1,101,7,1,33,5,5,7,83,3
24086,2021,10,30,6,12,3,2,1,117,99,1,45,8,8,10,83,3
24087,2021,10,30,6,20,4,3,5,502,99,1,44,7,7,9,22,3
24088,2021,10,30,6,7,2,1,12,1210,99,1,40,7,7,9,83,3
24089,2021,10,30,6,7,2,1,4,406,99,1,46,8,8,10,83,3
24090,2021,10,31,7,9,2,1,1,103,99,1,23,3,3,5,83,3
24091,2021,9,1,3,19,4,3,1,116,99,1,22,3,3,5,1,1
24092,2021,9,1,3,10,2,1,21,2101,99,1,61,11,11,13,1,1
24093,2021,9,1,3,17,3,2,20,2005,99,1,27,4,4,6,2,1
24094,2021,9,1,3,14,3,2,1,101,1,1,22,3,3,5,8,2
24095,2021,9,1,3,19,4,3,1,101,4,1,30,5,5,7,8,2
24096,2021,9,1,3,20,4,3,1,101,7,1,22,3,3,5,8,2
24097,2021,9,1,3,19,4,3,1,116,99,2,51,9,9,11,7,2
24098,2021,9,1,3,4,1,1,5,511,99,1,54,9,9,11,7,2
24099,2021,9,1,3,14,3,2,5,501,99,1,17,2,2,4,7,2
24100,2021,9,1,3,16,3,2,9,901,99,1,999,12,16,18,9,2
24101,2021,9,1,3,18,4,3,18,1802,99,2,35,6,6,8,8,2
24102,2021,9,2,4,20,4,3,1,101,16,1,17,2,2,4,1,1
24103,2021,9,2,4,20,4,3,1,101,16,1,17,2,2,4,1,1
24104,2021,9,2,4,9,2,1,1,102,99,1,25,4,4,6,1,1
24105,2021,9,2,4,18,4,3,5,513,99,1,27,4,4,6,1,1
24106,2021,9,2,4,14,3,2,11,1101,99,1,35,6,6,8,1,1
24107,2021,9,2,4,18,4,3,2,207,99,1,27,4,4,6,1,1
24108,2021,9,2,4,14,3,2,1,101,5,1,34,5,5,7,7,2
24109,2021,9,2,4,21,4,3,1,116,99,1,28,4,4,6,7,2
24110,2021,9,2,4,8,2,1,4,406,99,1,19,2,2,4,7,2
24111,2021,9,2,4,8,2,1,4,406,99,1,50,9,9,11,7,2
24112,2021,9,2,4,18,4,3,6,602,99,1,25,4,4,6,7,2
24113,2021,9,2,4,15,3,2,1,105,99,1,22,3,3,5,7,2
24114,2021,9,3,5,19,4,3,1,101,1,1,45,8,8,10,1,1
24115,2021,9,3,5,12,3,2,1,113,99,1,36,6,6,8,1,1
24116,2021,9,3,5,19,4,3,1,101,10,1,36,6,6,8,1,1
24117,2021,9,3,5,12,3,2,5,501,99,1,47,8,8,10,1,1
24118,2021,9,3,5,12,3,2,5,501,99,1,33,5,5,7,1,1
24119,2021,9,3,5,17,3,2,12,1216,99,1,999,12,16,18,5,1
24120,2021,9,3,5,14,3,2,12,1217,99,1,56,10,10,12,1,1
24121,2021,9,3,5,13,3,2,4,401,99,1,27,4,4,6,5,1
24122,2021,9,3,5,19,4,3,1,101,1,1,46,8,8,10,7,2
24123,2021,9,3,5,22,4,3,1,101,1,1,23,3,3,5,9,2
24124,2021,9,3,5,5,1,1,1,101,11,1,34,5,5,7,7,2
24125,2021,9,3,5,17,3,2,20,2004,99,1,16,2,2,4,8,2
24126,2021,9,3,5,12,3,2,5,501,99,1,30,5,5,7,7,2
24127,2021,9,4,6,0,1,1,1,101,18,1,23,3,3,5,1,1
24128,2021,9,4,6,15,3,2,1,115,99,1,30,5,5,7,1,1
24129,2021,9,4,6,23,4,3,1,115,99,1,28,4,4,6,1,1
24130,2021,9,4,6,9,2,1,1,108,99,1,16,2,2,4,1,1
24131,2021,9,4,6,8,2,1,20,2001,99,1,23,3,3,5,1,1
24132,2021,9,4,6,19,4,3,5,503,99,1,16,2,2,4,1,1
24133,2021,9,4,6,21,4,3,5,506,99,2,55,10,10,12,1,1
24134,2021,9,4,6,21,4,3,5,506,99,1,31,5,5,7,1,1
24135,2021,9,4,6,22,4,3,5,506,99,1,26,4,4,6,1,1
24136,2021,9,4,6,0,1,1,11,1109,99,1,40,7,7,9,1,1
24137,2021,9,4,6,16,3,2,4,401,99,1,22,3,3,5,1,1
24138,2021,9,4,6,10,2,1,1,101,13,2,38,6,6,8,8,2
24139,2021,9,4,6,23,4,3,1,101,18,1,21,3,3,5,8,2
24140,2021,9,4,6,23,4,3,20,2009,99,1,20,3,3,5,7,2
24141,2021,9,4,6,0,1,1,12,1220,99,1,21,3,3,5,7,2
24142,2021,9,4,6,19,4,3,15,1503,99,1,35,6,6,8,7,2
24143,2021,9,4,6,20,4,3,5,501,99,2,40,7,7,9,8,2
24144,2021,9,4,6,19,4,3,5,501,99,1,23,3,3,5,7,2
24145,2021,9,5,7,12,3,2,1,101,24,1,25,4,4,6,1,1
24146,2021,9,5,7,12,3,2,1,101,7,1,35,6,6,8,3,1
24147,2021,9,5,7,1,1,1,1,115,99,1,20,3,3,5,1,1
24148,2021,9,5,7,17,3,2,1,117,99,1,28,4,4,6,1,1
24149,2021,9,5,7,13,3,2,1,108,99,1,36,6,6,8,1,1
24150,2021,9,5,7,13,3,2,1,108,99,2,23,3,3,5,1,1
24151,2021,9,5,7,19,4,3,1,108,99,1,26,4,4,6,1,1
24152,2021,9,5,7,19,4,3,1,108,99,1,23,3,3,5,1,1
24153,2021,9,5,7,11,2,1,5,506,99,1,38,6,6,8,2,1
24154,2021,9,5,7,19,4,3,5,513,99,1,55,10,10,12,1,1
24155,2021,9,5,7,18,4,3,15,1508,99,1,30,5,5,7,3,1
24156,2021,9,5,7,3,1,1,18,1803,99,1,40,7,7,9,2,1
24157,2021,9,5,7,17,3,2,18,1804,99,2,46,8,8,10,1,1
24158,2021,9,5,7,23,4,3,7,705,99,1,18,2,2,4,2,1
24159,2021,9,5,7,0,1,1,1,116,99,1,28,4,4,6,8,2
24160,2021,9,5,7,11,2,1,1,101,25,1,30,5,5,7,8,2
24161,2021,9,5,7,18,4,3,5,511,99,1,27,4,4,6,8,2
24162,2021,9,6,1,2,1,1,1,101,1,1,35,6,6,8,2,1
24163,2021,9,6,1,18,4,3,1,101,2,1,35,6,6,8,2,1
24164,2021,9,6,1,12,3,2,1,115,99,1,33,5,5,7,1,1
24165,2021,9,6,1,23,4,3,1,110,99,1,20,3,3,5,1,1
24166,2021,9,6,1,18,4,3,22,2216,99,1,22,3,3,5,1,1
24167,2021,9,6,1,17,3,2,20,2002,99,1,999,12,16,18,1,1
24168,2021,9,6,1,7,2,1,6,610,99,1,37,6,6,8,3,1
24169,2021,9,6,1,18,4,3,4,401,99,2,25,4,4,6,1,1
24170,2021,9,6,1,5,1,1,1,101,5,1,46,8,8,10,7,2
24171,2021,9,6,1,17,3,2,20,2005,99,1,51,9,9,11,8,2
24172,2021,9,6,1,17,3,2,1,101,1,1,25,4,4,6,8,2
24173,2021,9,6,1,9,2,1,1,114,99,1,999,12,16,18,7,2
24174,2021,9,7,2,9,2,1,1,116,99,2,18,2,2,4,5,1
24175,2021,9,7,2,7,2,1,17,1705,99,1,22,3,3,5,1,1
24176,2021,9,7,2,19,4,3,1,101,7,1,21,3,3,5,1,1
24177,2021,9,7,2,19,4,3,1,101,7,1,17,2,2,4,1,1
24178,2021,9,7,2,21,4,3,1,101,11,1,21,3,3,5,1,1
24179,2021,9,7,2,19,4,3,1,108,99,1,22,3,3,5,1,1
24180,2021,9,7,2,8,2,1,17,1705,99,1,60,11,11,13,2,1
24181,2021,9,7,2,19,4,3,1,115,99,2,4,1,1,1,7,2
24182,2021,9,7,2,15,3,2,20,2001,99,1,31,5,5,7,7,2
24183,2021,9,7,2,13,3,2,5,511,99,1,999,12,16,18,7,2
24184,2021,9,8,3,8,2,1,1,107,99,2,52,9,9,11,5,1
24185,2021,9,8,3,18,4,3,1,101,4,2,55,10,10,12,1,1
24186,2021,9,8,3,7,2,1,1,101,18,2,16,2,2,4,5,1
24187,2021,9,8,3,20,4,3,1,101,18,1,48,8,8,10,1,1
24188,2021,9,8,3,13,3,2,1,108,99,2,26,4,4,6,1,1
24189,2021,9,8,3,15,3,2,1,108,99,1,44,7,7,9,1,1
24190,2021,9,8,3,20,4,3,6,602,99,1,36,6,6,8,1,1
24191,2021,9,8,3,20,4,3,6,602,99,1,23,3,3,5,7,2
24192,2021,9,8,3,6,2,1,11,1101,99,1,37,6,6,8,1,1
24193,2021,9,8,3,15,3,2,4,401,99,1,30,5,5,7,1,1
24194,2021,9,8,3,15,3,2,4,401,99,2,36,6,6,8,1,1
24195,2021,9,8,3,17,3,2,1,101,18,2,26,4,4,6,8,2
24196,2021,9,8,3,17,3,2,1,101,18,1,38,6,6,8,8,2
24197,2021,9,8,3,0,1,1,1,101,18,1,40,7,7,9,8,2
24198,2021,9,8,3,7,2,1,13,1303,99,1,33,5,5,7,8,2
24199,2021,9,9,4,11,2,1,1,108,99,1,21,3,3,5,1,1
24200,2021,9,9,4,18,4,3,1,108,99,1,17,2,2,4,1,1
24201,2021,9,9,4,5,1,1,5,507,99,2,26,4,4,6,1,1
24202,2021,9,9,4,17,3,2,17,1708,99,1,37,6,6,8,2,1
24203,2021,9,9,4,21,4,3,12,1229,99,2,29,4,4,6,9,2
24204,2021,9,10,5,10,2,1,1,102,99,1,999,12,16,18,5,1
24205,2021,9,10,5,12,3,2,20,2009,99,1,42,7,7,9,2,1
24206,2021,9,10,5,14,3,2,1,101,1,1,42,7,7,9,1,1
24207,2021,9,10,5,17,3,2,1,103,99,1,17,2,2,4,1,1
24208,2021,9,10,5,17,3,2,1,103,99,2,15,2,2,4,1,1
24209,2021,9,10,5,10,2,1,1,108,99,1,35,6,6,8,1,1
24210,2021,9,10,5,13,3,2,1,101,2,1,38,6,6,8,7,2
24211,2021,9,10,5,21,4,3,22,2201,99,1,27,4,4,6,8,2
24212,2021,9,10,5,5,1,1,5,506,99,1,20,3,3,5,7,2
24213,2021,9,10,5,10,2,1,5,511,99,1,47,8,8,10,7,2
24214,2021,9,10,5,22,4,3,15,1504,99,1,17,2,2,4,8,2
24215,2021,9,10,5,19,4,3,18,1801,99,1,38,6,6,8,7,2
24216,2021,9,11,6,20,4,3,1,101,18,1,26,4,4,6,1,1
24217,2021,9,11,6,6,2,1,6,606,99,1,74,11,13,15,2,1
24218,2021,9,11,6,4,1,1,1,101,18,1,18,2,2,4,1,1
24219,2021,9,11,6,20,4,3,1,101,18,1,32,5,5,7,1,1
24220,2021,9,11,6,20,4,3,1,101,18,2,23,3,3,5,1,1
24221,2021,9,11,6,16,3,2,18,1802,99,1,47,8,8,10,1,1
24222,2021,9,11,6,22,4,3,4,401,99,2,47,8,8,10,2,1
24223,2021,9,11,6,20,4,3,1,101,18,1,22,3,3,5,7,2
24224,2021,9,11,6,20,4,3,1,101,18,2,21,3,3,5,7,2
24225,2021,9,11,6,20,4,3,1,101,18,2,27,4,4,6,7,2
24226,2021,9,11,6,20,4,3,1,101,18,1,27,4,4,6,7,2
24227,2021,9,11,6,20,4,3,1,101,18,2,41,7,7,9,7,2
24228,2021,9,11,6,20,4,3,1,101,18,1,22,3,3,5,7,2
24229,2021,9,11,6,20,4,3,1,101,18,1,999,12,16,18,7,2
24230,2021,9,11,6,20,4,3,17,1703,99,2,7,1,1,2,9,2
24231,2021,9,11,6,5,1,1,4,414,99,2,23,3,3,5,8,2
24232,2021,9,11,6,21,4,3,5,501,99,2,37,6,6,8,7,2
24233,2021,9,11,6,19,4,3,1,105,99,1,24,3,3,5,8,2
24234,2021,9,11,6,20,4,3,1,108,99,1,26,4,4,6,8,2
24235,2021,9,11,6,4,1,1,1,101,18,1,23,3,3,5,7,2
24236,2021,9,11,6,20,4,3,1,115,99,1,69,11,12,14,5,1
24237,2021,9,12,7,0,1,1,1,108,99,1,32,5,5,7,1,1
24238,2021,9,12,7,8,2,1,21,2107,99,1,36,6,6,8,2,1
24239,2021,9,12,7,20,4,3,1,101,11,1,999,12,16,18,1,1
24240,2021,9,12,7,8,2,1,1,115,99,1,49,8,8,10,1,1
24241,2021,9,12,7,2,1,1,20,2007,99,1,21,3,3,5,2,1
24242,2021,9,12,7,20,4,3,20,2007,99,1,38,6,6,8,1,1
24243,2021,9,12,7,18,4,3,5,513,99,1,33,5,5,7,1,1
24244,2021,9,12,7,17,3,2,16,1616,99,1,32,5,5,7,1,1
24245,2021,9,12,7,8,2,1,2,204,99,1,16,2,2,4,2,1
24246,2021,9,12,7,2,1,1,18,1804,99,1,36,6,6,8,1,1
24247,2021,9,12,7,2,1,1,18,1804,99,1,44,7,7,9,1,1
24248,2021,9,12,7,12,3,2,17,1703,99,1,20,3,3,5,1,1
24249,2021,9,12,7,3,1,1,1,101,4,1,39,6,6,8,8,2
24250,2021,9,12,7,11,2,1,1,101,6,1,42,7,7,9,7,2
24251,2021,9,12,7,22,4,3,1,105,99,1,32,5,5,7,8,2
24252,2021,9,12,7,6,2,1,1,101,11,1,17,2,2,4,7,2
24253,2021,9,12,7,0,1,1,1,110,99,1,22,3,3,5,7,2
24254,2021,9,12,7,2,1,1,20,2007,99,1,25,4,4,6,7,2
24255,2021,9,12,7,2,1,1,20,2007,99,1,31,5,5,7,7,2
24256,2021,9,12,7,21,4,3,5,501,99,1,1,1,1,1,8,2
24257,2021,9,12,7,7,2,1,16,1612,99,2,2,1,1,1,7,2
24258,2021,9,12,7,7,2,1,16,1612,99,1,13,1,1,3,7,2
24259,2021,9,12,7,7,2,1,16,1612,99,2,30,5,5,7,7,2
24260,2021,9,12,7,22,4,3,16,1609,99,2,13,1,1,3,9,2
24261,2021,9,12,7,0,1,1,2,208,99,1,23,3,3,5,8,2
24262,2021,9,12,7,21,4,3,2,208,99,1,55,10,10,12,8,2
24263,2021,9,13,1,10,2,1,1,101,6,2,28,4,4,6,1,1
24264,2021,9,13,1,0,1,1,1,102,99,2,23,3,3,5,1,1
24265,2021,9,13,1,23,4,3,1,117,99,1,17,2,2,4,1,1
24266,2021,9,13,1,0,1,1,22,2201,99,1,32,5,5,7,1,1
24267,2021,9,13,1,6,2,1,21,2107,99,2,17,2,2,4,5,1
24268,2021,9,13,1,14,3,2,13,1312,99,1,55,10,10,12,1,1
24269,2021,9,13,1,20,4,3,5,504,99,1,40,7,7,9,7,2
24270,2021,9,13,1,19,4,3,9,901,99,1,25,4,4,6,7,2
24271,2021,9,13,1,17,3,2,1,115,99,1,999,12,16,18,7,2
24272,2021,9,13,1,17,3,2,1,115,99,1,999,12,16,18,7,2
24273,2021,9,14,2,18,4,3,1,110,99,1,31,5,5,7,1,1
24274,2021,9,14,2,18,4,3,21,2101,99,1,27,4,4,6,1,1
24275,2021,9,14,2,19,4,3,5,509,99,1,24,3,3,5,1,1
24276,2021,9,14,2,12,3,2,5,501,99,1,26,4,4,6,1,1
24277,2021,9,14,2,19,4,3,6,606,99,1,28,4,4,6,1,1
24278,2021,9,14,2,19,4,3,6,611,99,1,14,1,1,3,1,1
24279,2021,9,14,2,2,1,1,16,1601,99,1,26,4,4,6,1,1
24280,2021,9,14,2,22,4,3,17,1705,99,1,40,7,7,9,1,1
24281,2021,9,14,2,22,4,3,17,1705,99,1,35,6,6,8,7,2
24282,2021,9,14,2,20,4,3,1,101,12,1,25,4,4,6,7,2
24283,2021,9,14,2,22,4,3,1,116,99,1,20,3,3,5,7,2
24284,2021,9,14,2,23,4,3,3,307,99,1,24,3,3,5,8,2
24285,2021,9,14,2,23,4,3,3,307,99,1,20,3,3,5,8,2
24286,2021,9,15,3,18,4,3,1,101,18,2,999,12,16,18,1,1
24287,2021,9,15,3,19,4,3,1,101,24,1,16,2,2,4,1,1
24288,2021,9,15,3,19,4,3,1,101,18,1,40,7,7,9,1,1
24289,2021,9,15,3,6,2,1,1,101,12,1,48,8,8,10,1,1
24290,2021,9,15,3,6,2,1,5,513,99,2,42,7,7,9,1,1
24291,2021,9,15,3,15,3,2,5,501,99,1,25,4,4,6,1,1
24292,2021,9,15,3,16,3,2,5,506,99,1,21,3,3,5,1,1
24293,2021,9,15,3,10,2,1,9,920,99,1,48,8,8,10,5,1
24294,2021,9,15,3,15,3,2,3,304,99,2,18,2,2,4,5,1
24295,2021,9,15,3,13,3,2,1,101,13,1,26,4,4,6,8,2
24296,2021,9,15,3,21,4,3,1,103,99,1,29,4,4,6,8,2
24297,2021,9,15,3,8,2,1,1,101,11,1,25,4,4,6,7,2
24298,2021,9,15,3,11,2,1,21,2101,99,1,40,7,7,9,7,2
24299,2021,9,15,3,19,4,3,5,501,99,1,26,4,4,6,7,2
24300,2021,9,16,4,5,1,1,1,101,18,1,40,7,7,9,1,1
24301,2021,9,16,4,8,2,1,21,2102,99,1,33,5,5,7,1,1
24302,2021,9,16,4,12,3,2,1,101,6,1,30,5,5,7,1,1
24303,2021,9,16,4,12,3,2,1,101,6,1,33,5,5,7,1,1
24304,2021,9,16,4,12,3,2,1,101,6,1,16,2,2,4,7,2
24305,2021,9,16,4,7,2,1,1,115,99,1,60,11,11,13,7,2
24306,2021,9,16,4,7,2,1,1,115,99,2,47,8,8,10,7,2
24307,2021,9,16,4,19,4,3,20,2006,99,1,19,2,2,4,1,1
24308,2021,9,16,4,18,4,3,11,1102,99,1,19,2,2,4,7,2
24309,2021,9,16,4,22,4,3,3,308,99,1,25,4,4,6,7,2
24310,2021,9,16,4,8,2,1,1,108,99,1,34,5,5,7,7,2
24311,2021,9,16,4,6,2,1,1,101,12,1,25,4,4,6,7,2
24312,2021,9,17,5,15,3,2,1,101,9,1,28,4,4,6,1,1
24313,2021,9,17,5,6,2,1,1,101,16,2,22,3,3,5,1,1
24314,2021,9,17,5,6,2,1,1,101,16,1,20,3,3,5,1,1
24315,2021,9,17,5,20,4,3,1,103,99,1,19,2,2,4,1,1
24316,2021,9,17,5,22,4,3,1,101,11,2,17,2,2,4,1,1
24317,2021,9,17,5,22,4,3,1,101,11,2,21,3,3,5,1,1
24318,2021,9,17,5,15,3,2,1,115,99,1,28,4,4,6,1,1
24319,2021,9,17,5,15,3,2,1,115,99,1,17,2,2,4,1,1
24320,2021,9,17,5,0,1,1,19,1905,99,1,34,5,5,7,1,1
24321,2021,9,17,5,23,4,3,1,101,4,1,25,4,4,6,8,2
24322,2021,9,17,5,20,4,3,1,103,99,1,18,2,2,4,7,2
24323,2021,9,17,5,8,2,1,1,101,7,1,22,3,3,5,7,2
24324,2021,9,17,5,22,4,3,1,101,11,2,24,3,3,5,7,2
24325,2021,9,17,5,22,4,3,1,101,11,2,18,2,2,4,7,2
24326,2021,9,17,5,16,3,2,21,2101,99,1,25,4,4,6,8,2
24327,2021,9,17,5,16,3,2,21,2101,99,1,25,4,4,6,8,2
24328,2021,9,18,6,20,4,3,1,101,16,2,22,3,3,5,5,1
24329,2021,9,18,6,18,4,3,1,101,12,1,999,12,16,18,1,1
24330,2021,9,18,6,6,2,1,21,2103,99,1,47,8,8,10,1,1
24331,2021,9,18,6,22,4,3,21,2101,99,1,41,7,7,9,1,1
24332,2021,9,18,6,15,3,2,5,501,99,1,30,5,5,7,2,1
24333,2021,9,18,6,17,3,2,10,1001,99,1,21,3,3,5,1,1
24334,2021,9,18,6,21,4,3,11,1101,99,1,28,4,4,6,1,1
24335,2021,9,18,6,9,2,1,9,922,99,1,30,5,5,7,1,1
24336,2021,9,18,6,5,1,1,4,401,99,1,15,2,2,4,1,1
24337,2021,9,18,6,5,1,1,4,401,99,1,17,2,2,4,1,1
24338,2021,9,18,6,20,4,3,4,401,99,1,18,2,2,4,1,1
24339,2021,9,18,6,20,4,3,4,401,99,1,20,3,3,5,1,1
24340,2021,9,18,6,20,4,3,4,401,99,1,23,3,3,5,1,1
24341,2021,9,18,6,16,3,2,1,101,7,1,20,3,3,5,7,2
24342,2021,9,18,6,18,4,3,1,101,12,1,17,2,2,4,7,2
24343,2021,9,18,6,18,4,3,1,101,12,1,18,2,2,4,7,2
24344,2021,9,18,6,18,4,3,1,101,12,1,43,7,7,9,7,2
24345,2021,9,18,6,20,4,3,1,101,11,1,29,4,4,6,7,2
24346,2021,9,18,6,22,4,3,1,110,99,1,21,3,3,5,7,2
24347,2021,9,18,6,15,3,2,5,501,99,1,42,7,7,9,8,2
24348,2021,9,18,6,21,4,3,9,920,99,1,37,6,6,8,9,2
24349,2021,9,18,6,5,1,1,4,401,99,2,52,9,9,11,7,2
24350,2021,9,18,6,5,1,1,4,401,99,1,35,6,6,8,1,1
24351,2021,9,18,6,20,4,3,4,401,99,1,22,3,3,5,7,2
24352,2021,9,18,6,20,4,3,4,401,99,1,19,2,2,4,1,1
24353,2021,9,18,6,17,3,2,1,115,99,1,25,4,4,6,7,2
24354,2021,9,18,6,22,4,3,1,101,4,1,30,5,5,7,8,2
24355,2021,9,18,6,22,4,3,1,101,18,1,58,10,10,12,8,2
24356,2021,9,18,6,1,1,1,1,101,5,1,18,2,2,4,9,2
24357,2021,9,18,6,22,4,3,18,1801,99,1,52,9,9,11,9,2
24358,2021,9,19,7,14,3,2,1,101,2,1,23,3,3,5,1,1
24359,2021,9,19,7,13,3,2,1,104,99,1,999,12,16,18,5,1
24360,2021,9,19,7,19,4,3,1,101,7,2,30,5,5,7,1,1
24361,2021,9,19,7,17,3,2,1,115,99,1,24,3,3,5,1,1
24362,2021,9,19,7,19,4,3,1,108,99,2,27,4,4,6,1,1
24363,2021,9,19,7,21,4,3,21,2101,99,1,34,5,5,7,3,1
24364,2021,9,19,7,23,4,3,20,2005,99,1,45,8,8,10,2,1
24365,2021,9,19,7,5,1,1,5,513,99,2,35,6,6,8,1,1
24366,2021,9,19,7,22,4,3,16,1607,99,1,32,5,5,7,2,1
24367,2021,9,19,7,7,2,1,2,203,99,1,38,6,6,8,2,1
24368,2021,9,19,7,18,4,3,17,1710,99,1,36,6,6,8,1,1
24369,2021,9,19,7,20,4,3,17,1704,99,1,30,5,5,7,1,1
24370,2021,9,19,7,20,4,3,1,101,4,1,20,3,3,5,8,2
24371,2021,9,19,7,21,4,3,1,101,18,1,25,4,4,6,8,2
24372,2021,9,19,7,19,4,3,1,101,7,2,11,1,1,3,7,2
24373,2021,9,19,7,21,4,3,1,114,99,2,23,3,3,5,1,1
24374,2021,9,19,7,21,4,3,1,114,99,1,18,2,2,4,7,2
24375,2021,9,19,7,19,4,3,1,108,99,2,34,5,5,7,7,2
24376,2021,9,19,7,19,4,3,1,108,99,2,15,2,2,4,7,2
24377,2021,9,19,7,0,1,1,21,2101,99,1,29,4,4,6,8,2
24378,2021,9,19,7,0,1,1,21,2101,99,1,29,4,4,6,8,2
24379,2021,9,19,7,19,4,3,19,1905,99,2,39,6,6,8,7,2
24380,2021,9,19,7,19,4,3,18,1801,99,1,28,4,4,6,7,2
24381,2021,9,19,7,19,4,3,18,1801,99,1,22,3,3,5,7,2
24382,2021,9,20,1,6,2,1,1,108,99,1,27,4,4,6,1,1
24383,2021,9,20,1,6,2,1,1,105,99,1,25,4,4,6,5,1
24384,2021,9,20,1,7,2,1,21,2101,99,2,31,5,5,7,1,1
24385,2021,9,20,1,17,3,2,21,2101,99,1,44,7,7,9,1,1
24386,2021,9,20,1,11,2,1,16,1613,99,1,24,3,3,5,8,2
24387,2021,9,20,1,14,3,2,1,108,99,2,28,4,4,6,8,2
24388,2021,9,21,2,20,4,3,1,101,25,1,25,4,4,6,5,1
24389,2021,9,21,2,0,1,1,1,101,7,1,999,12,16,18,5,1
24390,2021,9,21,2,10,2,1,1,114,99,1,58,10,10,12,1,1
24391,2021,9,21,2,20,4,3,5,507,99,1,35,6,6,8,1,1
24392,2021,9,21,2,18,4,3,6,608,99,1,20,3,3,5,1,1
24393,2021,9,21,2,16,3,2,9,901,99,2,23,3,3,5,1,1
24394,2021,9,21,2,16,3,2,9,901,99,1,37,6,6,8,1,1
24395,2021,9,21,2,16,3,2,9,921,99,1,17,2,2,4,1,1
24396,2021,9,21,2,7,2,1,17,1708,99,2,42,7,7,9,2,1
24397,2021,9,21,2,13,3,2,1,101,12,1,27,4,4,6,7,2
24398,2021,9,21,2,21,4,3,6,610,99,2,40,7,7,9,8,2
24399,2021,9,21,2,21,4,3,1,101,11,1,30,5,5,7,7,2
24400,2021,9,22,3,6,2,1,1,101,2,1,39,6,6,8,1,1
24401,2021,9,22,3,6,2,1,1,101,4,1,35,6,6,8,1,1
24402,2021,9,22,3,14,3,2,9,917,99,1,37,6,6,8,1,1
24403,2021,9,22,3,18,4,3,22,2205,99,2,34,5,5,7,2,1
24404,2021,9,22,3,15,3,2,16,1616,99,1,40,7,7,9,2,1
24405,2021,9,22,3,5,1,1,1,101,18,1,43,7,7,9,7,2
24406,2021,9,22,3,4,1,1,1,107,99,1,60,11,11,13,7,2
24407,2021,9,22,3,1,1,1,1,102,99,2,17,2,2,4,8,2
24408,2021,9,22,3,14,3,2,9,917,99,1,26,4,4,6,7,2
24409,2021,9,22,3,5,1,1,11,1101,99,1,27,4,4,6,7,2
24410,2021,9,22,3,10,2,1,1,115,99,1,46,8,8,10,7,2
24411,2021,9,22,3,19,4,3,1,101,8,1,50,9,9,11,8,2
24412,2021,9,22,3,21,4,3,1,103,99,1,47,8,8,10,7,2
24413,2021,9,23,4,10,2,1,21,2101,99,1,49,8,8,10,1,1
24414,2021,9,23,4,14,3,2,21,2105,99,1,39,6,6,8,1,1
24415,2021,9,23,4,21,4,3,20,2001,99,1,999,12,16,18,1,1
24416,2021,9,23,4,11,2,1,3,311,99,1,31,5,5,7,1,1
24417,2021,9,23,4,7,2,1,1,101,18,1,27,4,4,6,7,2
24418,2021,9,23,4,23,4,3,1,116,99,1,27,4,4,6,8,2
24419,2021,9,23,4,8,2,1,1,108,99,1,28,4,4,6,7,2
24420,2021,9,23,4,8,2,1,1,108,99,1,29,4,4,6,7,2
24421,2021,9,23,4,11,2,1,21,2101,99,1,45,8,8,10,7,2
24422,2021,9,23,4,5,1,1,5,506,99,2,42,7,7,9,7,2
24423,2021,9,23,4,22,4,3,18,1804,99,1,15,2,2,4,7,2
24424,2021,9,24,5,7,2,1,1,101,1,1,60,11,11,13,2,1
24425,2021,9,24,5,19,4,3,1,101,5,1,20,3,3,5,1,1
24426,2021,9,24,5,6,2,1,1,101,12,1,34,5,5,7,1,1
24427,2021,9,24,5,18,4,3,22,2201,99,1,48,8,8,10,1,1
24428,2021,9,24,5,20,4,3,17,1711,99,1,38,6,6,8,1,1
24429,2021,9,24,5,23,4,3,1,101,5,1,25,4,4,6,7,2
24430,2021,9,24,5,23,4,3,1,101,5,2,55,10,10,12,7,2
24431,2021,9,24,5,18,4,3,1,103,99,1,17,2,2,4,8,2
24432,2021,9,24,5,19,4,3,1,101,5,2,20,3,3,5,7,2
24433,2021,9,24,5,10,2,1,1,101,11,1,35,6,6,8,7,2
24434,2021,9,24,5,12,3,2,1,101,21,2,999,12,16,18,8,2
24435,2021,9,24,5,20,4,3,1,101,7,1,30,5,5,7,8,2
24436,2021,9,24,5,21,4,3,1,101,12,1,20,3,3,5,7,2
24437,2021,9,24,5,2,1,1,1,110,99,2,26,4,4,6,9,2
24438,2021,9,25,6,21,4,3,1,114,99,1,21,3,3,5,1,1
24439,2021,9,25,6,21,4,3,1,114,99,1,31,5,5,7,1,1
24440,2021,9,25,6,10,2,1,1,110,99,1,24,3,3,5,1,1
24441,2021,9,25,6,10,2,1,21,2107,99,2,30,5,5,7,1,1
24442,2021,9,25,6,18,4,3,20,2001,99,1,999,12,16,18,1,1
24443,2021,9,25,6,17,3,2,5,508,99,1,42,7,7,9,2,1
24444,2021,9,25,6,17,3,2,16,1601,99,1,52,9,9,11,1,1
24445,2021,9,25,6,22,4,3,1,101,17,1,37,6,6,8,8,2
24446,2021,9,25,6,22,4,3,1,101,17,2,33,5,5,7,8,2
24447,2021,9,25,6,22,4,3,1,101,17,1,27,4,4,6,8,2
24448,2021,9,25,6,3,1,1,1,103,99,1,24,3,3,5,8,2
24449,2021,9,25,6,19,4,3,1,103,99,2,39,6,6,8,8,2
24450,2021,9,25,6,6,2,1,1,101,3,1,20,3,3,5,8,2
24451,2021,9,25,6,18,4,3,1,108,99,1,22,3,3,5,8,2
24452,2021,9,25,6,3,1,1,15,1508,99,1,17,2,2,4,8,2
24453,2021,9,25,6,18,4,3,4,401,99,2,27,4,4,6,9,2
24454,2021,9,26,7,3,1,1,1,101,4,1,999,12,16,18,1,1
24455,2021,9,26,7,13,3,2,1,115,99,1,16,2,2,4,1,1
24456,2021,9,26,7,13,3,2,1,115,99,1,18,2,2,4,1,1
24457,2021,9,26,7,0,1,1,21,2101,99,1,43,7,7,9,2,1
24458,2021,9,26,7,21,4,3,21,2101,99,1,40,7,7,9,1,1
24459,2021,9,26,7,4,1,1,20,2010,99,1,29,4,4,6,1,1
24460,2021,9,26,7,16,3,2,5,503,99,1,30,5,5,7,1,1
24461,2021,9,26,7,15,3,2,6,602,99,1,23,3,3,5,1,1
24462,2021,9,26,7,12,3,2,18,1801,99,2,37,6,6,8,1,1
24463,2021,9,26,7,16,3,2,1,101,13,1,999,12,16,18,8,2
24464,2021,9,26,7,13,3,2,1,115,99,1,17,2,2,4,7,2
24465,2021,9,26,7,13,3,2,1,115,99,1,30,5,5,7,7,2
24466,2021,9,26,7,16,3,2,1,115,99,1,19,2,2,4,8,2
24467,2021,9,26,7,21,4,3,21,2101,99,1,35,6,6,8,7,2
24468,2021,9,26,7,15,3,2,6,602,99,1,42,7,7,9,7,2
24469,2021,9,26,7,4,1,1,16,1601,99,1,37,6,6,8,8,2
24470,2021,9,26,7,12,3,2,18,1801,99,1,31,5,5,7,7,2
24471,2021,9,27,1,1,1,1,1,101,18,1,999,12,16,18,5,1
24472,2021,9,27,1,23,4,3,22,2211,99,1,19,2,2,4,1,1
24473,2021,9,27,1,6,2,1,21,2101,99,1,21,3,3,5,2,1
24474,2021,9,27,1,19,4,3,21,2107,99,1,24,3,3,5,1,1
24475,2021,9,27,1,4,1,1,5,506,99,1,29,4,4,6,1,1
24476,2021,9,27,1,17,3,2,5,513,99,1,21,3,3,5,1,1
24477,2021,9,27,1,18,4,3,6,602,99,1,16,2,2,4,1,1
24478,2021,9,27,1,23,4,3,6,610,99,1,24,3,3,5,1,1
24479,2021,9,27,1,9,2,1,18,1802,99,1,30,5,5,7,1,1
24480,2021,9,27,1,19,4,3,17,1705,99,1,37,6,6,8,1,1
24481,2021,9,27,1,19,4,3,17,1712,99,1,31,5,5,7,1,1
24482,2021,9,27,1,19,4,3,17,1712,99,1,25,4,4,6,1,1
24483,2021,9,27,1,13,3,2,1,116,99,1,28,4,4,6,8,2
24484,2021,9,27,1,22,4,3,3,308,99,1,33,5,5,7,7,2
24485,2021,9,27,1,10,2,1,5,504,99,1,39,6,6,8,7,2
24486,2021,9,27,1,23,4,3,4,409,99,1,20,3,3,5,9,2
24487,2021,9,27,1,22,4,3,1,110,99,1,34,5,5,7,8,2
24488,2021,9,27,1,2,1,1,6,608,99,1,23,3,3,5,8,2
24489,2021,9,28,2,21,4,3,1,115,99,1,32,5,5,7,5,1
24490,2021,9,28,2,21,4,3,1,115,99,1,28,4,4,6,5,1
24491,2021,9,28,2,21,4,3,1,115,99,1,26,4,4,6,5,1
24492,2021,9,28,2,19,4,3,21,2103,99,1,20,3,3,5,1,1
24493,2021,9,28,2,19,4,3,19,1911,99,1,30,5,5,7,1,1
24494,2021,9,28,2,23,4,3,5,506,99,1,28,4,4,6,1,1
24495,2021,9,28,2,18,4,3,6,602,99,1,53,9,9,11,1,1
24496,2021,9,28,2,12,3,2,11,1109,99,1,25,4,4,6,1,1
24497,2021,9,28,2,19,4,3,12,1230,99,2,50,9,9,11,1,1
24498,2021,9,28,2,19,4,3,12,1230,99,2,44,7,7,9,1,1
24499,2021,9,28,2,6,2,1,4,401,99,1,35,6,6,8,1,1
24500,2021,9,28,2,6,2,1,4,401,99,1,17,2,2,4,1,1
24501,2021,9,28,2,15,3,2,1,104,99,1,55,10,10,12,8,2
24502,2021,9,28,2,18,4,3,1,101,10,1,35,6,6,8,7,2
24503,2021,9,28,2,1,1,1,1,101,5,1,20,3,3,5,7,2
24504,2021,9,28,2,15,3,2,1,101,7,1,24,3,3,5,7,2
24505,2021,9,28,2,19,4,3,21,2103,99,1,29,4,4,6,7,2
24506,2021,9,28,2,19,4,3,19,1911,99,1,35,6,6,8,7,2
24507,2021,9,28,2,19,4,3,19,1911,99,2,52,9,9,11,7,2
24508,2021,9,28,2,99,5,4,6,602,99,1,999,12,16,18,7,2
24509,2021,9,28,2,12,3,2,11,1109,99,1,25,4,4,6,7,2
24510,2021,9,28,2,22,4,3,14,1420,99,2,40,7,7,9,7,2
24511,2021,9,28,2,16,3,2,1,101,8,1,30,5,5,7,7,2
24512,2021,9,29,3,5,1,1,1,116,99,1,999,12,16,18,5,1
24513,2021,9,29,3,7,2,1,22,2202,99,1,30,5,5,7,1,1
24514,2021,9,29,3,7,2,1,22,2202,99,1,30,5,5,7,1,1
24515,2021,9,29,3,15,3,2,5,513,99,1,32,5,5,7,1,1
24516,2021,9,29,3,21,4,3,16,1601,99,1,30,5,5,7,1,1
24517,2021,9,29,3,12,3,2,1,101,3,1,40,7,7,9,8,2
24518,2021,9,29,3,3,1,1,5,501,99,1,23,3,3,5,7,2
24519,2021,9,29,3,8,2,1,5,503,99,1,50,9,9,11,7,2
24520,2021,9,29,3,18,4,3,5,511,99,1,50,9,9,11,7,2
24521,2021,9,29,3,20,4,3,5,511,99,1,36,6,6,8,7,2
24522,2021,9,29,3,16,3,2,1,115,99,1,37,6,6,8,8,2
24523,2021,9,30,4,8,2,1,1,101,24,1,21,3,3,5,1,1
24524,2021,9,30,4,18,4,3,1,108,99,1,28,4,4,6,1,1
24525,2021,9,30,4,3,1,1,20,2001,99,1,32,5,5,7,1,1
24526,2021,9,30,4,23,4,3,20,2006,99,1,45,8,8,10,1,1
24527,2021,9,30,4,8,2,1,5,502,99,1,63,11,11,13,1,1
24528,2021,9,30,4,19,4,3,10,1020,99,1,25,4,4,6,1,1
24529,2021,9,30,4,23,4,3,16,1601,99,1,35,6,6,8,1,1
24530,2021,9,30,4,22,4,3,1,101,17,1,16,2,2,4,7,2
24531,2021,9,30,4,18,4,3,1,108,99,1,51,9,9,11,7,2
24532,2021,9,30,4,20,4,3,1,101,19,1,18,2,2,4,8,2
24533,2021,9,30,4,21,4,3,21,2101,99,1,26,4,4,6,8,2
24534,2021,9,30,4,8,2,1,15,1508,99,1,45,8,8,10,7,2
24535,2021,9,22,3,14,3,2,18,1803,99,1,28,4,4,6,2,1
24536,2021,9,24,5,23,4,3,1,108,99,1,30,5,5,7,5,1
24537,2021,9,24,5,21,4,3,1,116,99,1,999,12,16,18,5,1
24538,2021,9,25,6,6,2,1,5,501,99,1,19,2,2,4,5,1
24539,2021,10,1,5,20,4,3,1,106,99,1,18,2,2,4,1,1
24540,2021,10,1,5,20,4,3,1,101,5,2,47,8,8,10,1,1
24541,2021,10,1,5,20,4,3,1,101,5,1,34,5,5,7,1,1
24542,2021,10,1,5,1,1,1,20,2005,99,1,64,11,11,13,2,1
24543,2021,10,1,5,21,4,3,5,505,99,1,22,3,3,5,1,1
24544,2021,10,1,5,21,4,3,5,505,99,1,38,6,6,8,1,1
24545,2021,10,1,5,9,2,1,6,608,99,1,50,9,9,11,2,1
24546,2021,10,1,5,20,4,3,17,1705,99,1,23,3,3,5,1,1
24547,2021,10,1,5,14,3,2,4,401,99,1,19,2,2,4,1,1
24548,2021,10,1,5,14,3,2,4,401,99,1,31,5,5,7,1,1
24549,2021,10,1,5,20,4,3,1,101,5,2,41,7,7,9,7,2
24550,2021,10,1,5,21,4,3,10,1001,99,1,24,3,3,5,7,2
24551,2021,10,2,6,18,4,3,1,101,18,1,59,10,10,12,1,1
24552,2021,10,2,6,17,3,2,16,1609,99,1,31,5,5,7,1,1
24553,2021,10,2,6,21,4,3,6,612,99,2,41,7,7,9,1,1
24554,2021,10,2,6,14,3,2,5,510,99,1,12,1,1,3,7,2
24555,2021,10,2,6,22,4,3,6,602,99,1,23,3,3,5,8,2
24556,2021,10,2,6,13,3,2,1,108,99,1,34,5,5,7,9,2
24557,2021,10,3,7,19,4,3,1,105,99,1,46,8,8,10,1,1
24558,2021,10,3,7,10,2,1,1,115,99,1,35,6,6,8,1,1
24559,2021,10,3,7,21,4,3,22,2208,99,1,30,5,5,7,1,1
24560,2021,10,3,7,19,4,3,5,509,99,1,2,1,1,1,1,1
24561,2021,10,3,7,19,4,3,6,604,99,1,20,3,3,5,2,1
24562,2021,10,3,7,20,4,3,10,1014,99,2,26,4,4,6,1,1
24563,2021,10,3,7,11,2,1,9,917,99,1,33,5,5,7,1,1
24564,2021,10,3,7,21,4,3,4,401,99,1,34,5,5,7,1,1
24565,2021,10,3,7,12,3,2,1,101,6,1,26,4,4,6,8,2
24566,2021,10,3,7,2,1,1,1,115,99,1,41,7,7,9,8,2
24567,2021,10,3,7,19,4,3,5,509,99,1,28,4,4,6,7,2
24568,2021,10,3,7,10,2,1,6,601,99,1,81,11,15,17,7,2
24569,2021,10,3,7,19,4,3,10,1020,99,2,30,5,5,7,9,2
24570,2021,10,3,7,20,4,3,15,1501,99,1,50,9,9,11,7,2
24571,2021,10,3,7,21,4,3,15,1501,99,1,21,3,3,5,7,2
24572,2021,10,3,7,17,3,2,17,1710,99,1,35,6,6,8,7,2
24573,2021,10,3,7,17,3,2,17,1710,99,1,32,5,5,7,7,2
24574,2021,10,3,7,20,4,3,1,101,18,1,74,11,13,15,9,2
24575,2021,10,4,1,15,3,2,11,1101,99,1,17,2,2,4,1,1
24576,2021,10,4,1,8,2,1,11,1101,99,1,999,12,16,18,5,1
24577,2021,10,4,1,1,1,1,1,116,99,1,23,3,3,5,8,2
24578,2021,10,4,1,11,2,1,5,501,99,1,21,3,3,5,7,2
24579,2021,10,4,1,15,3,2,1,101,6,1,20,3,3,5,7,2
24580,2021,10,5,2,12,3,2,1,103,99,1,45,8,8,10,1,1
24581,2021,10,5,2,4,1,1,1,115,99,2,24,3,3,5,1,1
24582,2021,10,5,2,1,1,1,1,108,99,1,21,3,3,5,5,1
24583,2021,10,5,2,13,3,2,19,1901,99,1,21,3,3,5,2,1
24584,2021,10,5,2,13,3,2,19,1901,99,1,28,4,4,6,2,1
24585,2021,10,5,2,13,3,2,19,1901,99,1,12,1,1,3,2,1
24586,2021,10,5,2,17,3,2,12,1217,99,1,22,3,3,5,1,1
24587,2021,10,5,2,17,3,2,12,1217,99,1,25,4,4,6,1,1
24588,2021,10,5,2,15,3,2,1,108,99,1,32,5,5,7,8,2
24589,2021,10,6,3,6,2,1,1,107,99,1,31,5,5,7,1,1
24590,2021,10,6,3,14,3,2,1,101,18,1,25,4,4,6,1,1
24591,2021,10,6,3,15,3,2,1,101,10,1,35,6,6,8,1,1
24592,2021,10,6,3,16,3,2,1,103,99,2,16,2,2,4,1,1
24593,2021,10,6,3,5,1,1,1,101,7,1,27,4,4,6,1,1
24594,2021,10,6,3,12,3,2,1,101,11,1,25,4,4,6,1,1
24595,2021,10,6,3,6,2,1,1,116,99,2,25,4,4,6,5,1
24596,2021,10,6,3,6,2,1,1,108,99,1,35,6,6,8,1,1
24597,2021,10,6,3,6,2,1,1,108,99,1,25,4,4,6,1,1
24598,2021,10,6,3,14,3,2,22,2201,99,2,39,6,6,8,1,1
24599,2021,10,6,3,16,3,2,20,2004,99,2,47,8,8,10,1,1
24600,2021,10,6,3,16,3,2,20,2004,99,2,26,4,4,6,1,1
24601,2021,10,6,3,8,2,1,15,1501,99,1,29,4,4,6,1,1
24602,2021,10,6,3,8,2,1,15,1501,99,1,30,5,5,7,1,1
24603,2021,10,6,3,19,4,3,2,205,99,1,30,5,5,7,1,1
24604,2021,10,6,3,16,3,2,17,1709,99,1,27,4,4,6,1,1
24605,2021,10,6,3,16,3,2,17,1709,99,1,38,6,6,8,1,1
24606,2021,10,6,3,9,2,1,1,106,99,1,21,3,3,5,7,2
24607,2021,10,6,3,17,3,2,1,113,99,1,25,4,4,6,8,2
24608,2021,10,6,3,5,1,1,1,101,7,1,28,4,4,6,7,2
24609,2021,10,6,3,9,2,1,1,115,99,1,17,2,2,4,7,2
24610,2021,10,6,3,7,2,1,6,601,99,1,52,9,9,11,7,2
24611,2021,10,6,3,19,4,3,12,1201,99,2,17,2,2,4,7,2
24612,2021,10,6,3,11,2,1,2,201,99,1,41,7,7,9,7,2
24613,2021,10,7,4,0,1,1,1,101,1,1,30,5,5,7,2,1
24614,2021,10,7,4,18,4,3,1,101,17,1,42,7,7,9,1,1
24615,2021,10,7,4,18,4,3,1,101,17,1,23,3,3,5,1,1
24616,2021,10,7,4,19,4,3,1,115,99,1,27,4,4,6,1,1
24617,2021,10,7,4,11,2,1,1,115,99,1,23,3,3,5,1,1
24618,2021,10,7,4,21,4,3,1,108,99,1,27,4,4,6,1,1
24619,2021,10,7,4,14,3,2,21,2101,99,2,23,3,3,5,1,1
24620,2021,10,7,4,14,3,2,21,2101,99,1,64,11,11,13,1,1
24621,2021,10,7,4,18,4,3,10,1001,99,1,19,2,2,4,1,1
24622,2021,10,7,4,18,4,3,10,1001,99,1,21,3,3,5,1,1
24623,2021,10,7,4,18,4,3,10,1001,99,2,25,4,4,6,1,1
24624,2021,10,7,4,15,3,2,1,101,8,1,29,4,4,6,8,2
24625,2021,10,7,4,18,4,3,1,101,17,2,22,3,3,5,7,2
24626,2021,10,7,4,18,4,3,1,101,17,1,18,2,2,4,7,2
24627,2021,10,7,4,18,4,3,1,101,17,1,14,1,1,3,7,2
24628,2021,10,7,4,18,4,3,1,101,17,2,3,1,1,1,7,2
24629,2021,10,7,4,14,3,2,1,107,99,1,45,8,8,10,8,2
24630,2021,10,6,3,6,2,1,1,108,99,1,38,6,6,8,7,2
24631,2021,10,7,4,21,4,3,1,108,99,1,21,3,3,5,7,2
24632,2021,10,7,4,14,3,2,21,2101,99,2,3,1,1,1,7,2
24633,2021,10,7,4,22,4,3,4,415,99,1,24,3,3,5,8,2
24634,2021,10,8,5,14,3,2,1,101,17,1,44,7,7,9,1,1
24635,2021,10,8,5,4,1,1,1,101,12,1,25,4,4,6,1,1
24636,2021,10,8,5,17,3,2,1,101,12,1,23,3,3,5,1,1
24637,2021,10,8,5,17,3,2,1,101,12,2,22,3,3,5,1,1
24638,2021,10,8,5,16,3,2,1,108,99,1,35,6,6,8,1,1
24639,2021,10,8,5,17,3,2,6,601,99,1,46,8,8,10,1,1
24640,2021,10,8,5,18,4,3,10,1015,99,2,35,6,6,8,2,1
24641,2021,10,8,5,18,4,3,10,1015,99,1,47,8,8,10,2,1
24642,2021,10,8,5,13,3,2,9,922,99,1,21,3,3,5,1,1
24643,2021,10,8,5,10,2,1,13,1318,99,2,38,6,6,8,3,1
24644,2021,10,8,5,12,3,2,18,1804,99,1,44,7,7,9,1,1
24645,2021,10,8,5,18,4,3,4,401,99,2,28,4,4,6,1,1
24646,2021,10,8,5,9,2,1,1,101,9,1,32,5,5,7,7,2
24647,2021,10,8,5,15,3,2,1,101,5,2,13,1,1,3,9,2
24648,2021,10,8,5,4,1,1,1,101,12,1,25,4,4,6,7,2
24649,2021,10,8,5,16,3,2,1,115,99,1,26,4,4,6,9,2
24650,2021,10,8,5,5,1,1,1,108,99,2,41,7,7,9,8,2
24651,2021,10,8,5,16,3,2,1,108,99,1,11,1,1,3,7,2
24652,2021,10,8,5,9,2,1,5,501,99,2,12,1,1,3,8,2
24653,2021,10,8,5,22,4,3,11,1101,99,1,39,6,6,8,8,2
24654,2021,10,8,5,8,2,1,15,1503,99,2,32,5,5,7,7,2
24655,2021,10,8,5,17,3,2,17,1705,99,1,18,2,2,4,7,2
24656,2021,10,9,6,16,3,2,1,113,99,2,59,10,10,12,1,1
24657,2021,10,9,6,23,4,3,1,115,99,1,41,7,7,9,2,1
24658,2021,10,9,6,20,4,3,20,2008,99,1,58,10,10,12,1,1
24659,2021,10,9,6,11,2,1,19,1901,99,1,22,3,3,5,1,1
24660,2021,10,9,6,6,2,1,5,501,99,2,30,5,5,7,5,1
24661,2021,10,9,6,18,4,3,6,602,99,1,53,9,9,11,1,1
24662,2021,10,9,6,13,3,2,11,1109,99,1,32,5,5,7,1,1
24663,2021,10,9,6,6,2,1,13,1323,99,2,17,2,2,4,1,1
24664,2021,10,9,6,23,4,3,16,1601,99,1,33,5,5,7,1,1
24665,2021,10,9,6,7,2,1,3,309,99,2,41,7,7,9,5,1
24666,2021,10,9,6,23,4,3,1,107,99,2,25,4,4,6,7,2
24667,2021,10,9,6,16,3,2,1,113,99,2,28,4,4,6,7,2
24668,2021,10,9,6,16,3,2,1,113,99,1,24,3,3,5,7,2
24669,2021,10,9,6,19,4,3,1,101,14,1,50,9,9,11,7,2
24670,2021,10,9,6,19,4,3,1,101,14,1,18,2,2,4,7,2
24671,2021,10,9,6,23,4,3,1,101,17,1,22,3,3,5,7,2
24672,2021,10,9,6,23,4,3,1,101,17,1,18,2,2,4,7,2
24673,2021,10,9,6,5,1,1,1,115,99,1,40,7,7,9,126,2
24674,2021,10,9,6,13,3,2,1,114,99,2,39,6,6,8,8,2
24675,2021,10,9,6,15,3,2,5,501,99,2,35,6,6,8,7,2
24676,2021,10,9,6,15,3,2,5,501,99,2,19,2,2,4,7,2
24677,2021,10,9,6,10,2,1,5,502,99,1,33,5,5,7,7,2
24678,2021,10,9,6,18,4,3,6,602,99,1,19,2,2,4,7,2
24679,2021,10,9,6,15,3,2,6,602,99,1,27,4,4,6,7,2
24680,2021,10,9,6,13,3,2,11,1109,99,2,36,6,6,8,7,2
24681,2021,10,9,6,19,4,3,17,1705,99,1,27,4,4,6,7,2
24682,2021,10,9,6,10,2,1,1,103,99,2,22,3,3,5,9,2
24683,2021,10,9,6,18,4,3,1,101,12,1,42,7,7,9,9,2
24684,2021,10,9,6,22,4,3,21,2101,99,1,39,6,6,8,9,2
24685,2021,10,9,6,22,4,3,21,2101,99,2,30,5,5,7,9,2
24686,2021,10,10,7,0,1,1,1,101,19,2,23,3,3,5,2,1
24687,2021,10,10,7,0,1,1,22,2211,99,1,27,4,4,6,1,1
24688,2021,10,10,7,21,4,3,20,2001,99,1,30,5,5,7,1,1
24689,2021,10,10,7,19,4,3,5,513,99,1,22,3,3,5,1,1
24690,2021,10,10,7,19,4,3,5,513,99,1,41,7,7,9,1,1
24691,2021,10,10,7,17,3,2,6,610,99,1,45,8,8,10,1,1
24692,2021,10,10,7,21,4,3,6,608,99,1,22,3,3,5,1,1
24693,2021,10,10,7,21,4,3,6,608,99,1,19,2,2,4,1,1
24694,2021,10,10,7,21,4,3,6,608,99,1,18,2,2,4,1,1
24695,2021,10,10,7,20,4,3,9,917,99,1,22,3,3,5,1,1
24696,2021,10,10,7,20,4,3,9,917,99,1,28,4,4,6,1,1
24697,2021,10,10,7,19,4,3,17,1705,99,1,79,11,14,16,2,1
24698,2021,10,10,7,18,4,3,17,1712,99,1,24,3,3,5,2,1
24699,2021,10,10,7,10,2,1,1,101,6,1,25,4,4,6,7,2
24700,2021,10,10,7,19,4,3,1,101,18,1,21,3,3,5,7,2
24701,2021,10,10,7,20,4,3,1,105,99,1,36,6,6,8,8,2
24702,2021,10,10,7,0,1,1,1,108,99,1,32,5,5,7,8,2
24703,2021,10,10,7,12,3,2,1,108,99,1,21,3,3,5,7,2
24704,2021,10,10,7,12,3,2,1,108,99,1,18,2,2,4,1,1
24705,2021,10,10,7,12,3,2,1,108,99,1,26,4,4,6,7,2
24706,2021,10,10,7,12,3,2,1,108,99,1,22,3,3,5,7,2
24707,2021,10,10,7,18,4,3,16,1615,99,2,17,2,2,4,7,2
24708,2021,10,10,7,18,4,3,16,1615,99,2,999,12,16,18,7,2
24709,2021,10,10,7,22,4,3,5,511,99,1,29,4,4,6,7,2
24710,2021,10,11,1,0,1,1,1,101,4,1,30,5,5,7,1,1
24711,2021,10,11,1,8,2,1,1,101,6,1,999,12,16,18,3,1
24712,2021,10,11,1,23,4,3,1,101,4,1,40,7,7,9,3,1
24713,2021,10,11,1,1,1,1,1,101,5,1,20,3,3,5,1,1
24714,2021,10,11,1,1,1,1,1,101,5,2,21,3,3,5,1,1
24715,2021,10,11,1,17,3,2,1,103,99,1,45,8,8,10,1,1
24716,2021,10,11,1,19,4,3,1,101,11,1,58,10,10,12,1,1
24717,2021,10,11,1,7,2,1,5,509,99,1,35,6,6,8,1,1
24718,2021,10,11,1,6,2,1,6,601,99,1,34,5,5,7,1,1
24719,2021,10,11,1,21,4,3,11,1107,99,1,27,4,4,6,1,1
24720,2021,10,11,1,2,1,1,9,920,99,1,22,3,3,5,1,1
24721,2021,10,11,1,7,2,1,12,1211,99,1,25,4,4,6,2,1
24722,2021,10,11,1,14,3,2,8,806,99,1,53,9,9,11,1,1
24723,2021,10,11,1,16,3,2,18,1801,99,2,31,5,5,7,1,1
24724,2021,10,11,1,7,2,1,17,1705,99,1,27,4,4,6,1,1
24725,2021,10,11,1,14,3,2,3,304,99,1,18,2,2,4,1,1
24726,2021,10,11,1,14,3,2,3,304,99,1,39,6,6,8,1,1
24727,2021,10,11,1,1,1,1,1,101,1,1,45,8,8,10,7,2
24728,2021,10,11,1,23,4,3,1,101,18,1,33,5,5,7,7,2
24729,2021,10,11,1,1,1,1,1,101,5,1,46,8,8,10,7,2
24730,2021,10,11,1,18,4,3,1,101,7,1,39,6,6,8,7,2
24731,2021,10,11,1,19,4,3,1,101,11,1,38,6,6,8,7,2
24732,2021,10,11,1,22,4,3,1,115,99,1,17,2,2,4,126,2
24733,2021,10,11,1,8,2,1,1,108,99,1,19,2,2,4,8,2
24734,2021,10,11,1,3,1,1,5,509,99,1,37,6,6,8,9,2
24735,2021,10,11,1,1,1,1,5,513,99,1,33,5,5,7,7,2
24736,2021,10,11,1,1,1,1,5,513,99,1,19,2,2,4,7,2
24737,2021,10,12,2,20,4,3,1,101,18,1,33,5,5,7,1,1
24738,2021,10,12,2,6,2,1,1,116,99,2,17,2,2,4,5,1
24739,2021,10,12,2,10,2,1,1,101,6,1,38,6,6,8,1,1
24740,2021,10,12,2,23,4,3,20,2001,99,1,20,3,3,5,1,1
24741,2021,10,12,2,12,3,2,12,1216,99,1,30,5,5,7,1,1
24742,2021,10,12,2,23,4,3,1,108,99,1,17,2,2,4,8,2
24743,2021,10,12,2,20,4,3,19,1903,99,1,55,10,10,12,7,2
24744,2021,10,12,2,5,1,1,6,611,99,1,30,5,5,7,7,2
24745,2021,10,12,2,15,3,2,17,1706,99,1,48,8,8,10,8,2
24746,2021,10,13,3,10,2,1,1,101,4,1,60,11,11,13,1,1
24747,2021,10,13,3,10,2,1,9,901,99,1,41,7,7,9,1,1
24748,2021,10,13,3,23,4,3,1,101,7,1,42,7,7,9,1,1
24749,2021,10,13,3,10,2,1,1,101,12,1,26,4,4,6,7,2
24750,2021,10,13,3,14,3,2,1,117,99,1,20,3,3,5,9,2
24751,2021,10,13,3,18,4,3,5,507,99,1,26,4,4,6,8,2
24752,2021,10,14,4,17,3,2,1,101,14,1,60,11,11,13,1,1
24753,2021,10,14,4,17,3,2,1,101,14,2,59,10,10,12,5,1
24754,2021,10,14,4,22,4,3,1,101,11,2,30,5,5,7,1,1
24755,2021,10,14,4,22,4,3,1,101,11,1,30,5,5,7,1,1
24756,2021,10,14,4,21,4,3,1,108,99,1,21,3,3,5,1,1
24757,2021,10,14,4,16,3,2,1,116,99,1,28,4,4,6,1,1
24758,2021,10,14,4,16,3,2,1,116,99,1,17,2,2,4,7,2
24759,2021,10,14,4,16,3,2,1,115,99,1,23,3,3,5,1,1
24760,2021,10,14,4,19,4,3,1,108,99,1,42,7,7,9,1,1
24761,2021,10,14,4,9,2,1,20,2004,99,1,80,11,15,17,2,1
24762,2021,10,14,4,20,4,3,19,1901,99,1,27,4,4,6,1,1
24763,2021,10,14,4,21,4,3,11,1101,99,2,26,4,4,6,1,1
24764,2021,10,14,4,17,3,2,11,1108,99,1,33,5,5,7,1,1
24765,2021,10,14,4,17,3,2,4,401,99,2,23,3,3,5,1,1
24766,2021,10,14,4,15,3,2,5,502,99,1,40,7,7,9,1,1
24767,2021,10,14,4,19,4,3,1,108,99,1,45,8,8,10,7,2
24768,2021,10,14,4,19,4,3,1,108,99,1,27,4,4,6,7,2
24769,2021,10,14,4,19,4,3,1,108,99,1,48,8,8,10,7,2
24770,2021,10,14,4,19,4,3,1,108,99,1,35,6,6,8,7,2
24771,2021,10,14,4,8,2,1,3,303,99,1,999,12,16,18,7,2
24772,2021,10,14,4,21,4,3,22,2201,99,1,24,3,3,5,8,2
24773,2021,10,14,4,18,4,3,1,108,99,1,999,12,16,18,8,2
24774,2021,10,14,4,19,4,3,6,602,99,1,999,12,16,18,7,2
24775,2021,10,14,4,23,4,3,1,101,5,1,27,4,4,6,9,2
24776,2021,10,14,4,23,4,3,1,101,12,1,30,5,5,7,8,2
24777,2021,10,14,4,22,4,3,1,101,14,1,35,6,6,8,9,2
24778,2021,10,14,4,22,4,3,1,101,14,2,25,4,4,6,9,2
24779,2021,10,15,5,15,3,2,1,101,1,1,20,3,3,5,1,1
24780,2021,10,15,5,18,4,3,1,101,18,1,52,9,9,11,1,1
24781,2021,10,15,5,18,4,3,1,101,18,1,50,9,9,11,1,1
24782,2021,10,15,5,18,4,3,1,101,18,1,19,2,2,4,1,1
24783,2021,10,15,5,14,3,2,18,1801,99,1,25,4,4,6,1,1
24784,2021,10,15,5,5,1,1,17,1703,99,1,20,3,3,5,3,1
24785,2021,10,15,5,5,1,1,4,415,99,2,35,6,6,8,1,1
24786,2021,10,15,5,7,2,1,1,101,1,1,25,4,4,6,8,2
24787,2021,10,15,5,10,2,1,1,101,4,1,27,4,4,6,9,2
24788,2021,10,15,5,18,4,3,1,101,18,1,32,5,5,7,7,2
24789,2021,10,15,5,0,1,1,19,1904,99,2,56,10,10,12,7,2
24790,2021,10,15,5,17,3,2,1,101,1,1,40,7,7,9,7,2
24791,2021,10,14,4,19,4,3,1,108,99,1,23,3,3,5,7,2
24792,2021,10,14,4,19,4,3,1,108,99,1,49,8,8,10,7,2
24793,2021,10,15,5,12,3,2,1,109,99,1,23,3,3,5,7,2
24794,2021,10,15,5,22,4,3,5,502,99,1,22,3,3,5,8,2
24795,2021,10,15,5,23,4,3,18,1803,99,1,49,8,8,10,8,2
24796,2021,10,16,6,20,4,3,1,101,6,1,42,7,7,9,1,1
24797,2021,10,16,6,20,4,3,1,115,99,2,58,10,10,12,1,1
24798,2021,10,16,6,20,4,3,1,115,99,1,22,3,3,5,1,1
24799,2021,10,16,6,20,4,3,1,115,99,1,60,11,11,13,1,1
24800,2021,10,16,6,8,2,1,1,114,99,1,33,5,5,7,1,1
24801,2021,10,16,6,20,4,3,1,110,99,1,32,5,5,7,2,1
24802,2021,10,16,6,20,4,3,22,2201,99,2,32,5,5,7,1,1
24803,2021,10,16,6,9,2,1,21,2101,99,1,69,11,12,14,1,1
24804,2021,10,16,6,9,2,1,20,2004,99,1,40,7,7,9,5,1
24805,2021,10,16,6,23,4,3,20,2006,99,1,999,12,16,18,2,1
24806,2021,10,16,6,22,4,3,13,1311,99,1,16,2,2,4,1,1
24807,2021,10,16,6,13,3,2,18,1801,99,1,20,3,3,5,1,1
24808,2021,10,16,6,20,4,3,4,408,99,1,20,3,3,5,1,1
24809,2021,10,16,6,2,1,1,1,101,18,1,28,4,4,6,7,2
24810,2021,10,16,6,20,4,3,1,101,6,1,28,4,4,6,7,2
24811,2021,10,16,6,8,2,1,1,101,5,1,56,10,10,12,7,2
24812,2021,10,16,6,0,1,1,1,101,5,1,53,9,9,11,7,2
24813,2021,10,16,6,1,1,1,1,115,99,1,25,4,4,6,8,2
24814,2021,10,16,6,20,4,3,22,2201,99,1,30,5,5,7,7,2
24815,2021,10,16,6,19,4,3,4,409,99,1,24,3,3,5,126,2
24816,2021,10,16,6,19,4,3,4,409,99,1,27,4,4,6,126,2
24817,2021,10,16,6,19,4,3,21,2101,99,1,29,4,4,6,7,2
24818,2021,10,17,7,16,3,2,1,101,6,1,20,3,3,5,1,1
24819,2021,10,17,7,16,3,2,1,101,6,1,30,5,5,7,1,1
24820,2021,10,17,7,18,4,3,1,113,99,1,70,11,13,15,1,1
24821,2021,10,17,7,10,2,1,1,114,99,1,999,12,16,18,5,1
24822,2021,10,17,7,18,4,3,1,116,99,1,26,4,4,6,1,1
24823,2021,10,17,7,18,4,3,1,117,99,1,15,2,2,4,1,1
24824,2021,10,17,7,18,4,3,1,117,99,1,18,2,2,4,1,1
24825,2021,10,17,7,18,4,3,1,117,99,1,14,1,1,3,1,1
24826,2021,10,17,7,21,4,3,1,116,99,2,46,8,8,10,1,1
24827,2021,10,17,7,3,1,1,1,110,99,1,25,4,4,6,3,1
24828,2021,10,17,7,19,4,3,1,108,99,1,20,3,3,5,2,1
24829,2021,10,17,7,2,1,1,22,2210,99,1,65,11,12,14,2,1
24830,2021,10,17,7,12,3,2,21,2101,99,2,48,8,8,10,1,1
24831,2021,10,17,7,20,4,3,19,1901,99,1,29,4,4,6,1,1
24832,2021,10,17,7,9,2,1,5,501,99,1,47,8,8,10,5,1
24833,2021,10,17,7,17,3,2,5,513,99,1,64,11,11,13,1,1
24834,2021,10,17,7,18,4,3,2,201,99,1,53,9,9,11,1,1
24835,2021,10,17,7,10,2,1,18,1804,99,1,70,11,13,15,2,1
24836,2021,10,17,7,22,4,3,1,115,99,1,28,4,4,6,1,1
24837,2021,10,17,7,21,4,3,1,101,1,1,20,3,3,5,8,2
24838,2021,10,17,7,9,2,1,1,107,99,1,69,11,12,14,9,2
24839,2021,10,17,7,9,2,1,1,105,99,1,14,1,1,3,9,2
24840,2021,10,17,7,15,3,2,1,101,16,1,37,6,6,8,9,2
24841,2021,10,17,7,18,4,3,1,116,99,1,19,2,2,4,7,2
24842,2021,10,17,7,21,4,3,1,116,99,2,22,3,3,5,7,2
24843,2021,10,17,7,15,3,2,1,116,99,1,40,7,7,9,8,2
24844,2021,10,17,7,20,4,3,1,116,99,1,24,3,3,5,7,2
24845,2021,10,17,7,23,4,3,1,108,99,1,19,2,2,4,8,2
24846,2021,10,17,7,7,2,1,22,2215,99,1,78,11,14,16,7,2
24847,2021,10,17,7,12,3,2,21,2101,99,2,41,7,7,9,7,2
24848,2021,10,17,7,15,3,2,19,1903,99,1,43,7,7,9,7,2
24849,2021,10,17,7,15,3,2,19,1903,99,1,26,4,4,6,7,2
24850,2021,10,17,7,21,4,3,5,507,99,1,50,9,9,11,8,2
24851,2021,10,17,7,21,4,3,18,1805,99,1,30,5,5,7,1,1
24852,2021,10,17,7,0,1,1,14,1413,99,1,48,8,8,10,8,2
24853,2021,10,18,1,12,3,2,1,101,2,2,78,11,14,16,3,1
24854,2021,10,18,1,19,4,3,5,513,99,1,30,5,5,7,1,1
24855,2021,10,18,1,17,3,2,12,1220,99,1,21,3,3,5,1,1
24856,2021,10,18,1,0,1,1,18,1804,99,2,34,5,5,7,1,1
24857,2021,10,18,1,0,1,1,18,1804,99,2,51,9,9,11,1,1
24858,2021,10,18,1,10,2,1,18,1805,99,2,34,5,5,7,1,1
24859,2021,10,18,1,21,4,3,18,1801,99,1,30,5,5,7,1,1
24860,2021,10,18,1,21,4,3,1,101,1,1,25,4,4,6,8,2
24861,2021,10,18,1,6,2,1,21,2101,99,1,30,5,5,7,8,2
24862,2021,10,18,1,0,1,1,18,1804,99,1,30,5,5,7,7,2
24863,2021,10,18,1,18,4,3,7,705,99,1,40,7,7,9,7,2
24864,2021,10,19,2,14,3,2,21,2101,99,2,73,11,13,15,1,1
24865,2021,10,19,2,22,4,3,20,2006,99,1,13,1,1,3,2,1
24866,2021,10,19,2,8,2,1,12,1215,99,2,15,2,2,4,1,1
24867,2021,10,19,2,22,4,3,19,1901,99,1,45,8,8,10,8,2
24868,2021,10,19,2,17,3,2,1,101,1,1,999,12,16,18,9,2
24869,2021,10,19,2,17,3,2,1,101,1,1,999,12,16,18,9,2
24870,2021,10,19,2,17,3,2,1,101,1,1,999,12,16,18,9,2
24871,2021,10,19,2,17,3,2,1,101,1,1,51,9,9,11,9,2
24872,2021,10,19,2,10,2,1,18,1803,99,1,33,5,5,7,9,2
24873,2021,10,20,3,3,1,1,1,101,10,1,999,12,16,18,3,1
24874,2021,10,20,3,15,3,2,1,108,99,1,17,2,2,4,1,1
24875,2021,10,20,3,15,3,2,1,108,99,1,24,3,3,5,1,1
24876,2021,10,20,3,3,1,1,5,506,99,1,26,4,4,6,1,1
24877,2021,10,20,3,20,4,3,5,513,99,1,32,5,5,7,1,1
24878,2021,10,20,3,7,2,1,6,604,99,2,47,8,8,10,1,1
24879,2021,10,20,3,7,2,1,18,1802,99,1,31,5,5,7,1,1
24880,2021,10,20,3,23,4,3,1,101,10,1,36,6,6,8,8,2
24881,2021,10,20,3,6,2,1,1,115,99,1,17,2,2,4,7,2
24882,2021,10,20,3,12,3,2,1,117,99,1,28,4,4,6,7,2
24883,2021,10,20,3,20,4,3,5,513,99,1,30,5,5,7,1,1
24884,2021,10,20,3,19,4,3,11,1104,99,1,28,4,4,6,7,2
24885,2021,10,20,3,21,4,3,16,1601,99,1,30,5,5,7,8,2
24886,2021,10,20,3,0,1,1,4,401,99,1,19,2,2,4,8,2
24887,2021,10,21,4,16,3,2,1,101,1,1,22,3,3,5,1,1
24888,2021,10,21,4,11,2,1,1,117,99,1,33,5,5,7,1,1
24889,2021,10,21,4,12,3,2,1,115,99,1,52,9,9,11,1,1
24890,2021,10,21,4,19,4,3,1,108,99,1,30,5,5,7,1,1
24891,2021,10,21,4,14,3,2,22,2216,99,1,28,4,4,6,1,1
24892,2021,10,21,4,21,4,3,20,2001,99,1,41,7,7,9,1,1
24893,2021,10,21,4,20,4,3,5,509,99,1,19,2,2,4,1,1
24894,2021,10,21,4,12,3,2,1,115,99,1,16,2,2,4,7,2
24895,2021,10,21,4,12,3,2,1,115,99,1,18,2,2,4,7,2
24896,2021,10,21,4,11,2,1,1,117,99,1,28,4,4,6,7,2
24897,2021,10,21,4,20,4,3,5,509,99,1,19,2,2,4,1,1
24898,2021,10,21,4,19,4,3,11,1102,99,1,54,9,9,11,1,1
24899,2021,10,21,4,19,4,3,11,1108,99,1,18,2,2,4,1,1
24900,2021,10,21,4,0,1,1,4,401,99,1,19,2,2,4,8,2
24901,2021,10,22,5,13,3,2,1,101,8,1,32,5,5,7,1,1
24902,2021,10,22,5,13,3,2,1,101,8,1,35,6,6,8,1,1
24903,2021,10,22,5,13,3,2,1,101,8,1,22,3,3,5,1,1
24904,2021,10,22,5,18,4,3,1,101,5,1,20,3,3,5,1,1
24905,2021,10,22,5,21,4,3,1,101,7,1,22,3,3,5,1,1
24906,2021,10,22,5,13,3,2,1,108,99,1,38,6,6,8,1,1
24907,2021,10,22,5,22,4,3,1,108,99,1,23,3,3,5,1,1
24908,2021,10,22,5,13,3,2,21,2103,99,2,47,8,8,10,1,1
24909,2021,10,22,5,11,2,1,19,1909,99,1,29,4,4,6,1,1
24910,2021,10,22,5,14,3,2,19,1901,99,1,10,1,1,3,1,1
24911,2021,10,22,5,4,1,1,5,502,99,1,63,11,11,13,1,1
24912,2021,10,22,5,18,4,3,5,506,99,1,26,4,4,6,1,1
24913,2021,10,22,5,15,3,2,6,609,99,1,30,5,5,7,1,1
24914,2021,10,22,5,19,4,3,10,1001,99,1,25,4,4,6,1,1
24915,2021,10,22,5,12,3,2,13,1301,99,1,36,6,6,8,1,1
24916,2021,10,22,5,8,2,1,17,1705,99,1,23,3,3,5,1,1
24917,2021,10,22,5,13,3,2,1,101,8,1,25,4,4,6,7,2
24918,2021,10,22,5,13,3,2,1,101,8,1,27,4,4,6,7,2
24919,2021,10,22,5,0,1,1,1,101,1,1,36,6,6,8,8,2
24920,2021,10,22,5,20,4,3,1,101,1,1,27,4,4,6,7,2
24921,2021,10,22,5,19,4,3,1,101,7,1,26,4,4,6,7,2
24922,2021,10,22,5,11,2,1,18,1803,99,1,38,6,6,8,9,2
24923,2021,10,22,5,11,2,1,18,1803,99,1,34,5,5,7,9,2
24924,2021,10,22,5,11,2,1,18,1803,99,1,999,12,16,18,9,2
24925,2021,10,22,5,11,2,1,18,1803,99,1,34,5,5,7,9,2
24926,2021,10,22,5,11,2,1,18,1803,99,1,29,4,4,6,9,2
24927,2021,10,22,5,11,2,1,18,1803,99,1,40,7,7,9,9,2
24928,2021,10,22,5,11,2,1,18,1803,99,1,42,7,7,9,9,2
24929,2021,10,22,5,11,2,1,18,1803,99,2,999,12,16,18,9,2
24930,2021,10,22,5,11,2,1,18,1803,99,1,999,12,16,18,9,2
24931,2021,10,22,5,11,2,1,18,1803,99,1,999,12,16,18,9,2
24932,2021,10,22,5,11,2,1,18,1803,99,1,999,12,16,18,7,2
24933,2021,10,22,5,11,2,1,18,1803,99,1,32,5,5,7,9,2
24934,2021,10,22,5,11,2,1,18,1803,99,1,31,5,5,7,9,2
24935,2021,10,22,5,11,2,1,18,1803,99,1,31,5,5,7,9,2
24936,2021,10,22,5,11,2,1,18,1803,99,1,999,12,16,18,9,2
24937,2021,10,22,5,11,2,1,18,1803,99,1,999,12,16,18,9,2
24938,2021,10,23,6,11,2,1,1,101,18,1,43,7,7,9,1,1
24939,2021,10,23,6,11,2,1,1,101,18,1,22,3,3,5,1,1
24940,2021,10,23,6,20,4,3,1,107,99,1,19,2,2,4,2,1
24941,2021,10,23,6,22,4,3,1,106,99,1,20,3,3,5,1,1
24942,2021,10,23,6,10,2,1,1,115,99,1,20,3,3,5,5,1
24943,2021,10,23,6,16,3,2,19,1904,99,1,68,11,12,14,2,1
24944,2021,10,23,6,17,3,2,5,503,99,1,28,4,4,6,1,1
24945,2021,10,23,6,22,4,3,11,1109,99,1,25,4,4,6,1,1
24946,2021,10,23,6,9,2,1,16,1601,99,1,20,3,3,5,1,1
24947,2021,10,23,6,15,3,2,16,1603,99,1,29,4,4,6,1,1
24948,2021,10,23,6,7,2,1,4,408,99,1,39,6,6,8,1,1
24949,2021,10,23,6,17,3,2,4,401,99,1,15,2,2,4,1,1
24950,2021,10,23,6,17,3,2,3,301,99,1,33,5,5,7,2,1
24951,2021,10,23,6,6,2,1,1,101,1,1,20,3,3,5,8,2
24952,2021,10,23,6,18,4,3,1,101,4,1,25,4,4,6,9,2
24953,2021,10,23,6,16,3,2,1,101,1,1,21,3,3,5,8,2
24954,2021,10,23,6,20,4,3,1,101,18,2,30,5,5,7,7,2
24955,2021,10,23,6,20,4,3,1,107,99,1,21,3,3,5,7,2
24956,2021,10,23,6,9,2,1,1,101,18,1,30,5,5,7,9,2
24957,2021,10,23,6,21,4,3,22,2201,99,1,999,12,16,18,9,2
24958,2021,10,23,6,22,4,3,11,1109,99,1,30,5,5,7,7,2
24959,2021,10,23,6,22,4,3,11,1109,99,1,20,3,3,5,7,2
24960,2021,10,23,6,18,4,3,13,1328,99,1,77,11,14,16,9,2
24961,2021,10,23,6,7,2,1,18,1803,99,1,36,6,6,8,7,2
24962,2021,10,23,6,7,2,1,18,1803,99,1,33,5,5,7,7,2
24963,2021,10,23,6,7,2,1,18,1803,99,1,27,4,4,6,7,2
24964,2021,10,23,6,7,2,1,4,408,99,1,39,6,6,8,7,2
24965,2021,10,24,7,19,4,3,1,101,8,1,42,7,7,9,2,1
24966,2021,10,24,7,18,4,3,1,101,21,1,16,2,2,4,1,1
24967,2021,10,24,7,18,4,3,1,115,99,1,29,4,4,6,2,1
24968,2021,10,24,7,16,3,2,1,108,99,1,26,4,4,6,1,1
24969,2021,10,24,7,22,4,3,20,2001,99,2,18,2,2,4,1,1
24970,2021,10,24,7,13,3,2,12,1230,99,1,32,5,5,7,1,1
24971,2021,10,24,7,18,4,3,18,1801,99,1,41,7,7,9,1,1
24972,2021,10,24,7,15,3,2,17,1704,99,1,42,7,7,9,2,1
24973,2021,10,24,7,10,2,1,4,401,99,1,22,3,3,5,1,1
24974,2021,10,24,7,0,1,1,3,309,99,1,39,6,6,8,2,1
24975,2021,10,24,7,13,3,2,1,101,25,1,32,5,5,7,9,2
24976,2021,10,24,7,21,4,3,1,113,99,2,16,2,2,4,8,2
24977,2021,10,24,7,2,1,1,1,101,21,1,26,4,4,6,8,2
24978,2021,10,24,7,16,3,2,21,2101,99,2,26,4,4,6,9,2
24979,2021,10,24,7,22,4,3,20,2001,99,1,21,3,3,5,7,2
24980,2021,10,24,7,19,4,3,5,507,99,1,18,2,2,4,7,2
24981,2021,10,24,7,19,4,3,5,507,99,1,30,5,5,7,7,2
24982,2021,10,24,7,13,3,2,12,1230,99,1,22,3,3,5,7,2
24983,2021,10,24,7,0,1,1,13,1301,99,2,25,4,4,6,9,2
24984,2021,10,24,7,6,2,1,17,1703,99,2,999,12,16,18,9,2
24985,2021,10,24,7,18,4,3,3,304,99,2,28,4,4,6,7,2
24986,2021,10,25,1,2,1,1,1,101,10,1,30,5,5,7,1,1
24987,2021,10,25,1,12,3,2,20,2001,99,1,32,5,5,7,1,1
24988,2021,10,25,1,19,4,3,6,608,99,1,36,6,6,8,2,1
24989,2021,10,25,1,11,2,1,9,901,99,1,999,12,16,18,1,1
24990,2021,10,25,1,11,2,1,9,901,99,1,20,3,3,5,1,1
24991,2021,10,25,1,11,2,1,9,901,99,1,28,4,4,6,1,1
24992,2021,10,25,1,11,2,1,9,901,99,1,25,4,4,6,1,1
24993,2021,10,25,1,2,1,1,1,101,10,2,33,5,5,7,7,2
24994,2021,10,25,1,20,4,3,10,1020,99,1,17,2,2,4,7,2
24995,2021,10,25,1,22,4,3,16,1616,99,1,24,3,3,5,7,2
24996,2021,10,26,2,12,3,2,1,101,6,1,65,11,12,14,7,2
24997,2021,10,26,2,9,2,1,1,115,99,1,30,5,5,7,1,1
24998,2021,10,26,2,12,3,2,1,101,6,1,37,6,6,8,1,1
24999,2021,10,26,2,7,2,1,17,1703,99,2,14,1,1,3,9,2
25000,2021,10,27,3,5,1,1,1,101,24,1,40,7,7,9,1,1
25001,2021,10,27,3,20,4,3,1,117,99,2,24,3,3,5,1,1
25002,2021,10,27,3,21,4,3,9,920,99,1,20,3,3,5,1,1
25003,2021,10,27,3,23,4,3,1,115,99,1,48,8,8,10,8,2
25004,2021,10,27,3,7,2,1,11,1109,99,1,41,7,7,9,7,2
25005,2021,10,27,3,21,4,3,9,922,99,1,25,4,4,6,7,2
25006,2021,10,27,3,21,4,3,9,922,99,1,30,5,5,7,7,2
25007,2021,10,27,3,19,4,3,17,1705,99,2,14,1,1,3,9,2
25008,2021,10,28,4,20,4,3,1,101,2,2,48,8,8,10,1,1
25009,2021,10,28,4,18,4,3,1,101,18,1,52,9,9,11,1,1
25010,2021,10,28,4,14,3,2,1,115,99,2,28,4,4,6,1,1
25011,2021,10,28,4,18,4,3,5,501,99,2,35,6,6,8,1,1
25012,2021,10,28,4,17,3,2,1,101,8,1,51,9,9,11,8,2
25013,2021,10,28,4,18,4,3,1,101,18,1,26,4,4,6,7,2
25014,2021,10,28,4,0,1,1,1,105,99,2,35,6,6,8,8,2
25015,2021,10,28,4,14,3,2,1,115,99,1,58,10,10,12,7,2
25016,2021,10,28,4,14,3,2,1,114,99,1,21,3,3,5,1,1
25017,2021,10,28,4,10,2,1,1,117,99,1,55,10,10,12,8,2
25018,2021,10,28,4,20,4,3,1,116,99,1,17,2,2,4,9,2
25019,2021,10,28,4,14,3,2,22,2203,99,1,27,4,4,6,7,2
25020,2021,10,28,4,14,3,2,22,2203,99,2,44,7,7,9,7,2
25021,2021,10,29,5,19,4,3,1,107,99,1,22,3,3,5,1,1
25022,2021,10,29,5,19,4,3,1,101,18,1,19,2,2,4,1,1
25023,2021,10,29,5,19,4,3,1,101,18,1,21,3,3,5,1,1
25024,2021,10,29,5,19,4,3,1,101,18,1,36,6,6,8,1,1
25025,2021,10,29,5,19,4,3,1,101,18,1,35,6,6,8,1,1
25026,2021,10,29,5,21,4,3,1,101,19,2,999,12,16,18,1,1
25027,2021,10,29,5,18,4,3,22,2201,99,1,52,9,9,11,1,1
25028,2021,10,29,5,18,4,3,21,2101,99,1,40,7,7,9,1,1
25029,2021,10,29,5,12,3,2,20,2001,99,1,50,9,9,11,1,1
25030,2021,10,29,5,19,4,3,20,2001,99,2,24,3,3,5,1,1
25031,2021,10,29,5,21,4,3,12,1230,99,1,35,6,6,8,1,1
25032,2021,10,29,5,23,4,3,16,1601,99,1,33,5,5,7,1,1
25033,2021,10,29,5,16,3,2,1,101,18,1,46,8,8,10,7,2
25034,2021,10,29,5,2,1,1,1,116,99,1,20,3,3,5,8,2
25035,2021,10,29,5,12,3,2,20,2001,99,1,21,3,3,5,7,2
25036,2021,10,29,5,20,4,3,10,1016,99,2,25,4,4,6,9,2
25037,2021,10,29,5,2,1,1,2,203,99,1,26,4,4,6,7,2
25038,2021,10,29,5,18,4,3,20,2004,99,1,12,1,1,3,7,2
25039,2021,10,30,6,22,4,3,1,113,99,1,45,8,8,10,1,1
25040,2021,10,30,6,2,1,1,1,101,7,1,27,4,4,6,1,1
25041,2021,10,30,6,15,3,2,1,115,99,1,23,3,3,5,1,1
25042,2021,10,30,6,18,4,3,1,101,7,1,17,2,2,4,1,1
25043,2021,10,30,6,10,2,1,1,108,99,1,17,2,2,4,1,1
25044,2021,10,30,6,10,2,1,1,108,99,2,14,1,1,3,1,1
25045,2021,10,30,6,20,4,3,21,2102,99,1,78,11,14,16,1,1
25046,2021,10,30,6,20,4,3,21,2102,99,2,32,5,5,7,1,1
25047,2021,10,30,6,18,4,3,21,2101,99,1,24,3,3,5,1,1
25048,2021,10,30,6,0,1,1,20,2001,99,1,26,4,4,6,1,1
25049,2021,10,30,6,20,4,3,20,2001,99,1,40,7,7,9,1,1
25050,2021,10,30,6,20,4,3,20,2001,99,1,25,4,4,6,1,1
25051,2021,10,30,6,21,4,3,5,505,99,1,28,4,4,6,1,1
25052,2021,10,30,6,22,4,3,13,1307,99,2,56,10,10,12,1,1
25053,2021,10,30,6,22,4,3,1,101,3,1,27,4,4,6,2,1
25054,2021,10,30,6,21,4,3,1,101,18,1,20,3,3,5,7,2
25055,2021,10,30,6,21,4,3,1,101,18,2,12,1,1,3,7,2
25056,2021,10,30,6,21,4,3,1,101,18,1,24,3,3,5,7,2
25057,2021,10,30,6,22,4,3,1,101,6,1,31,5,5,7,7,2
25058,2021,10,30,6,22,4,3,1,101,18,1,42,7,7,9,8,2
25059,2021,10,30,6,19,4,3,1,101,18,1,17,2,2,4,9,2
25060,2021,10,30,6,2,1,1,1,101,7,1,19,2,2,4,7,2
25061,2021,10,30,6,18,4,3,1,101,7,1,17,2,2,4,1,1
25062,2021,10,30,6,18,4,3,1,101,7,1,19,2,2,4,7,2
25063,2021,10,30,6,19,4,3,1,108,99,1,27,4,4,6,7,2
25064,2021,10,30,6,19,4,3,1,108,99,1,19,2,2,4,7,2
25065,2021,10,30,6,23,4,3,1,101,7,1,23,3,3,5,7,2
25066,2021,10,30,6,13,3,2,18,1801,99,1,32,5,5,7,7,2
25067,2021,10,31,7,21,4,3,1,101,17,1,29,4,4,6,1,1
25068,2021,10,31,7,1,1,1,1,115,99,1,23,3,3,5,3,1
25069,2021,10,31,7,1,1,1,5,506,99,1,30,5,5,7,1,1
25070,2021,10,31,7,6,2,1,6,601,99,1,19,2,2,4,1,1
25071,2021,10,31,7,14,3,2,9,917,99,1,29,4,4,6,1,1
25072,2021,10,31,7,11,2,1,9,912,99,1,21,3,3,5,1,1
25073,2021,10,31,7,19,4,3,2,203,99,1,52,9,9,11,1,1
25074,2021,10,31,7,8,2,1,1,101,9,1,45,8,8,10,9,2
25075,2021,10,31,7,19,4,3,1,101,18,1,25,4,4,6,7,2
25076,2021,10,31,7,14,3,2,1,101,13,1,18,2,2,4,7,2
25077,2021,10,31,7,0,1,1,1,116,99,1,24,3,3,5,9,2
25078,2021,10,31,7,5,1,1,21,2102,99,2,31,5,5,7,8,2
25079,2021,10,31,7,15,3,2,5,511,99,2,42,7,7,9,7,2
25080,2021,10,31,7,11,2,1,9,912,99,1,23,3,3,5,7,2
25081,2021,10,31,7,14,3,2,13,1309,99,1,26,4,4,6,8,2
25082,2021,10,31,7,20,4,3,4,416,99,2,32,5,5,7,8,2
25083,2021,10,31,7,23,4,3,2,204,99,1,21,3,3,5,1,1
25084,2021,10,19,2,11,2,1,1,101,6,1,25,4,4,6,9,2
25085,2021,10,31,7,22,4,3,1,105,99,1,27,4,4,6,8,2
25086,2021,9,1,3,23,4,3,1,117,99,2,40,7,7,9,68,7
25087,2021,9,1,3,1,1,1,1,108,99,2,39,6,6,8,68,7
25088,2021,9,4,6,15,3,2,1,101,18,2,45,8,8,10,68,7
25089,2021,9,4,6,5,1,1,1,101,11,2,23,3,3,5,68,7
25090,2021,9,4,6,21,4,3,1,108,99,2,999,12,16,18,68,7
25091,2021,9,4,6,3,1,1,22,2201,99,2,33,5,5,7,68,7
25092,2021,9,4,6,18,4,3,16,1609,99,2,28,4,4,6,68,7
25093,2021,9,5,7,1,1,1,21,2101,99,2,999,12,16,18,68,7
25094,2021,9,5,7,21,4,3,20,2001,99,1,999,12,16,18,68,7
25095,2021,9,5,7,19,4,3,14,1419,99,2,24,3,3,5,68,7
25096,2021,9,6,1,20,4,3,1,101,6,2,45,8,8,10,68,7
25097,2021,9,6,1,19,4,3,1,115,99,2,45,8,8,10,68,7
25098,2021,9,6,1,0,1,1,2,205,99,2,50,9,9,11,68,7
25099,2021,9,6,1,0,1,1,18,1801,99,2,40,7,7,9,68,7
25100,2021,9,8,3,21,4,3,16,1610,99,1,42,7,7,9,68,7
25101,2021,9,9,4,21,4,3,12,1229,99,2,29,4,4,6,68,7
25102,2021,9,10,5,14,3,2,1,113,99,2,26,4,4,6,68,7
25103,2021,9,10,5,22,4,3,18,1804,99,2,25,4,4,6,68,7
25104,2021,9,11,6,17,3,2,10,1020,99,2,999,12,16,18,68,7
25105,2021,9,11,6,22,4,3,17,1703,99,2,7,1,1,2,68,7
25106,2021,9,12,7,16,3,2,16,1611,99,2,999,12,16,18,68,7
25107,2021,9,12,7,17,3,2,16,1605,99,2,28,4,4,6,68,7
25108,2021,9,12,7,21,4,3,16,1609,99,2,13,1,1,3,68,7
25109,2021,9,12,7,21,4,3,16,1609,99,1,9,1,1,2,68,7
25110,2021,9,12,7,21,4,3,17,1710,99,2,25,4,4,6,68,7
25111,2021,9,12,7,0,1,1,4,412,99,2,47,8,8,10,68,7
25112,2021,9,13,1,23,4,3,15,1506,99,2,39,6,6,8,68,7
25113,2021,9,14,2,23,4,3,17,1709,99,2,27,4,4,6,68,7
25114,2021,9,15,3,0,1,1,16,1609,99,2,32,5,5,7,68,7
25115,2021,9,15,3,7,2,1,16,1615,99,1,73,11,13,15,68,7
25116,2021,9,15,3,13,3,2,13,1301,99,1,15,2,2,4,68,7
25117,2021,9,15,3,0,1,1,16,1601,99,2,48,8,8,10,68,7
25118,2021,9,16,4,7,2,1,21,2101,99,2,33,5,5,7,68,7
25119,2021,9,16,4,0,1,1,13,1301,99,2,23,3,3,5,68,7
25120,2021,9,16,4,5,1,1,17,1710,99,2,45,8,8,10,68,7
25121,2021,9,16,4,2,1,1,7,701,99,2,24,3,3,5,68,7
25122,2021,9,17,5,19,4,3,10,1012,99,2,26,4,4,6,68,7
25123,2021,9,17,5,21,4,3,16,1601,99,2,29,4,4,6,68,7
25124,2021,9,18,6,21,4,3,21,2101,99,2,23,3,3,5,68,7
25125,2021,9,18,6,20,4,3,2,203,99,2,22,3,3,5,68,7
25126,2021,9,19,7,15,3,2,1,115,99,2,999,12,16,18,68,7
25127,2021,9,19,7,17,3,2,20,2004,99,2,34,5,5,7,68,7
25128,2021,9,19,7,4,1,1,3,312,99,2,25,4,4,6,68,7
25129,2021,9,20,1,6,2,1,1,116,99,2,33,5,5,7,68,7
25130,2021,9,21,2,20,4,3,16,1612,99,2,36,6,6,8,68,7
25131,2021,9,21,2,21,4,3,10,1004,99,2,21,3,3,5,68,7
25132,2021,9,21,2,21,4,3,14,1420,99,2,35,6,6,8,68,7
25133,2021,9,23,4,22,4,3,5,501,99,2,999,12,16,18,68,7
25134,2021,9,23,4,21,4,3,14,1420,99,2,19,2,2,4,68,7
25135,2021,9,23,4,22,4,3,17,1712,99,2,27,4,4,6,68,7
25136,2021,9,24,5,22,4,3,1,117,99,2,28,4,4,6,68,7
25137,2021,9,24,5,22,4,3,16,1616,99,2,21,3,3,5,68,7
25138,2021,9,24,5,22,4,3,16,1601,99,2,26,4,4,6,68,7
25139,2021,9,25,6,17,3,2,1,108,99,2,21,3,3,5,68,7
25140,2021,9,25,6,18,4,3,13,1328,99,1,51,9,9,11,68,7
25141,2021,9,25,6,21,4,3,13,1328,99,2,47,8,8,10,68,7
25142,2021,9,25,6,21,4,3,15,1501,99,2,26,4,4,6,68,7
25143,2021,9,26,7,1,1,1,1,110,99,1,57,10,10,12,68,7
25144,2021,9,26,7,20,4,3,5,514,99,1,22,3,3,5,68,7
25145,2021,9,26,7,22,4,3,1,101,6,1,37,6,6,8,68,7
25146,2021,9,26,7,17,3,2,17,1701,99,1,13,1,1,3,68,7
25147,2021,9,27,1,12,3,2,13,1307,99,1,9,1,1,2,68,7
25148,2021,9,28,2,19,4,3,22,2207,99,2,21,3,3,5,68,7
25149,2021,9,28,2,23,4,3,16,1615,99,2,41,7,7,9,68,7
25150,2021,9,28,2,16,3,2,16,1616,99,2,30,5,5,7,68,7
25151,2021,9,29,3,0,1,1,16,1612,99,2,26,4,4,6,68,7
25152,2021,9,29,3,7,2,1,15,1507,99,2,29,4,4,6,68,7
25153,2021,9,29,3,20,4,3,18,1804,99,2,999,12,16,18,68,7
25154,2021,9,29,3,22,4,3,17,1701,99,2,21,3,3,5,68,7
25155,2021,9,30,4,21,4,3,1,115,99,2,28,4,4,6,68,7
25156,2021,10,1,5,20,4,3,1,101,21,1,15,2,2,4,68,7
25157,2021,10,1,5,22,4,3,1,101,12,2,999,12,16,18,68,7
25158,2021,10,1,5,11,2,1,1,117,99,2,60,11,11,13,68,7
25159,2021,10,1,5,7,2,1,6,612,99,2,25,4,4,6,68,7
25160,2021,10,1,5,18,4,3,12,1205,99,2,999,12,16,18,68,7
25161,2021,10,1,5,11,2,1,13,1312,99,2,46,8,8,10,68,7
25162,2021,10,1,5,17,3,2,8,805,99,2,45,8,8,10,68,7
25163,2021,10,1,5,21,4,3,8,801,99,2,29,4,4,6,68,7
25164,2021,10,2,6,22,4,3,17,1713,99,2,999,12,16,18,68,7
25165,2021,10,2,6,17,3,2,7,716,99,2,29,4,4,6,68,7
25166,2021,10,2,6,19,4,3,4,408,99,2,22,3,3,5,68,7
25167,2021,10,3,7,19,4,3,10,1020,99,2,30,5,5,7,68,7
25168,2021,10,3,7,18,4,3,12,1217,99,1,21,3,3,5,68,7
25169,2021,10,3,7,23,4,3,12,1218,99,2,33,5,5,7,68,7
25170,2021,10,3,7,20,4,3,16,1601,99,2,22,3,3,5,68,7
25171,2021,10,3,7,20,4,3,16,1610,99,2,12,1,1,3,68,7
25172,2021,10,3,7,19,4,3,17,1703,99,2,999,12,16,18,68,7
25173,2021,10,3,7,17,3,2,14,1420,99,2,62,11,11,13,68,7
25174,2021,10,4,1,21,4,3,1,101,18,2,999,12,16,18,68,7
25175,2021,10,4,1,16,3,2,20,2004,99,1,67,11,12,14,68,7
25176,2021,10,4,1,1,1,1,12,1230,99,2,999,12,16,18,68,7
25177,2021,10,5,2,18,4,3,5,507,99,2,22,3,3,5,68,7
25178,2021,10,5,2,18,4,3,10,1010,99,2,29,4,4,6,68,7
25179,2021,10,6,3,10,2,1,1,101,19,2,999,12,16,18,68,7
25180,2021,10,6,3,23,4,3,11,1102,99,2,999,12,16,18,68,7
25181,2021,10,6,3,23,4,3,8,801,99,2,37,6,6,8,68,7
25182,2021,10,7,4,12,3,2,1,114,99,2,41,7,7,9,68,7
25183,2021,10,8,5,0,1,1,13,1306,99,2,33,5,5,7,68,7
25184,2021,10,9,6,9,2,1,5,501,99,2,18,2,2,4,68,7
25185,2021,10,10,7,22,4,3,1,101,5,2,29,4,4,6,68,7
25186,2021,10,10,7,16,3,2,21,2101,99,2,47,8,8,10,68,7
25187,2021,10,10,7,1,1,1,20,2001,99,2,27,4,4,6,68,7
25188,2021,10,10,7,22,4,3,10,1008,99,2,30,5,5,7,68,7
25189,2021,10,10,7,22,4,3,11,1107,99,2,999,12,16,18,68,7
25190,2021,10,10,7,19,4,3,17,1701,99,2,999,12,16,18,68,7
25191,2021,10,10,7,15,3,2,17,1706,99,2,21,3,3,5,68,7
25192,2021,10,11,1,21,4,3,13,1312,99,2,47,8,8,10,68,7
25193,2021,10,11,1,20,4,3,13,1325,99,1,58,10,10,12,68,7
25194,2021,10,11,1,18,4,3,16,1601,99,2,33,5,5,7,68,7
25195,2021,10,11,1,19,4,3,7,705,99,2,999,12,16,18,68,7
25196,2021,10,11,1,20,4,3,4,412,99,2,43,7,7,9,68,7
25197,2021,10,12,2,22,4,3,12,1207,99,2,42,7,7,9,68,7
25198,2021,10,13,3,7,2,1,1,115,99,2,24,3,3,5,68,7
25199,2021,10,13,3,22,4,3,6,602,99,2,28,4,4,6,68,7
25200,2021,10,14,4,14,3,2,1,101,17,2,20,3,3,5,68,7
25201,2021,10,14,4,0,1,1,21,2101,99,2,999,12,16,18,68,7
25202,2021,10,14,4,12,3,2,12,1224,99,2,40,7,7,9,68,7
25203,2021,10,14,4,0,1,1,16,1612,99,2,34,5,5,7,68,7
25204,2021,10,14,4,22,4,3,17,1709,99,2,42,7,7,9,68,7
25205,2021,10,15,5,17,3,2,21,2102,99,2,55,10,10,12,68,7
25206,2021,10,15,5,17,3,2,16,1603,99,2,27,4,4,6,68,7
25207,2021,10,15,5,16,3,2,15,1503,99,2,39,6,6,8,68,7
25208,2021,10,17,7,21,4,3,13,1304,99,2,38,6,6,8,68,7
25209,2021,10,17,7,0,1,1,14,1413,99,1,48,8,8,10,68,7
25210,2021,10,18,1,0,1,1,1,115,99,2,35,6,6,8,68,7
25211,2021,10,18,1,17,3,2,1,115,99,2,36,6,6,8,68,7
25212,2021,10,18,1,20,4,3,5,501,99,2,999,12,16,18,68,7
25213,2021,10,18,1,21,4,3,9,903,99,1,999,12,16,18,68,7
25214,2021,10,18,1,13,3,2,13,1332,99,2,24,3,3,5,68,7
25215,2021,10,18,1,2,1,1,16,1615,99,2,17,2,2,4,68,7
25216,2021,10,18,1,1,1,1,15,1503,99,2,999,12,16,18,68,7
25217,2021,10,19,2,4,1,1,22,2202,99,2,999,12,16,18,68,7
25218,2021,10,19,2,12,3,2,21,2101,99,1,27,4,4,6,68,7
25219,2021,10,19,2,12,3,2,21,2101,99,2,999,12,16,18,68,7
25220,2021,10,21,4,0,1,1,21,2107,99,2,39,6,6,8,68,7
25221,2021,10,21,4,20,4,3,21,2103,99,2,43,7,7,9,68,7
25222,2021,10,22,5,22,4,3,1,101,18,2,26,4,4,6,68,7
25223,2021,10,23,6,19,4,3,9,901,99,2,37,6,6,8,68,7
25224,2021,10,23,6,23,4,3,12,1201,99,2,43,7,7,9,68,7
25225,2021,10,23,6,19,4,3,13,1301,99,1,77,11,14,16,68,7
25226,2021,10,23,6,18,4,3,16,1601,99,2,17,2,2,4,68,7
25227,2021,10,23,6,16,3,2,17,1703,99,2,17,2,2,4,68,7
25228,2021,10,23,6,16,3,2,17,1701,99,1,17,2,2,4,68,7
25229,2021,10,23,6,18,4,3,3,304,99,2,999,12,16,18,68,7
25230,2021,10,24,7,18,4,3,1,101,1,2,44,7,7,9,68,7
25231,2021,10,24,7,21,4,3,1,110,99,2,29,4,4,6,68,7
25232,2021,10,24,7,16,3,2,21,2101,99,2,26,4,4,6,68,7
25233,2021,10,24,7,3,1,1,6,608,99,2,19,2,2,4,68,7
25234,2021,10,24,7,0,1,1,13,1301,99,2,25,4,4,6,68,7
25235,2021,10,24,7,18,4,3,16,1617,99,2,50,9,9,11,68,7
25236,2021,10,24,7,22,4,3,16,1603,99,2,16,2,2,4,68,7
25237,2021,10,24,7,8,2,1,17,1703,99,2,63,11,11,13,68,7
25238,2021,10,25,1,18,4,3,5,509,99,2,999,12,16,18,68,7
25239,2021,10,25,1,18,4,3,5,501,99,2,33,5,5,7,68,7
25240,2021,10,25,1,16,3,2,5,506,99,2,27,4,4,6,68,7
25241,2021,10,25,1,19,4,3,16,1617,99,2,27,4,4,6,68,7
25242,2021,10,25,1,14,3,2,17,1703,99,2,41,7,7,9,68,7
25243,2021,10,26,2,18,4,3,6,603,99,2,35,6,6,8,68,7
25244,2021,10,26,2,0,1,1,16,1602,99,2,32,5,5,7,68,7
25245,2021,10,27,3,10,2,1,1,101,25,2,72,11,13,15,68,7
25246,2021,10,27,3,22,4,3,16,1617,99,2,19,2,2,4,68,7
25247,2021,10,28,4,12,3,2,21,2101,99,2,999,12,16,18,68,7
25248,2021,10,28,4,0,1,1,16,1602,99,2,16,2,2,4,68,7
25249,2021,10,28,4,15,3,2,16,1616,99,2,14,1,1,3,68,7
25250,2021,10,28,4,22,4,3,16,1609,99,2,999,12,16,18,68,7
25251,2021,10,29,5,18,4,3,21,2106,99,2,50,9,9,11,68,7
25252,2021,10,29,5,21,4,3,15,1502,99,2,27,4,4,6,68,7
25253,2021,10,30,6,21,4,3,6,602,99,2,999,12,16,18,68,7
25254,2021,10,30,6,20,4,3,9,920,99,2,30,5,5,7,68,7
25255,2021,10,30,6,21,4,3,9,906,99,2,35,6,6,8,68,7
25256,2021,10,30,6,11,2,1,9,920,99,2,999,12,16,18,68,7
25257,2021,10,30,6,15,3,2,16,1606,99,1,48,8,8,10,68,7
25258,2021,10,30,6,23,4,3,16,1612,99,2,22,3,3,5,68,7
25259,2021,10,31,7,23,4,3,1,106,99,2,39,6,6,8,68,7
25260,2021,10,31,7,19,4,3,1,101,12,2,9,1,1,2,68,7
25261,2021,10,31,7,17,3,2,22,2202,99,2,25,4,4,6,68,7
25262,2021,10,31,7,20,4,3,22,2201,99,2,13,1,1,3,68,7
25263,2021,10,31,7,18,4,3,22,2201,99,1,63,11,11,13,68,7
25264,2021,10,31,7,17,3,2,19,1910,99,2,39,6,6,8,68,7
25265,2021,10,31,7,0,1,1,16,1615,99,2,17,2,2,4,68,7
25266,2021,10,31,7,16,3,2,16,1616,99,1,999,12,16,18,68,7
25267,2021,9,1,3,20,4,3,1,105,99,2,26,4,4,6,88,7
25268,2021,9,1,3,18,4,3,21,2101,99,1,45,8,8,10,88,7
25269,2021,9,1,3,17,3,2,17,1704,99,1,24,3,3,5,87,7
25270,2021,9,2,4,20,4,3,16,1613,99,2,26,4,4,6,88,7
25271,2021,9,3,5,20,4,3,1,101,2,2,41,7,7,9,93,7
25272,2021,9,3,5,23,4,3,1,101,99,1,21,3,3,5,87,7
25273,2021,9,3,5,15,3,2,1,115,99,1,50,9,9,11,88,7
25274,2021,9,4,6,17,3,2,1,108,99,1,86,11,15,17,87,7
25275,2021,9,4,6,23,4,3,4,408,99,2,19,2,2,4,88,7
25276,2021,9,5,7,0,1,1,1,101,3,1,21,3,3,5,88,7
25277,2021,9,5,7,7,2,1,22,2201,99,1,27,4,4,6,88,7
25278,2021,9,5,7,17,3,2,10,1018,99,1,26,4,4,6,93,7
25279,2021,9,5,7,20,4,3,2,203,99,1,32,5,5,7,88,7
25280,2021,9,6,1,13,3,2,1,103,99,1,28,4,4,6,88,7
25281,2021,9,6,1,23,4,3,3,314,99,1,18,2,2,4,88,7
25282,2021,9,7,2,18,4,3,18,1803,99,1,26,4,4,6,88,7
25283,2021,9,7,2,12,3,2,4,412,99,1,29,4,4,6,88,7
25284,2021,9,8,3,2,1,1,1,101,4,1,35,6,6,8,116,7
25285,2021,9,8,3,12,3,2,3,314,99,1,25,4,4,6,88,7
25286,2021,9,8,3,12,3,2,3,301,99,2,35,6,6,8,87,7
25287,2021,9,10,5,16,3,2,1,110,99,2,23,3,3,5,88,7
25288,2021,9,10,5,5,1,1,22,2202,99,1,36,6,6,8,88,7
25289,2021,9,10,5,7,2,1,21,2101,99,1,31,5,5,7,87,7
25290,2021,9,11,6,1,1,1,1,108,99,1,25,4,4,6,89,7
25291,2021,9,11,6,10,2,1,16,1609,99,1,25,4,4,6,88,7
25292,2021,9,11,6,23,4,3,1,108,99,1,40,7,7,9,88,7
25293,2021,9,12,7,18,4,3,5,509,99,1,48,8,8,10,88,7
25294,2021,9,12,7,0,1,1,8,802,99,1,36,6,6,8,88,7
25295,2021,9,13,1,19,4,3,5,501,99,1,24,3,3,5,88,7
25296,2021,9,13,1,15,3,2,13,1302,99,1,22,3,3,5,88,7
25297,2021,9,14,2,8,2,1,1,101,5,1,65,11,12,14,116,7
25298,2021,9,14,2,18,4,3,22,2201,99,1,38,6,6,8,87,7
25299,2021,9,15,3,99,5,4,1,107,99,1,41,7,7,9,88,7
25300,2021,9,15,3,16,3,2,5,510,99,1,30,5,5,7,88,7
25301,2021,9,15,3,10,2,1,4,409,99,1,20,3,3,5,89,7
25302,2021,9,16,4,10,2,1,1,101,1,1,40,7,7,9,88,7
25303,2021,9,16,4,14,3,2,1,106,99,1,78,11,14,16,116,7
25304,2021,9,17,5,15,3,2,1,101,25,1,60,11,11,13,88,7
25305,2021,9,17,5,20,4,3,1,115,99,1,39,6,6,8,88,7
25306,2021,9,18,6,10,2,1,1,105,99,1,23,3,3,5,87,7
25307,2021,9,18,6,4,1,1,1,101,12,1,26,4,4,6,88,7
25308,2021,9,18,6,14,3,2,21,2101,99,1,41,7,7,9,111,7
25309,2021,9,18,6,15,3,2,1,117,99,1,56,10,10,12,88,7
25310,2021,9,19,7,10,2,1,1,107,99,1,19,2,2,4,88,7
25311,2021,9,19,7,6,2,1,22,2216,99,1,39,6,6,8,88,7
25312,2021,9,19,7,11,2,1,4,414,99,1,45,8,8,10,88,7
25313,2021,9,19,7,18,4,3,4,401,99,1,20,3,3,5,88,7
25314,2021,9,20,1,22,4,3,1,101,13,1,46,8,8,10,116,7
25315,2021,9,20,1,11,2,1,3,308,99,1,83,11,15,17,116,7
25316,2021,9,20,1,15,3,2,1,108,99,1,32,5,5,7,88,7
25317,2021,9,21,2,22,4,3,5,503,99,1,20,3,3,5,116,7
25318,2021,9,21,2,14,3,2,21,2101,99,1,30,5,5,7,116,7
25319,2021,9,21,2,6,2,1,16,1601,99,1,17,2,2,4,88,7
25320,2021,9,21,2,7,2,1,2,208,99,1,21,3,3,5,88,7
25321,2021,9,21,2,15,3,2,22,2203,99,1,68,11,12,14,88,7
25322,2021,9,22,3,6,2,1,1,101,24,1,49,8,8,10,88,7
25323,2021,9,23,4,6,2,1,1,101,24,1,49,8,8,10,88,7
25324,2021,9,23,4,7,2,1,1,108,99,2,30,5,5,7,88,7
25325,2021,9,23,4,8,2,1,1,101,19,1,36,6,6,8,86,7
25326,2021,9,24,5,6,2,1,1,110,99,2,24,3,3,5,108,7
25327,2021,9,24,5,7,2,1,20,2011,99,1,36,6,6,8,88,7
25328,2021,9,26,7,23,4,3,1,101,13,1,24,3,3,5,86,7
25329,2021,9,26,7,14,3,2,4,406,99,1,50,9,9,11,88,7
25330,2021,9,26,7,17,3,2,3,309,99,1,36,6,6,8,88,7
25331,2021,9,27,1,14,3,2,4,403,99,2,12,1,1,3,88,7
25332,2021,9,28,2,22,4,3,14,1413,99,2,17,2,2,4,88,7
25333,2021,9,30,4,8,2,1,4,401,99,1,25,4,4,6,88,7
25334,2021,10,1,5,13,3,2,6,609,99,1,999,12,16,18,88,7
25335,2021,10,2,6,7,2,1,1,101,1,1,36,6,6,8,116,7
25336,2021,10,4,1,8,2,1,1,101,18,1,79,11,14,16,88,7
25337,2021,10,4,1,7,2,1,18,1801,99,2,27,4,4,6,88,7
25338,2021,10,5,2,12,3,2,5,509,99,1,67,11,12,14,116,7
25339,2021,10,5,2,16,3,2,16,1608,99,1,25,4,4,6,88,7
25340,2021,10,5,2,17,3,2,15,1504,99,1,15,2,2,4,116,7
25341,2021,10,5,2,20,4,3,10,1001,99,1,21,3,3,5,116,7
25342,2021,10,8,5,22,4,3,16,1604,99,1,24,3,3,5,88,7
25343,2021,10,10,7,7,2,1,8,801,99,1,23,3,3,5,88,7
25344,2021,10,11,1,6,2,1,21,2101,99,1,33,5,5,7,86,7
25345,2021,10,11,1,7,2,1,1,101,18,2,37,6,6,8,88,7
25346,2021,10,12,2,23,4,3,17,1710,99,2,44,7,7,9,88,7
25347,2021,10,13,3,7,2,1,13,1301,99,1,18,2,2,4,88,7
25348,2021,10,16,6,9,2,1,16,1609,99,2,15,2,2,4,88,7
25349,2021,10,16,6,15,3,2,14,1405,99,1,29,4,4,6,88,7
25350,2021,10,17,7,22,4,3,1,101,6,1,43,7,7,9,111,7
25351,2021,10,17,7,7,2,1,1,108,99,1,46,8,8,10,88,7
25352,2021,10,17,7,17,3,2,19,1904,99,1,21,3,3,5,88,7
25353,2021,10,18,1,6,2,1,3,310,99,1,34,5,5,7,88,7
25354,2021,10,19,2,7,2,1,2,203,99,1,999,12,16,18,88,7
25355,2021,10,19,2,14,3,2,11,1106,99,1,999,12,16,18,88,7
25356,2021,10,19,2,22,4,3,14,1405,99,1,26,4,4,6,89,7
25357,2021,10,19,2,19,4,3,1,108,99,1,16,2,2,4,88,7
25358,2021,10,20,3,9,2,1,1,102,99,1,58,10,10,12,88,7
25359,2021,10,20,3,12,3,2,1,110,99,1,70,11,13,15,116,7
25360,2021,10,20,3,22,4,3,11,1101,99,1,999,12,16,18,88,7
25361,2021,10,21,4,18,4,3,1,107,99,2,14,1,1,3,88,7
25362,2021,10,21,4,19,4,3,1,106,99,1,23,3,3,5,88,7
25363,2021,10,21,4,13,3,2,1,113,99,1,47,8,8,10,88,7
25364,2021,10,21,4,17,3,2,1,101,21,2,36,6,6,8,88,7
25365,2021,10,21,4,9,2,1,1,114,99,2,26,4,4,6,108,7
25366,2021,10,21,4,12,3,2,1,115,99,1,31,5,5,7,88,7
25367,2021,10,21,4,1,1,1,1,110,99,1,63,11,11,13,88,7
25368,2021,10,22,5,16,3,2,16,1617,99,1,14,1,1,3,88,7
25369,2021,10,22,5,9,2,1,19,1901,99,2,13,1,1,3,93,7
25370,2021,10,22,5,17,3,2,1,114,99,2,15,2,2,4,90,7
25371,2021,10,23,6,13,3,2,1,115,99,1,27,4,4,6,88,7
25372,2021,10,23,6,12,3,2,2,207,99,1,66,11,12,14,89,7
25373,2021,10,23,6,9,2,1,3,312,99,1,26,4,4,6,88,7
25374,2021,10,24,7,10,2,1,1,101,18,1,25,4,4,6,88,7
25375,2021,10,25,1,12,3,2,4,401,99,1,76,11,14,16,88,7
25376,2021,10,26,2,8,2,1,9,901,99,1,999,12,16,18,87,7
25377,2021,10,26,2,10,2,1,12,1202,99,1,20,3,3,5,86,7
25378,2021,10,27,3,19,4,3,19,1909,99,1,22,3,3,5,89,7
25379,2021,10,27,3,16,3,2,2,207,99,2,15,2,2,4,88,7
25380,2021,10,27,3,15,3,2,7,701,99,1,19,2,2,4,88,7
25381,2021,10,27,3,21,4,3,4,401,99,2,16,2,2,4,89,7
25382,2021,10,28,4,13,3,2,11,1107,99,1,42,7,7,9,88,7
25383,2021,10,28,4,0,1,1,13,1301,99,1,30,5,5,7,88,7
25384,2021,10,28,4,3,1,1,18,1801,99,1,999,12,16,18,111,7
25385,2021,10,28,4,15,3,2,17,1701,99,2,12,1,1,3,88,7
25386,2021,10,29,5,20,4,3,1,108,99,1,39,6,6,8,121,7
25387,2021,10,29,5,6,2,1,18,1805,99,2,28,4,4,6,88,7
25388,2021,10,30,6,14,3,2,1,115,99,1,41,7,7,9,121,7
25389,2021,10,30,6,12,3,2,13,1301,99,1,27,4,4,6,88,7
25390,2021,10,30,6,0,1,1,14,1411,99,1,18,2,2,4,88,7
25391,2021,10,31,7,8,2,1,1,113,99,1,28,4,4,6,88,7
25392,2021,9,1,3,14,3,2,17,1705,99,2,42,7,7,9,104,6
25393,2021,9,1,3,9,2,1,1,114,99,1,69,11,12,14,74,6
25394,2021,9,1,3,15,3,2,8,801,99,1,27,4,4,6,97,6
25395,2021,9,1,3,14,3,2,1,102,99,2,32,5,5,7,97,6
25396,2021,9,1,3,15,3,2,1,101,13,1,46,8,8,10,97,6
25397,2021,9,1,3,16,3,2,1,106,99,2,30,5,5,7,97,6
25398,2021,9,1,3,20,4,3,1,101,4,2,35,6,6,8,97,6
25399,2021,9,1,3,20,4,3,1,101,7,1,36,6,6,8,97,6
25400,2021,9,1,3,20,4,3,1,101,3,2,37,6,6,8,104,6
25401,2021,9,1,3,16,3,2,12,1212,99,1,31,5,5,7,104,6
25402,2021,9,1,3,19,4,3,9,901,99,1,25,4,4,6,104,6
25403,2021,9,1,3,14,3,2,21,2101,99,2,53,9,9,11,104,6
25404,2021,9,1,3,0,1,1,16,1601,99,1,29,4,4,6,104,6
25405,2021,9,1,3,0,1,1,16,1601,99,2,30,5,5,7,104,6
25406,2021,9,1,3,20,4,3,15,1506,99,1,26,4,4,6,104,6
25407,2021,9,1,3,14,3,2,10,1014,99,2,45,8,8,10,97,6
25408,2021,9,1,3,12,3,2,10,1014,99,1,41,7,7,9,97,6
25409,2021,9,1,3,12,3,2,10,1003,99,1,46,8,8,10,97,6
25410,2021,9,1,3,16,3,2,11,1108,99,1,25,4,4,6,104,6
25411,2021,9,1,3,17,3,2,11,1109,99,1,41,7,7,9,104,6
25412,2021,9,1,3,12,3,2,22,2202,99,2,32,5,5,7,104,6
25413,2021,9,1,3,12,3,2,5,501,99,1,37,6,6,8,97,6
25414,2021,9,1,3,16,3,2,5,514,99,2,31,5,5,7,104,6
25415,2021,9,1,3,20,4,3,5,503,99,1,18,2,2,4,104,6
25416,2021,9,1,3,22,4,3,5,501,99,2,22,3,3,5,104,6
25417,2021,9,1,3,9,2,1,18,1804,99,2,48,8,8,10,104,6
25418,2021,9,1,3,12,3,2,18,1801,99,2,29,4,4,6,104,6
25419,2021,9,1,3,12,3,2,18,1801,99,1,63,11,11,13,97,6
25420,2021,9,1,3,11,2,1,18,1801,99,1,33,5,5,7,104,6
25421,2021,9,1,3,9,2,1,6,612,99,9,999,12,16,18,97,6
25422,2021,9,1,3,11,2,1,6,602,99,2,23,3,3,5,104,6
25423,2021,9,1,3,16,3,2,6,608,99,2,42,7,7,9,104,6
25424,2021,9,1,3,12,3,2,1,114,99,1,33,5,5,7,97,6
25425,2021,9,1,3,14,3,2,1,115,99,1,33,5,5,7,104,6
25426,2021,9,1,3,15,3,2,1,116,99,1,24,3,3,5,104,6
25427,2021,9,1,3,14,3,2,1,108,99,2,29,4,4,6,97,6
25428,2021,9,1,3,99,5,4,3,306,99,1,47,8,8,10,104,6
25429,2021,9,1,3,99,5,4,3,302,99,1,58,10,10,12,94,6
25430,2021,9,2,4,9,2,1,20,2010,99,2,24,3,3,5,74,6
25431,2021,9,2,4,12,3,2,12,1207,99,1,51,9,9,11,104,6
25432,2021,9,2,4,11,2,1,1,101,7,1,43,7,7,9,94,6
25433,2021,9,2,4,13,3,2,1,105,99,1,31,5,5,7,104,6
25434,2021,9,2,4,13,3,2,1,103,99,1,36,6,6,8,104,6
25435,2021,9,2,4,16,3,2,1,101,7,1,48,8,8,10,104,6
25436,2021,9,2,4,17,3,2,1,101,12,1,38,6,6,8,97,6
25437,2021,9,2,4,17,3,2,1,101,9,1,37,6,6,8,104,6
25438,2021,9,2,4,22,4,3,1,101,3,2,44,7,7,9,104,6
25439,2021,9,2,4,22,4,3,1,101,11,1,36,6,6,8,104,6
25440,2021,9,2,4,22,4,3,1,101,6,2,50,9,9,11,104,6
25441,2021,9,2,4,22,4,3,1,102,99,1,50,9,9,11,97,6
25442,2021,9,2,4,10,2,1,9,911,99,1,32,5,5,7,97,6
25443,2021,9,2,4,11,2,1,9,904,99,1,27,4,4,6,104,6
25444,2021,9,2,4,11,2,1,21,2103,99,2,34,5,5,7,104,6
25445,2021,9,2,4,12,3,2,15,1503,99,1,37,6,6,8,97,6
25446,2021,9,2,4,19,4,3,15,1503,99,2,35,6,6,8,104,6
25447,2021,9,2,4,11,2,1,10,1020,99,1,59,10,10,12,97,6
25448,2021,9,2,4,9,2,1,11,1104,99,1,27,4,4,6,94,6
25449,2021,9,2,4,10,2,1,11,1107,99,1,999,12,16,18,104,6
25450,2021,9,2,4,15,3,2,11,1101,99,2,33,5,5,7,97,6
25451,2021,9,2,4,13,3,2,11,1101,99,9,999,12,16,18,94,6
25452,2021,9,2,4,14,3,2,10,1013,99,2,44,7,7,9,104,6
25453,2021,9,2,4,10,2,1,4,409,99,1,43,7,7,9,104,6
25454,2021,9,2,4,21,4,3,4,401,99,2,23,3,3,5,97,6
25455,2021,9,2,4,9,2,1,22,2203,99,2,27,4,4,6,104,6
25456,2021,9,2,4,10,2,1,22,2205,99,1,28,4,4,6,104,6
25457,2021,9,2,4,10,2,1,5,502,99,2,30,5,5,7,104,6
25458,2021,9,2,4,11,2,1,5,511,99,2,53,9,9,11,97,6
25459,2021,9,2,4,12,3,2,5,506,99,2,25,4,4,6,104,6
25460,2021,9,2,4,17,3,2,5,501,99,2,59,10,10,12,97,6
25461,2021,9,2,4,19,4,3,5,501,99,1,40,7,7,9,94,6
25462,2021,9,2,4,8,2,1,5,506,99,2,32,5,5,7,104,6
25463,2021,9,2,4,11,2,1,18,1801,99,1,67,11,12,14,97,6
25464,2021,9,2,4,11,2,1,6,609,99,2,999,12,16,18,104,6
25465,2021,9,2,4,12,3,2,1,116,99,2,40,7,7,9,97,6
25466,2021,9,2,4,14,3,2,1,117,99,1,29,4,4,6,104,6
25467,2021,9,2,4,12,3,2,1,115,99,2,36,6,6,8,104,6
25468,2021,9,2,4,13,3,2,1,115,99,1,25,4,4,6,97,6
25469,2021,9,2,4,10,2,1,1,108,99,1,29,4,4,6,104,6
25470,2021,9,2,4,99,5,4,3,312,99,1,34,5,5,7,104,6
25471,2021,9,3,5,11,2,1,12,1228,99,1,20,3,3,5,104,6
25472,2021,9,3,5,7,2,1,1,114,99,1,58,10,10,12,74,6
25473,2021,9,3,5,19,4,3,1,114,99,1,49,8,8,10,74,6
25474,2021,9,3,5,0,1,1,14,1401,99,1,19,2,2,4,74,6
25475,2021,9,3,5,12,3,2,1,101,21,2,27,4,4,6,104,6
25476,2021,9,3,5,12,3,2,1,101,5,2,34,5,5,7,104,6
25477,2021,9,3,5,14,3,2,1,102,99,1,24,3,3,5,97,6
25478,2021,9,3,5,15,3,2,1,101,99,1,53,9,9,11,97,6
25479,2021,9,3,5,16,3,2,1,101,1,1,33,5,5,7,104,6
25480,2021,9,3,5,16,3,2,1,101,13,1,43,7,7,9,104,6
25481,2021,9,3,5,17,3,2,1,103,99,1,39,6,6,8,97,6
25482,2021,9,3,5,21,4,3,3,308,99,1,38,6,6,8,104,6
25483,2021,9,3,5,21,4,3,1,101,25,2,46,8,8,10,104,6
25484,2021,9,3,5,21,4,3,1,108,99,1,50,9,9,11,97,6
25485,2021,9,3,5,21,4,3,1,101,18,1,35,6,6,8,104,6
25486,2021,9,3,5,10,2,1,12,1212,99,1,73,11,13,15,104,6
25487,2021,9,3,5,13,3,2,9,916,99,1,35,6,6,8,97,6
25488,2021,9,3,5,13,3,2,9,901,99,1,34,5,5,7,104,6
25489,2021,9,3,5,14,3,2,9,901,99,2,23,3,3,5,104,6
25490,2021,9,3,5,19,4,3,16,1615,99,2,39,6,6,8,97,6
25491,2021,9,3,5,14,3,2,10,1014,99,1,27,4,4,6,97,6
25492,2021,9,3,5,11,2,1,10,1013,99,1,31,5,5,7,104,6
25493,2021,9,3,5,10,2,1,11,1101,99,9,999,12,16,18,94,6
25494,2021,9,3,5,8,2,1,10,1016,99,1,28,4,4,6,97,6
25495,2021,9,3,5,15,3,2,10,1010,99,1,19,2,2,4,104,6
25496,2021,9,3,5,9,2,1,22,2207,99,1,65,11,12,14,104,6
25497,2021,9,3,5,9,2,1,22,2217,99,2,30,5,5,7,104,6
25498,2021,9,3,5,11,2,1,22,2201,99,2,30,5,5,7,104,6
25499,2021,9,3,5,12,3,2,5,507,99,1,21,3,3,5,104,6
25500,2021,9,3,5,15,3,2,5,501,99,1,43,7,7,9,104,6
25501,2021,9,3,5,14,3,2,5,501,99,2,19,2,2,4,104,6
25502,2021,9,3,5,14,3,2,5,501,99,1,14,1,1,3,104,6
25503,2021,9,3,5,16,3,2,5,506,99,1,30,5,5,7,97,6
25504,2021,9,3,5,16,3,2,5,507,99,1,22,3,3,5,104,6
25505,2021,9,3,5,11,2,1,6,607,99,1,46,8,8,10,104,6
25506,2021,9,3,5,15,3,2,6,610,99,1,23,3,3,5,104,6
25507,2021,9,3,5,8,2,1,1,115,99,2,47,8,8,10,97,6
25508,2021,9,3,5,12,3,2,1,115,99,1,26,4,4,6,104,6
25509,2021,9,3,5,15,3,2,1,115,99,2,47,8,8,10,97,6
25510,2021,9,3,5,10,2,1,1,117,99,2,26,4,4,6,104,6
25511,2021,9,3,5,13,3,2,1,117,99,1,39,6,6,8,97,6
25512,2021,9,3,5,15,3,2,1,115,99,1,33,5,5,7,97,6
25513,2021,9,3,5,7,2,1,1,108,99,1,50,9,9,11,97,6
25514,2021,9,3,5,11,2,1,9,920,99,1,28,4,4,6,104,6
25515,2021,9,4,6,10,2,1,1,115,99,9,999,12,16,18,104,6
25516,2021,9,4,6,12,3,2,8,801,99,1,54,9,9,11,104,6
25517,2021,9,4,6,12,3,2,8,801,99,2,45,8,8,10,104,6
25518,2021,9,4,6,15,3,2,14,1412,99,2,63,11,11,13,74,6
25519,2021,9,4,6,16,3,2,14,1413,99,2,20,3,3,5,74,6
25520,2021,9,4,6,10,2,1,1,101,6,1,25,4,4,6,104,6
25521,2021,9,4,6,11,2,1,1,101,21,1,44,7,7,9,104,6
25522,2021,9,4,6,12,3,2,1,102,99,2,23,3,3,5,104,6
25523,2021,9,4,6,15,3,2,1,101,1,1,35,6,6,8,104,6
25524,2021,9,4,6,16,3,2,1,105,99,2,42,7,7,9,104,6
25525,2021,9,4,6,17,3,2,1,101,17,2,25,4,4,6,104,6
25526,2021,9,4,6,21,4,3,1,101,4,1,34,5,5,7,104,6
25527,2021,9,4,6,21,4,3,1,101,1,1,81,11,15,17,97,6
25528,2021,9,4,6,21,4,3,1,108,99,1,38,6,6,8,97,6
25529,2021,9,4,6,21,4,3,1,101,1,2,30,5,5,7,97,6
25530,2021,9,4,6,21,4,3,1,101,5,1,28,4,4,6,104,6
25531,2021,9,4,6,21,4,3,16,1601,99,1,33,5,5,7,104,6
25532,2021,9,4,6,10,2,1,10,1010,99,1,27,4,4,6,104,6
25533,2021,9,4,6,10,2,1,11,1101,99,2,51,9,9,11,104,6
25534,2021,9,4,6,8,2,1,4,414,99,1,30,5,5,7,104,6
25535,2021,9,4,6,11,2,1,5,501,99,1,27,4,4,6,104,6
25536,2021,9,4,6,16,3,2,5,506,99,1,29,4,4,6,104,6
25537,2021,9,4,6,21,4,3,1,117,99,1,34,5,5,7,97,6
25538,2021,9,4,6,14,3,2,1,115,99,2,36,6,6,8,97,6
25539,2021,9,4,6,16,3,2,1,115,99,2,37,6,6,8,104,6
25540,2021,9,4,6,12,3,2,1,108,99,1,44,7,7,9,97,6
25541,2021,9,4,6,99,5,4,3,312,99,1,26,4,4,6,104,6
25542,2021,9,5,7,11,2,1,13,1301,99,1,31,5,5,7,74,6
25543,2021,9,5,7,17,3,2,13,1301,99,1,31,5,5,7,74,6
25544,2021,9,5,7,17,3,2,8,801,99,1,43,7,7,9,104,6
25545,2021,9,5,7,11,2,1,14,1414,99,1,24,3,3,5,74,6
25546,2021,9,5,7,17,3,2,1,101,19,1,24,3,3,5,97,6
25547,2021,9,5,7,19,4,3,1,101,18,1,41,7,7,9,97,6
25548,2021,9,5,7,19,4,3,3,308,99,1,41,7,7,9,104,6
25549,2021,9,5,7,9,2,1,21,2101,99,1,27,4,4,6,97,6
25550,2021,9,5,7,17,3,2,21,2101,99,1,24,3,3,5,97,6
25551,2021,9,5,7,13,3,2,11,1101,99,2,33,5,5,7,104,6
25552,2021,9,5,7,15,3,2,10,1008,99,1,34,5,5,7,104,6
25553,2021,9,5,7,18,4,3,10,1001,99,1,43,7,7,9,104,6
25554,2021,9,5,7,9,2,1,22,2202,99,1,35,6,6,8,104,6
25555,2021,9,5,7,15,3,2,5,513,99,2,22,3,3,5,104,6
25556,2021,9,5,7,16,3,2,1,115,99,1,51,9,9,11,95,6
25557,2021,9,6,1,11,2,1,13,1307,99,1,41,7,7,9,74,6
25558,2021,9,6,1,11,2,1,12,1201,99,1,39,6,6,8,104,6
25559,2021,9,6,1,8,2,1,14,1406,99,1,47,8,8,10,74,6
25560,2021,9,6,1,10,2,1,14,1414,99,2,50,9,9,11,74,6
25561,2021,9,6,1,8,2,1,1,101,21,1,36,6,6,8,97,6
25562,2021,9,6,1,10,2,1,1,101,99,1,31,5,5,7,97,6
25563,2021,9,6,1,13,3,2,1,101,6,2,40,7,7,9,97,6
25564,2021,9,6,1,15,3,2,1,101,6,2,27,4,4,6,104,6
25565,2021,9,6,1,15,3,2,1,101,10,1,36,6,6,8,104,6
25566,2021,9,6,1,16,3,2,1,101,5,2,40,7,7,9,97,6
25567,2021,9,6,1,16,3,2,1,101,6,1,52,9,9,11,104,6
25568,2021,9,6,1,17,3,2,1,101,1,1,35,6,6,8,104,6
25569,2021,9,6,1,17,3,2,1,101,5,1,53,9,9,11,97,6
25570,2021,9,6,1,18,4,3,1,113,99,1,61,11,11,13,97,6
25571,2021,9,6,1,17,3,2,1,101,8,2,45,8,8,10,104,6
25572,2021,9,6,1,17,3,2,1,108,99,1,60,11,11,13,104,6
25573,2021,9,6,1,17,3,2,1,101,7,1,29,4,4,6,104,6
25574,2021,9,6,1,17,3,2,1,115,99,1,43,7,7,9,97,6
25575,2021,9,6,1,19,4,3,1,103,99,2,20,3,3,5,104,6
25576,2021,9,6,1,15,3,2,9,914,99,2,23,3,3,5,104,6
25577,2021,9,6,1,11,2,1,21,2106,99,1,38,6,6,8,104,6
25578,2021,9,6,1,13,3,2,21,2101,99,2,37,6,6,8,97,6
25579,2021,9,6,1,16,3,2,21,2101,99,1,27,4,4,6,104,6
25580,2021,9,6,1,16,3,2,21,2101,99,2,999,12,16,18,97,6
25581,2021,9,6,1,22,4,3,15,1503,99,2,37,6,6,8,97,6
25582,2021,9,6,1,11,2,1,11,1101,99,1,66,11,12,14,104,6
25583,2021,9,6,1,19,4,3,4,412,99,2,47,8,8,10,104,6
25584,2021,9,6,1,9,2,1,22,2217,99,2,40,7,7,9,104,6
25585,2021,9,6,1,9,2,1,22,2201,99,1,50,9,9,11,104,6
25586,2021,9,6,1,16,3,2,22,2201,99,2,999,12,16,18,104,6
25587,2021,9,6,1,18,4,3,22,2205,99,1,28,4,4,6,104,6
25588,2021,9,6,1,18,4,3,22,2201,99,1,999,12,16,18,97,6
25589,2021,9,6,1,11,2,1,5,506,99,1,55,10,10,12,104,6
25590,2021,9,6,1,12,3,2,5,513,99,1,59,10,10,12,104,6
25591,2021,9,6,1,12,3,2,5,513,99,1,35,6,6,8,104,6
25592,2021,9,6,1,17,3,2,5,502,99,2,22,3,3,5,104,6
25593,2021,9,6,1,15,3,2,5,513,99,1,23,3,3,5,104,6
25594,2021,9,6,1,18,4,3,18,1801,99,1,24,3,3,5,97,6
25595,2021,9,6,1,11,2,1,6,612,99,2,40,7,7,9,104,6
25596,2021,9,6,1,12,3,2,6,609,99,1,44,7,7,9,104,6
25597,2021,9,6,1,13,3,2,6,610,99,2,31,5,5,7,104,6
25598,2021,9,6,1,15,3,2,6,609,99,2,43,7,7,9,97,6
25599,2021,9,6,1,2,1,1,1,115,99,1,28,4,4,6,97,6
25600,2021,9,6,1,9,2,1,1,115,99,2,28,4,4,6,97,6
25601,2021,9,6,1,11,2,1,1,114,99,1,23,3,3,5,95,6
25602,2021,9,6,1,13,3,2,1,117,99,1,39,6,6,8,104,6
25603,2021,9,6,1,16,3,2,1,115,99,2,36,6,6,8,97,6
25604,2021,9,6,1,14,3,2,1,108,99,1,50,9,9,11,97,6
25605,2021,9,6,1,16,3,2,1,109,99,1,24,3,3,5,97,6
25606,2021,9,6,1,16,3,2,1,110,99,2,26,4,4,6,104,6
25607,2021,9,6,1,17,3,2,1,101,19,2,60,11,11,13,97,6
25608,2021,9,6,1,15,3,2,3,301,99,2,44,7,7,9,97,6
25609,2021,9,7,2,9,2,1,12,1202,99,1,36,6,6,8,104,6
25610,2021,9,7,2,12,3,2,12,1219,99,1,48,8,8,10,104,6
25611,2021,9,7,2,12,3,2,1,114,99,1,33,5,5,7,74,6
25612,2021,9,7,2,15,3,2,1,114,99,2,34,5,5,7,104,6
25613,2021,9,7,2,99,5,4,14,1403,99,1,999,12,16,18,74,6
25614,2021,9,7,2,17,3,2,14,1405,99,1,39,6,6,8,74,6
25615,2021,9,7,2,12,3,2,1,116,99,1,38,6,6,8,104,6
25616,2021,9,7,2,7,2,1,1,101,11,1,63,11,11,13,97,6
25617,2021,9,7,2,18,4,3,1,101,18,1,73,11,13,15,95,6
25618,2021,9,7,2,20,4,3,1,101,3,1,41,7,7,9,97,6
25619,2021,9,7,2,21,4,3,1,101,5,1,49,8,8,10,104,6
25620,2021,9,7,2,21,4,3,3,314,99,1,39,6,6,8,104,6
25621,2021,9,7,2,21,4,3,1,106,99,2,32,5,5,7,104,6
25622,2021,9,7,2,21,4,3,1,115,99,1,39,6,6,8,97,6
25623,2021,9,7,2,21,4,3,1,101,12,2,28,4,4,6,104,6
25624,2021,9,7,2,21,4,3,1,101,21,1,28,4,4,6,104,6
25625,2021,9,7,2,21,4,3,1,101,99,1,24,3,3,5,104,6
25626,2021,9,7,2,23,4,3,1,107,99,1,48,8,8,10,104,6
25627,2021,9,7,2,12,3,2,1,101,7,2,36,6,6,8,104,6
25628,2021,9,7,2,12,3,2,12,1212,99,2,37,6,6,8,104,6
25629,2021,9,7,2,15,3,2,9,912,99,2,29,4,4,6,104,6
25630,2021,9,7,2,16,3,2,9,903,99,1,26,4,4,6,104,6
25631,2021,9,7,2,13,3,2,21,2103,99,1,21,3,3,5,97,6
25632,2021,9,7,2,11,2,1,10,1003,99,1,31,5,5,7,97,6
25633,2021,9,7,2,10,2,1,10,1014,99,2,36,6,6,8,104,6
25634,2021,9,7,2,12,3,2,11,1105,99,2,30,5,5,7,97,6
25635,2021,9,7,2,14,3,2,10,1020,99,1,60,11,11,13,104,6
25636,2021,9,7,2,20,4,3,10,1002,99,1,34,5,5,7,95,6
25637,2021,9,7,2,23,4,3,11,1101,99,1,55,10,10,12,97,6
25638,2021,9,7,2,10,2,1,4,409,99,1,43,7,7,9,104,6
25639,2021,9,7,2,18,4,3,4,412,99,1,42,7,7,9,97,6
25640,2021,9,7,2,14,3,2,22,2212,99,1,58,10,10,12,104,6
25641,2021,9,7,2,15,3,2,22,2202,99,1,52,9,9,11,104,6
25642,2021,9,7,2,12,3,2,5,502,99,1,50,9,9,11,97,6
25643,2021,9,7,2,13,3,2,5,502,99,1,35,6,6,8,104,6
25644,2021,9,7,2,14,3,2,5,511,99,2,22,3,3,5,104,6
25645,2021,9,7,2,15,3,2,5,507,99,1,36,6,6,8,104,6
25646,2021,9,7,2,16,3,2,5,507,99,2,26,4,4,6,104,6
25647,2021,9,7,2,16,3,2,5,502,99,2,24,3,3,5,104,6
25648,2021,9,7,2,18,4,3,5,501,99,1,35,6,6,8,97,6
25649,2021,9,7,2,12,3,2,6,603,99,2,21,3,3,5,104,6
25650,2021,9,7,2,12,3,2,1,116,99,1,49,8,8,10,97,6
25651,2021,9,7,2,14,3,2,1,117,99,2,41,7,7,9,97,6
25652,2021,9,7,2,10,2,1,1,110,99,1,24,3,3,5,104,6
25653,2021,9,7,2,19,4,3,1,108,99,1,57,10,10,12,97,6
25654,2021,9,7,2,19,4,3,1,101,7,2,26,4,4,6,97,6
25655,2021,9,7,2,12,3,2,9,920,99,2,26,4,4,6,104,6
25656,2021,9,7,2,16,3,2,9,920,99,1,27,4,4,6,97,6
25657,2021,9,7,2,99,5,4,3,302,99,1,34,5,5,7,97,6
25658,2021,9,7,2,99,5,4,3,312,99,1,20,3,3,5,104,6
25659,2021,9,7,2,99,5,4,3,301,99,2,44,7,7,9,104,6
25660,2021,9,8,3,17,3,2,20,2011,99,1,27,4,4,6,105,6
25661,2021,9,8,3,7,2,1,13,1302,99,1,25,4,4,6,74,6
25662,2021,9,8,3,17,3,2,13,1301,99,2,40,7,7,9,74,6
25663,2021,9,8,3,13,3,2,1,116,99,1,19,2,2,4,104,6
25664,2021,9,8,3,9,2,1,1,116,99,2,36,6,6,8,97,6
25665,2021,9,8,3,13,3,2,1,116,99,2,51,9,9,11,104,6
25666,2021,9,8,3,13,3,2,1,116,99,2,24,3,3,5,104,6
25667,2021,9,8,3,13,3,2,1,116,99,1,35,6,6,8,104,6
25668,2021,9,8,3,15,3,2,1,114,99,1,19,2,2,4,104,6
25669,2021,9,8,3,15,3,2,1,114,99,1,19,2,2,4,104,6
25670,2021,9,8,3,99,5,4,19,1905,99,1,27,4,4,6,74,6
25671,2021,9,8,3,16,3,2,14,1403,99,2,37,6,6,8,74,6
25672,2021,9,8,3,17,3,2,14,1401,99,2,32,5,5,7,74,6
25673,2021,9,8,3,17,3,2,14,1414,99,1,28,4,4,6,74,6
25674,2021,9,8,3,10,2,1,1,105,99,1,56,10,10,12,104,6
25675,2021,9,8,3,11,2,1,1,113,99,1,33,5,5,7,104,6
25676,2021,9,8,3,13,3,2,1,101,99,1,999,12,16,18,104,6
25677,2021,9,8,3,13,3,2,1,101,13,2,25,4,4,6,104,6
25678,2021,9,8,3,14,3,2,1,101,13,2,32,5,5,7,104,6
25679,2021,9,8,3,14,3,2,1,106,99,1,28,4,4,6,104,6
25680,2021,9,8,3,15,3,2,1,106,99,2,23,3,3,5,104,6
25681,2021,9,8,3,15,3,2,1,101,7,1,23,3,3,5,104,6
25682,2021,9,8,3,16,3,2,1,107,99,1,23,3,3,5,104,6
25683,2021,9,8,3,18,4,3,1,101,17,1,29,4,4,6,97,6
25684,2021,9,8,3,21,4,3,1,101,11,1,67,11,12,14,97,6
25685,2021,9,8,3,21,4,3,1,101,5,1,25,4,4,6,104,6
25686,2021,9,8,3,9,2,1,2,207,99,2,30,5,5,7,104,6
25687,2021,9,8,3,19,4,3,21,2107,99,1,63,11,11,13,104,6
25688,2021,9,8,3,12,3,2,15,1501,99,1,69,11,12,14,104,6
25689,2021,9,8,3,12,3,2,15,1501,99,1,31,5,5,7,104,6
25690,2021,9,8,3,12,3,2,15,1501,99,1,25,4,4,6,104,6
25691,2021,9,8,3,14,3,2,16,1601,99,1,31,5,5,7,104,6
25692,2021,9,8,3,14,3,2,16,1603,99,1,42,7,7,9,104,6
25693,2021,9,8,3,17,3,2,16,1603,99,1,26,4,4,6,97,6
25694,2021,9,8,3,17,3,2,15,1507,99,2,26,4,4,6,104,6
25695,2021,9,8,3,16,3,2,10,1010,99,2,36,6,6,8,104,6
25696,2021,9,8,3,16,3,2,10,1001,99,2,999,12,16,18,97,6
25697,2021,9,8,3,9,2,1,11,1107,99,1,32,5,5,7,104,6
25698,2021,9,8,3,11,2,1,10,1004,99,2,999,12,16,18,97,6
25699,2021,9,8,3,15,3,2,11,1106,99,1,23,3,3,5,104,6
25700,2021,9,8,3,15,3,2,4,401,99,1,41,7,7,9,104,6
25701,2021,9,8,3,15,3,2,4,401,99,1,31,5,5,7,97,6
25702,2021,9,8,3,17,3,2,22,2201,99,1,48,8,8,10,104,6
25703,2021,9,8,3,23,4,3,1,108,99,1,32,5,5,7,94,6
25704,2021,9,8,3,15,3,2,5,502,99,1,35,6,6,8,104,6
25705,2021,9,8,3,16,3,2,5,501,99,2,50,9,9,11,104,6
25706,2021,9,8,3,10,2,1,18,1804,99,1,52,9,9,11,104,6
25707,2021,9,8,3,9,2,1,6,610,99,1,58,10,10,12,104,6
25708,2021,9,8,3,13,3,2,1,115,99,1,30,5,5,7,104,6
25709,2021,9,8,3,8,2,1,1,115,99,2,63,11,11,13,95,6
25710,2021,9,8,3,13,3,2,1,115,99,1,999,12,16,18,97,6
25711,2021,9,8,3,11,2,1,1,115,99,1,42,7,7,9,97,6
25712,2021,9,8,3,13,3,2,1,115,99,2,22,3,3,5,97,6
25713,2021,9,8,3,19,4,3,1,116,99,1,32,5,5,7,97,6
25714,2021,9,8,3,14,3,2,1,101,11,1,35,6,6,8,97,6
25715,2021,9,8,3,9,2,1,1,115,99,1,33,5,5,7,97,6
25716,2021,9,8,3,12,3,2,1,117,99,1,52,9,9,11,97,6
25717,2021,9,8,3,12,3,2,1,110,99,2,44,7,7,9,104,6
25718,2021,9,8,3,12,3,2,1,108,99,2,59,10,10,12,104,6
25719,2021,9,8,3,14,3,2,1,108,99,2,35,6,6,8,104,6
25720,2021,9,8,3,99,5,4,3,301,99,2,20,3,3,5,104,6
25721,2021,9,8,3,99,5,4,3,312,99,2,19,2,2,4,104,6
25722,2021,9,9,4,9,2,1,12,1201,99,1,26,4,4,6,104,6
25723,2021,9,9,4,18,4,3,12,1201,99,2,38,6,6,8,104,6
25724,2021,9,9,4,10,2,1,8,805,99,2,34,5,5,7,104,6
25725,2021,9,9,4,3,1,1,14,1416,99,1,44,7,7,9,74,6
25726,2021,9,9,4,9,2,1,1,101,18,1,34,5,5,7,97,6
25727,2021,9,9,4,11,2,1,1,101,18,1,77,11,14,16,104,6
25728,2021,9,9,4,15,3,2,2,208,99,1,42,7,7,9,99,6
25729,2021,9,9,4,15,3,2,1,101,6,2,32,5,5,7,97,6
25730,2021,9,9,4,16,3,2,1,107,99,1,37,6,6,8,97,6
25731,2021,9,9,4,16,3,2,1,103,99,1,52,9,9,11,97,6
25732,2021,9,9,4,17,3,2,1,101,12,2,50,9,9,11,104,6
25733,2021,9,9,4,19,4,3,1,101,99,2,23,3,3,5,104,6
25734,2021,9,9,4,21,4,3,1,101,18,2,57,10,10,12,97,6
25735,2021,9,9,4,21,4,3,1,101,18,1,26,4,4,6,97,6
25736,2021,9,9,4,21,4,3,1,101,18,1,33,5,5,7,97,6
25737,2021,9,9,4,22,4,3,1,101,7,1,19,2,2,4,104,6
25738,2021,9,9,4,14,3,2,9,919,99,1,26,4,4,6,97,6
25739,2021,9,9,4,15,3,2,9,909,99,2,24,3,3,5,104,6
25740,2021,9,9,4,16,3,2,21,2101,99,1,37,6,6,8,97,6
25741,2021,9,9,4,14,3,2,16,1601,99,1,28,4,4,6,104,6
25742,2021,9,9,4,16,3,2,16,1601,99,2,31,5,5,7,104,6
25743,2021,9,9,4,17,3,2,16,1601,99,2,31,5,5,7,104,6
25744,2021,9,9,4,17,3,2,16,1601,99,1,32,5,5,7,104,6
25745,2021,9,9,4,17,3,2,16,1601,99,2,39,6,6,8,104,6
25746,2021,9,9,4,18,4,3,16,1603,99,1,36,6,6,8,104,6
25747,2021,9,9,4,8,2,1,11,1105,99,1,38,6,6,8,97,6
25748,2021,9,9,4,11,2,1,10,1021,99,1,35,6,6,8,104,6
25749,2021,9,9,4,15,3,2,11,1101,99,1,32,5,5,7,104,6
25750,2021,9,9,4,15,3,2,11,1101,99,1,41,7,7,9,97,6
25751,2021,9,9,4,16,3,2,11,1101,99,1,24,3,3,5,104,6
25752,2021,9,9,4,11,2,1,4,414,99,2,59,10,10,12,104,6
25753,2021,9,9,4,9,2,1,22,2203,99,1,33,5,5,7,104,6
25754,2021,9,9,4,13,3,2,22,2201,99,1,39,6,6,8,97,6
25755,2021,9,9,4,12,3,2,5,505,99,1,26,4,4,6,97,6
25756,2021,9,9,4,13,3,2,5,501,99,2,51,9,9,11,104,6
25757,2021,9,9,4,18,4,3,5,503,99,2,48,8,8,10,104,6
25758,2021,9,9,4,13,3,2,17,1705,99,1,22,3,3,5,104,6
25759,2021,9,9,4,11,2,1,6,602,99,1,27,4,4,6,104,6
25760,2021,9,9,4,15,3,2,6,608,99,1,53,9,9,11,104,6
25761,2021,9,9,4,11,2,1,1,116,99,1,52,9,9,11,104,6
25762,2021,9,9,4,17,3,2,5,511,99,1,37,6,6,8,104,6
25763,2021,9,9,4,12,3,2,1,116,99,1,33,5,5,7,97,6
25764,2021,9,9,4,10,2,1,1,116,99,1,15,2,2,4,104,6
25765,2021,9,9,4,15,3,2,1,116,99,1,36,6,6,8,97,6
25766,2021,9,9,4,20,4,3,1,111,99,2,28,4,4,6,104,6
25767,2021,9,9,4,10,2,1,9,920,99,1,19,2,2,4,97,6
25768,2021,9,9,4,15,3,2,9,920,99,1,57,10,10,12,94,6
25769,2021,9,9,4,21,4,3,12,1220,99,2,26,4,4,6,97,6
25770,2021,9,9,4,9,2,1,3,314,99,1,30,5,5,7,97,6
25771,2021,9,10,5,16,3,2,12,1203,99,2,60,11,11,13,104,6
25772,2021,9,10,5,16,3,2,13,1305,99,1,23,3,3,5,74,6
25773,2021,9,10,5,12,3,2,1,116,99,2,57,10,10,12,104,6
25774,2021,9,10,5,14,3,2,1,116,99,2,37,6,6,8,97,6
25775,2021,9,10,5,14,3,2,1,116,99,2,21,3,3,5,104,6
25776,2021,9,10,5,14,3,2,1,116,99,1,39,6,6,8,74,6
25777,2021,9,10,5,14,3,2,1,116,99,1,30,5,5,7,97,6
25778,2021,9,10,5,14,3,2,1,116,99,1,34,5,5,7,104,6
25779,2021,9,10,5,9,2,1,4,401,99,1,999,12,16,18,97,6
25780,2021,9,10,5,11,2,1,8,802,99,1,35,6,6,8,104,6
25781,2021,9,10,5,18,4,3,8,808,99,1,29,4,4,6,104,6
25782,2021,9,10,5,13,3,2,1,105,99,1,37,6,6,8,104,6
25783,2021,9,10,5,13,3,2,1,116,99,1,42,7,7,9,97,6
25784,2021,9,10,5,14,3,2,1,101,13,2,29,4,4,6,104,6
25785,2021,9,10,5,14,3,2,1,105,99,1,43,7,7,9,104,6
25786,2021,9,10,5,21,4,3,1,101,5,1,30,5,5,7,97,6
25787,2021,9,10,5,8,2,1,8,808,99,1,29,4,4,6,97,6
25788,2021,9,10,5,15,3,2,12,1220,99,2,26,4,4,6,97,6
25789,2021,9,10,5,11,2,1,21,2102,99,1,50,9,9,11,104,6
25790,2021,9,10,5,22,4,3,21,2101,99,1,28,4,4,6,97,6
25791,2021,9,10,5,12,3,2,15,1501,99,2,40,7,7,9,104,6
25792,2021,9,10,5,18,4,3,15,1504,99,1,999,12,16,18,104,6
25793,2021,9,10,5,12,3,2,16,1601,99,1,31,5,5,7,97,6
25794,2021,9,10,5,10,2,1,10,1001,99,9,999,12,16,18,95,6
25795,2021,9,10,5,13,3,2,4,413,99,2,31,5,5,7,97,6
25796,2021,9,10,5,12,3,2,4,401,99,2,51,9,9,11,97,6
25797,2021,9,10,5,8,2,1,22,2205,99,1,35,6,6,8,104,6
25798,2021,9,10,5,10,2,1,5,502,99,2,31,5,5,7,104,6
25799,2021,9,10,5,17,3,2,5,504,99,2,42,7,7,9,104,6
25800,2021,9,10,5,16,3,2,18,1801,99,1,35,6,6,8,104,6
25801,2021,9,10,5,15,3,2,6,608,99,1,23,3,3,5,104,6
25802,2021,9,10,5,10,2,1,1,117,99,1,41,7,7,9,97,6
25803,2021,9,10,5,12,3,2,1,115,99,2,37,6,6,8,97,6
25804,2021,9,10,5,12,3,2,1,115,99,2,41,7,7,9,104,6
25805,2021,9,10,5,12,3,2,1,115,99,1,41,7,7,9,104,6
25806,2021,9,10,5,16,3,2,1,115,99,1,26,4,4,6,104,6
25807,2021,9,10,5,9,2,1,1,110,99,1,46,8,8,10,104,6
25808,2021,9,10,5,20,4,3,1,108,99,2,28,4,4,6,104,6
25809,2021,9,10,5,13,3,2,9,917,99,1,30,5,5,7,104,6
25810,2021,9,10,5,11,2,1,3,308,99,1,35,6,6,8,104,6
25811,2021,9,10,5,14,3,2,3,312,99,1,52,9,9,11,104,6
25812,2021,9,10,5,16,3,2,3,303,99,1,38,6,6,8,104,6
25813,2021,9,10,5,20,4,3,1,115,99,1,29,4,4,6,97,6
25814,2021,9,11,6,13,3,2,12,1210,99,1,71,11,13,15,104,6
25815,2021,9,11,6,9,2,1,19,1901,99,1,44,7,7,9,74,6
25816,2021,9,11,6,14,3,2,8,801,99,1,26,4,4,6,97,6
25817,2021,9,11,6,17,3,2,1,101,7,2,33,5,5,7,97,6
25818,2021,9,11,6,21,4,3,1,101,99,9,999,12,16,18,84,6
25819,2021,9,11,6,22,4,3,1,101,6,2,48,8,8,10,104,6
25820,2021,9,11,6,23,4,3,1,101,7,2,20,3,3,5,104,6
25821,2021,9,11,6,16,3,2,12,1216,99,2,19,2,2,4,97,6
25822,2021,9,11,6,18,4,3,16,1613,99,2,18,2,2,4,104,6
25823,2021,9,11,6,23,4,3,10,1008,99,1,28,4,4,6,104,6
25824,2021,9,11,6,12,3,2,5,507,99,1,24,3,3,5,104,6
25825,2021,9,11,6,16,3,2,5,511,99,1,31,5,5,7,97,6
25826,2021,9,11,6,13,3,2,6,610,99,1,999,12,16,18,104,6
25827,2021,9,11,6,15,3,2,1,114,99,1,29,4,4,6,104,6
25828,2021,9,11,6,16,3,2,1,115,99,2,36,6,6,8,104,6
25829,2021,9,11,6,16,3,2,1,115,99,1,44,7,7,9,97,6
25830,2021,9,11,6,16,3,2,9,920,99,2,30,5,5,7,104,6
25831,2021,9,11,6,13,3,2,3,306,99,1,30,5,5,7,97,6
25832,2021,9,11,6,15,3,2,3,302,99,2,22,3,3,5,97,6
25833,2021,9,11,6,0,1,1,3,303,99,2,33,5,5,7,104,6
25834,2021,9,12,7,14,3,2,1,101,3,1,26,4,4,6,104,6
25835,2021,9,12,7,19,4,3,1,107,99,1,45,8,8,10,97,6
25836,2021,9,12,7,12,3,2,16,1613,99,1,40,7,7,9,104,6
25837,2021,9,12,7,13,3,2,16,1613,99,1,28,4,4,6,97,6
25838,2021,9,12,7,19,4,3,15,1501,99,2,58,10,10,12,104,6
25839,2021,9,12,7,13,3,2,14,1420,99,2,63,11,11,13,104,6
25840,2021,9,12,7,9,2,1,4,416,99,2,38,6,6,8,104,6
25841,2021,9,12,7,17,3,2,22,2205,99,2,23,3,3,5,104,6
25842,2021,9,12,7,15,3,2,5,502,99,1,50,9,9,11,97,6
25843,2021,9,12,7,10,2,1,1,115,99,2,63,11,11,13,104,6
25844,2021,9,12,7,16,3,2,1,108,99,1,26,4,4,6,104,6
25845,2021,9,12,7,18,4,3,1,108,99,2,52,9,9,11,104,6
25846,2021,9,12,7,11,2,1,9,920,99,1,26,4,4,6,97,6
25847,2021,9,12,7,19,4,3,9,920,99,1,31,5,5,7,104,6
25848,2021,9,12,7,18,4,3,3,303,99,1,44,7,7,9,104,6
25849,2021,9,13,1,15,3,2,1,116,99,1,24,3,3,5,104,6
25850,2021,9,13,1,16,3,2,1,114,99,1,44,7,7,9,97,6
25851,2021,9,13,1,16,3,2,1,114,99,1,51,9,9,11,104,6
25852,2021,9,13,1,8,2,1,1,101,18,1,46,8,8,10,97,6
25853,2021,9,13,1,13,3,2,1,107,99,2,34,5,5,7,97,6
25854,2021,9,13,1,16,3,2,1,101,6,1,37,6,6,8,97,6
25855,2021,9,13,1,6,2,1,1,108,99,1,35,6,6,8,104,6
25856,2021,9,13,1,16,3,2,1,101,18,2,30,5,5,7,104,6
25857,2021,9,13,1,17,3,2,1,107,99,2,51,9,9,11,104,6
25858,2021,9,13,1,12,3,2,1,115,99,1,29,4,4,6,97,6
25859,2021,9,13,1,17,3,2,1,101,5,1,26,4,4,6,97,6
25860,2021,9,13,1,18,4,3,1,101,17,1,53,9,9,11,104,6
25861,2021,9,13,1,18,4,3,1,101,3,2,46,8,8,10,104,6
25862,2021,9,13,1,18,4,3,1,101,13,1,43,7,7,9,104,6
25863,2021,9,13,1,19,4,3,1,106,99,2,37,6,6,8,104,6
25864,2021,9,13,1,22,4,3,1,101,1,2,43,7,7,9,104,6
25865,2021,9,13,1,22,4,3,1,101,5,1,39,6,6,8,97,6
25866,2021,9,13,1,22,4,3,1,101,11,2,31,5,5,7,104,6
25867,2021,9,13,1,17,3,2,9,901,99,2,20,3,3,5,104,6
25868,2021,9,13,1,18,4,3,9,918,99,1,53,9,9,11,104,6
25869,2021,9,13,1,20,4,3,9,919,99,1,25,4,4,6,97,6
25870,2021,9,13,1,10,2,1,21,2101,99,2,31,5,5,7,104,6
25871,2021,9,13,1,14,3,2,21,2102,99,2,45,8,8,10,104,6
25872,2021,9,13,1,12,3,2,16,1602,99,2,39,6,6,8,104,6
25873,2021,9,13,1,12,3,2,10,1010,99,2,19,2,2,4,104,6
25874,2021,9,13,1,19,4,3,10,1001,99,1,22,3,3,5,104,6
25875,2021,9,13,1,15,3,2,4,410,99,2,38,6,6,8,104,6
25876,2021,9,13,1,12,3,2,1,116,99,2,26,4,4,6,97,6
25877,2021,9,13,1,17,3,2,5,505,99,1,22,3,3,5,104,6
25878,2021,9,13,1,18,4,3,6,608,99,1,28,4,4,6,104,6
25879,2021,9,13,1,18,4,3,6,608,99,2,39,6,6,8,104,6
25880,2021,9,13,1,18,4,3,6,608,99,2,39,6,6,8,104,6
25881,2021,9,13,1,22,4,3,1,117,99,1,40,7,7,9,104,6
25882,2021,9,13,1,20,4,3,1,115,99,1,39,6,6,8,104,6
25883,2021,9,13,1,9,2,1,1,115,99,1,30,5,5,7,95,6
25884,2021,9,13,1,16,3,2,9,920,99,2,40,7,7,9,95,6
25885,2021,9,14,2,12,3,2,13,1301,99,1,32,5,5,7,74,6
25886,2021,9,14,2,14,3,2,12,1214,99,2,33,5,5,7,104,6
25887,2021,9,14,2,13,3,2,1,116,99,2,26,4,4,6,104,6
25888,2021,9,14,2,13,3,2,19,1905,99,1,21,3,3,5,104,6
25889,2021,9,14,2,7,2,1,19,1901,99,1,20,3,3,5,104,6
25890,2021,9,14,2,10,2,1,14,1404,99,1,51,9,9,11,74,6
25891,2021,9,14,2,10,2,1,1,101,18,1,21,3,3,5,104,6
25892,2021,9,14,2,10,2,1,1,101,17,1,49,8,8,10,97,6
25893,2021,9,14,2,11,2,1,1,101,7,1,51,9,9,11,104,6
25894,2021,9,14,2,12,3,2,1,101,14,2,41,7,7,9,104,6
25895,2021,9,14,2,13,3,2,1,101,7,2,44,7,7,9,97,6
25896,2021,9,14,2,16,3,2,1,101,17,1,31,5,5,7,104,6
25897,2021,9,14,2,16,3,2,1,101,4,1,35,6,6,8,97,6
25898,2021,9,14,2,17,3,2,1,101,6,1,36,6,6,8,97,6
25899,2021,9,14,2,17,3,2,1,101,5,1,26,4,4,6,104,6
25900,2021,9,14,2,18,4,3,1,106,99,1,31,5,5,7,97,6
25901,2021,9,14,2,20,4,3,1,101,12,1,18,2,2,4,104,6
25902,2021,9,14,2,12,3,2,9,901,99,2,28,4,4,6,97,6
25903,2021,9,14,2,15,3,2,12,1221,99,1,29,4,4,6,104,6
25904,2021,9,14,2,15,3,2,12,1221,99,2,44,7,7,9,104,6
25905,2021,9,14,2,12,3,2,21,2103,99,2,26,4,4,6,104,6
25906,2021,9,14,2,14,3,2,21,2101,99,2,28,4,4,6,97,6
25907,2021,9,14,2,15,3,2,15,1502,99,1,27,4,4,6,97,6
25908,2021,9,14,2,17,3,2,16,1609,99,2,44,7,7,9,104,6
25909,2021,9,14,2,20,4,3,16,1609,99,2,35,6,6,8,104,6
25910,2021,9,14,2,18,4,3,10,1004,99,2,45,8,8,10,97,6
25911,2021,9,14,2,11,2,1,4,401,99,2,42,7,7,9,97,6
25912,2021,9,14,2,12,3,2,22,2202,99,2,33,5,5,7,104,6
25913,2021,9,14,2,15,3,2,22,2203,99,2,999,12,16,18,104,6
25914,2021,9,14,2,16,3,2,22,2217,99,1,24,3,3,5,104,6
25915,2021,9,14,2,16,3,2,5,507,99,1,34,5,5,7,104,6
25916,2021,9,14,2,15,3,2,18,1801,99,2,24,3,3,5,104,6
25917,2021,9,14,2,14,3,2,18,1805,99,1,52,9,9,11,104,6
25918,2021,9,14,2,18,4,3,6,606,99,1,38,6,6,8,104,6
25919,2021,9,14,2,20,4,3,6,611,99,2,22,3,3,5,104,6
25920,2021,9,14,2,3,1,1,1,117,99,2,45,8,8,10,97,6
25921,2021,9,14,2,21,4,3,1,116,99,1,47,8,8,10,104,6
25922,2021,9,14,2,23,4,3,1,114,99,1,46,8,8,10,104,6
25923,2021,9,14,2,12,3,2,9,917,99,2,39,6,6,8,104,6
25924,2021,9,14,2,16,3,2,3,301,99,2,999,12,16,18,97,6
25925,2021,9,14,2,16,3,2,3,303,99,2,53,9,9,11,104,6
25926,2021,9,14,2,18,4,3,3,303,99,2,20,3,3,5,104,6
25927,2021,9,14,2,21,4,3,3,306,99,1,43,7,7,9,104,6
25928,2021,9,15,3,12,3,2,1,114,99,2,50,9,9,11,104,6
25929,2021,9,15,3,0,1,1,1,101,6,2,34,5,5,7,104,6
25930,2021,9,15,3,16,3,2,1,115,99,2,37,6,6,8,104,6
25931,2021,9,15,3,16,3,2,1,101,18,2,43,7,7,9,97,6
25932,2021,9,15,3,21,4,3,1,101,18,1,43,7,7,9,104,6
25933,2021,9,15,3,13,3,2,21,2101,99,1,23,3,3,5,97,6
25934,2021,9,15,3,16,3,2,15,1505,99,1,55,10,10,12,104,6
25935,2021,9,15,3,17,3,2,11,1109,99,2,37,6,6,8,97,6
25936,2021,9,15,3,17,3,2,11,1103,99,2,27,4,4,6,104,6
25937,2021,9,15,3,20,4,3,11,1108,99,1,22,3,3,5,104,6
25938,2021,9,15,3,20,4,3,11,1101,99,2,19,2,2,4,104,6
25939,2021,9,15,3,12,3,2,10,1003,99,1,41,7,7,9,104,6
25940,2021,9,15,3,17,3,2,10,1014,99,1,29,4,4,6,104,6
25941,2021,9,15,3,20,4,3,10,1012,99,1,30,5,5,7,104,6
25942,2021,9,15,3,16,3,2,4,413,99,2,37,6,6,8,104,6
25943,2021,9,15,3,9,2,1,18,1803,99,1,34,5,5,7,104,6
25944,2021,9,15,3,12,3,2,1,115,99,2,65,11,12,14,104,6
25945,2021,9,15,3,23,4,3,1,115,99,2,26,4,4,6,104,6
25946,2021,9,15,3,14,3,2,1,108,99,1,33,5,5,7,104,6
25947,2021,9,15,3,16,3,2,1,111,99,2,32,5,5,7,104,6
25948,2021,9,15,3,10,2,1,3,314,99,2,21,3,3,5,104,6
25949,2021,9,15,3,13,3,2,3,306,99,2,53,9,9,11,104,6
25950,2021,9,15,3,10,2,1,3,314,99,2,41,7,7,9,104,6
25951,2021,9,16,4,14,3,2,12,1226,99,1,25,4,4,6,104,6
25952,2021,9,16,4,0,1,1,1,114,99,1,999,12,16,18,104,6
25953,2021,9,16,4,9,2,1,1,114,99,2,30,5,5,7,104,6
25954,2021,9,16,4,18,4,3,1,114,99,1,21,3,3,5,104,6
25955,2021,9,16,4,19,4,3,14,1413,99,1,28,4,4,6,74,6
25956,2021,9,16,4,12,3,2,1,106,99,1,47,8,8,10,97,6
25957,2021,9,16,4,12,3,2,1,103,99,1,32,5,5,7,104,6
25958,2021,9,16,4,13,3,2,1,101,5,1,37,6,6,8,97,6
25959,2021,9,16,4,13,3,2,1,101,13,1,27,4,4,6,94,6
25960,2021,9,16,4,16,3,2,1,101,6,1,53,9,9,11,97,6
25961,2021,9,16,4,16,3,2,1,101,12,1,35,6,6,8,104,6
25962,2021,9,16,4,17,3,2,1,101,3,1,18,2,2,4,104,6
25963,2021,9,16,4,17,3,2,1,101,14,1,20,3,3,5,97,6
25964,2021,9,16,4,18,4,3,1,101,21,1,56,10,10,12,97,6
25965,2021,9,16,4,18,4,3,1,108,99,1,34,5,5,7,97,6
25966,2021,9,16,4,18,4,3,1,101,5,1,29,4,4,6,95,6
25967,2021,9,16,4,19,4,3,1,101,99,1,47,8,8,10,104,6
25968,2021,9,16,4,21,4,3,1,101,7,1,29,4,4,6,104,6
25969,2021,9,16,4,21,4,3,1,101,12,1,39,6,6,8,97,6
25970,2021,9,16,4,21,4,3,1,101,18,1,23,3,3,5,104,6
25971,2021,9,16,4,21,4,3,1,101,1,1,51,9,9,11,104,6
25972,2021,9,16,4,21,4,3,1,101,12,1,25,4,4,6,97,6
25973,2021,9,16,4,22,4,3,1,101,7,1,40,7,7,9,104,6
25974,2021,9,16,4,22,4,3,1,101,1,1,37,6,6,8,94,6
25975,2021,9,16,4,22,4,3,1,101,6,1,25,4,4,6,97,6
25976,2021,9,16,4,23,4,3,1,101,18,1,35,6,6,8,97,6
25977,2021,9,16,4,15,3,2,21,2101,99,1,35,6,6,8,104,6
25978,2021,9,16,4,15,3,2,16,1615,99,1,33,5,5,7,104,6
25979,2021,9,16,4,15,3,2,16,1613,99,1,23,3,3,5,97,6
25980,2021,9,16,4,17,3,2,16,1601,99,2,56,10,10,12,104,6
25981,2021,9,16,4,22,4,3,16,1610,99,2,35,6,6,8,104,6
25982,2021,9,16,4,18,4,3,4,407,99,1,41,7,7,9,104,6
25983,2021,9,16,4,13,3,2,22,2205,99,1,52,9,9,11,104,6
25984,2021,9,16,4,14,3,2,22,2201,99,1,29,4,4,6,97,6
25985,2021,9,16,4,20,4,3,5,501,99,1,56,10,10,12,97,6
25986,2021,9,16,4,10,2,1,5,505,99,2,48,8,8,10,97,6
25987,2021,9,16,4,12,3,2,5,504,99,1,36,6,6,8,104,6
25988,2021,9,16,4,12,3,2,18,1802,99,1,21,3,3,5,104,6
25989,2021,9,16,4,21,4,3,1,115,99,1,30,5,5,7,94,6
25990,2021,9,16,4,8,2,1,1,116,99,1,38,6,6,8,104,6
25991,2021,9,16,4,15,3,2,1,115,99,1,27,4,4,6,104,6
25992,2021,9,16,4,10,2,1,1,117,99,1,31,5,5,7,97,6
25993,2021,9,16,4,3,1,1,1,115,99,1,46,8,8,10,97,6
25994,2021,9,16,4,12,3,2,1,108,99,1,35,6,6,8,104,6
25995,2021,9,16,4,12,3,2,1,111,99,2,32,5,5,7,104,6
25996,2021,9,16,4,12,3,2,1,108,99,2,24,3,3,5,97,6
25997,2021,9,16,4,11,2,1,3,309,99,1,42,7,7,9,97,6
25998,2021,9,17,5,10,2,1,20,2007,99,1,27,4,4,6,104,6
25999,2021,9,17,5,9,2,1,12,1202,99,1,41,7,7,9,104,6
26000,2021,9,17,5,16,3,2,12,1202,99,1,44,7,7,9,104,6
26001,2021,9,17,5,12,3,2,1,115,99,9,999,12,16,18,95,6
26002,2021,9,17,5,10,2,1,1,113,99,2,55,10,10,12,97,6
26003,2021,9,17,5,11,2,1,1,101,2,2,39,6,6,8,97,6
26004,2021,9,17,5,11,2,1,1,101,10,1,54,9,9,11,104,6
26005,2021,9,17,5,14,3,2,1,101,17,2,33,5,5,7,99,6
26006,2021,9,17,5,15,3,2,1,108,99,2,42,7,7,9,97,6
26007,2021,9,17,5,15,3,2,1,108,99,1,32,5,5,7,97,6
26008,2021,9,17,5,15,3,2,1,101,5,1,40,7,7,9,104,6
26009,2021,9,17,5,18,4,3,1,101,10,1,57,10,10,12,104,6
26010,2021,9,17,5,20,4,3,1,101,15,1,55,10,10,12,104,6
26011,2021,9,17,5,22,4,3,1,101,19,1,25,4,4,6,97,6
26012,2021,9,17,5,22,4,3,1,101,1,1,48,8,8,10,97,6
26013,2021,9,17,5,22,4,3,1,101,13,1,43,7,7,9,97,6
26014,2021,9,17,5,23,4,3,1,101,7,1,37,6,6,8,97,6
26015,2021,9,17,5,23,4,3,1,101,21,1,37,6,6,8,104,6
26016,2021,9,17,5,23,4,3,1,101,10,1,35,6,6,8,97,6
26017,2021,9,17,5,10,2,1,21,2101,99,1,27,4,4,6,97,6
26018,2021,9,17,5,15,3,2,21,2103,99,2,37,6,6,8,104,6
26019,2021,9,17,5,20,4,3,16,1610,99,1,39,6,6,8,104,6
26020,2021,9,17,5,21,4,3,15,1501,99,1,24,3,3,5,104,6
26021,2021,9,17,5,10,2,1,11,1101,99,2,27,4,4,6,104,6
26022,2021,9,17,5,15,3,2,11,1101,99,1,36,6,6,8,97,6
26023,2021,9,17,5,10,2,1,10,1014,99,1,39,6,6,8,97,6
26024,2021,9,17,5,18,4,3,11,1103,99,1,40,7,7,9,104,6
26025,2021,9,17,5,16,3,2,10,1016,99,1,52,9,9,11,104,6
26026,2021,9,17,5,20,4,3,11,1101,99,1,48,8,8,10,97,6
26027,2021,9,17,5,12,3,2,5,513,99,2,50,9,9,11,104,6
26028,2021,9,17,5,17,3,2,5,501,99,1,42,7,7,9,104,6
26029,2021,9,17,5,17,3,2,5,501,99,2,44,7,7,9,104,6
26030,2021,9,17,5,14,3,2,18,1801,99,2,33,5,5,7,104,6
26031,2021,9,17,5,14,3,2,1,115,99,2,24,3,3,5,104,6
26032,2021,9,17,5,15,3,2,1,115,99,1,34,5,5,7,97,6
26033,2021,9,17,5,14,3,2,1,115,99,1,24,3,3,5,97,6
26034,2021,9,17,5,12,3,2,1,108,99,2,24,3,3,5,104,6
26035,2021,9,17,5,12,3,2,1,108,99,1,26,4,4,6,104,6
26036,2021,9,17,5,7,2,1,3,303,99,1,21,3,3,5,104,6
26037,2021,9,18,6,21,4,3,13,1301,99,2,24,3,3,5,74,6
26038,2021,9,18,6,11,2,1,1,101,1,2,32,5,5,7,104,6
26039,2021,9,18,6,13,3,2,1,106,99,1,24,3,3,5,97,6
26040,2021,9,18,6,13,3,2,1,101,5,1,22,3,3,5,97,6
26041,2021,9,18,6,15,3,2,1,101,1,1,45,8,8,10,97,6
26042,2021,9,18,6,15,3,2,1,101,16,2,31,5,5,7,104,6
26043,2021,9,18,6,16,3,2,1,103,99,2,31,5,5,7,104,6
26044,2021,9,18,6,16,3,2,1,101,3,2,47,8,8,10,97,6
26045,2021,9,18,6,17,3,2,1,101,17,1,34,5,5,7,97,6
26046,2021,9,18,6,19,4,3,1,101,10,2,37,6,6,8,104,6
26047,2021,9,18,6,10,2,1,1,101,3,2,28,4,4,6,104,6
26048,2021,9,18,6,19,4,3,1,101,6,1,27,4,4,6,104,6
26049,2021,9,18,6,17,3,2,21,2102,99,1,34,5,5,7,104,6
26050,2021,9,18,6,18,4,3,15,1501,99,1,22,3,3,5,104,6
26051,2021,9,18,6,19,4,3,15,1503,99,2,37,6,6,8,104,6
26052,2021,9,18,6,10,2,1,11,1109,99,1,30,5,5,7,104,6
26053,2021,9,18,6,11,2,1,11,1102,99,2,36,6,6,8,104,6
26054,2021,9,18,6,10,2,1,11,1109,99,2,25,4,4,6,97,6
26055,2021,9,18,6,19,4,3,10,1001,99,1,41,7,7,9,97,6
26056,2021,9,18,6,10,2,1,4,413,99,2,26,4,4,6,104,6
26057,2021,9,18,6,12,3,2,4,411,99,2,29,4,4,6,104,6
26058,2021,9,18,6,17,3,2,5,502,99,2,36,6,6,8,104,6
26059,2021,9,18,6,11,2,1,18,1803,99,2,19,2,2,4,104,6
26060,2021,9,18,6,18,4,3,6,609,99,1,26,4,4,6,104,6
26061,2021,9,18,6,12,3,2,1,114,99,2,47,8,8,10,104,6
26062,2021,9,18,6,12,3,2,1,116,99,2,40,7,7,9,104,6
26063,2021,9,18,6,1,1,1,1,110,99,1,44,7,7,9,97,6
26064,2021,9,18,6,15,3,2,1,108,99,2,52,9,9,11,97,6
26065,2021,9,18,6,20,4,3,3,312,99,1,999,12,16,18,97,6
26066,2021,9,19,7,13,3,2,1,114,99,1,27,4,4,6,104,6
26067,2021,9,19,7,99,5,4,1,114,99,1,999,12,16,18,104,6
26068,2021,9,19,7,9,2,1,1,101,16,1,42,7,7,9,104,6
26069,2021,9,19,7,13,3,2,1,101,7,1,39,6,6,8,104,6
26070,2021,9,19,7,13,3,2,1,101,10,1,34,5,5,7,97,6
26071,2021,9,19,7,21,4,3,1,101,18,2,44,7,7,9,104,6
26072,2021,9,19,7,21,4,3,1,101,18,1,37,6,6,8,97,6
26073,2021,9,19,7,22,4,3,1,108,99,2,23,3,3,5,97,6
26074,2021,9,19,7,22,4,3,1,101,3,2,19,2,2,4,97,6
26075,2021,9,19,7,20,4,3,16,1607,99,2,42,7,7,9,104,6
26076,2021,9,19,7,11,2,1,10,1001,99,1,38,6,6,8,97,6
26077,2021,9,19,7,11,2,1,10,1014,99,2,18,2,2,4,104,6
26078,2021,9,19,7,9,2,1,4,416,99,1,55,10,10,12,97,6
26079,2021,9,19,7,18,4,3,4,408,99,2,47,8,8,10,104,6
26080,2021,9,19,7,14,3,2,22,2201,99,2,21,3,3,5,104,6
26081,2021,9,19,7,15,3,2,6,608,99,1,22,3,3,5,104,6
26082,2021,9,19,7,16,3,2,6,602,99,2,23,3,3,5,104,6
26083,2021,9,19,7,13,3,2,1,114,99,1,44,7,7,9,104,6
26084,2021,9,19,7,17,3,2,1,108,99,1,33,5,5,7,97,6
26085,2021,9,19,7,15,3,2,3,307,99,2,24,3,3,5,104,6
26086,2021,9,20,1,14,3,2,13,1301,99,1,35,6,6,8,74,6
26087,2021,9,20,1,18,4,3,13,1301,99,2,31,5,5,7,74,6
26088,2021,9,20,1,19,4,3,13,1301,99,2,33,5,5,7,74,6
26089,2021,9,20,1,18,4,3,12,1219,99,2,43,7,7,9,104,6
26090,2021,9,20,1,15,3,2,8,801,99,1,36,6,6,8,97,6
26091,2021,9,20,1,8,2,1,1,116,99,1,38,6,6,8,104,6
26092,2021,9,20,1,0,1,1,1,117,99,1,48,8,8,10,104,6
26093,2021,9,20,1,8,2,1,1,101,11,2,35,6,6,8,99,6
26094,2021,9,20,1,11,2,1,1,101,7,1,48,8,8,10,104,6
26095,2021,9,20,1,15,3,2,1,101,6,1,58,10,10,12,97,6
26096,2021,9,20,1,15,3,2,1,106,99,1,30,5,5,7,97,6
26097,2021,9,20,1,15,3,2,1,101,12,1,31,5,5,7,97,6
26098,2021,9,20,1,15,3,2,1,101,18,2,33,5,5,7,97,6
26099,2021,9,20,1,16,3,2,1,102,99,2,40,7,7,9,104,6
26100,2021,9,20,1,16,3,2,1,101,6,1,38,6,6,8,104,6
26101,2021,9,20,1,16,3,2,1,101,18,1,28,4,4,6,104,6
26102,2021,9,20,1,16,3,2,1,101,7,2,30,5,5,7,104,6
26103,2021,9,20,1,16,3,2,1,101,99,1,69,11,12,14,104,6
26104,2021,9,20,1,17,3,2,1,101,6,1,54,9,9,11,97,6
26105,2021,9,20,1,17,3,2,1,101,6,2,31,5,5,7,104,6
26106,2021,9,20,1,18,4,3,1,102,99,1,66,11,12,14,104,6
26107,2021,9,20,1,19,4,3,1,103,99,2,25,4,4,6,97,6
26108,2021,9,20,1,20,4,3,1,101,6,2,29,4,4,6,97,6
26109,2021,9,20,1,20,4,3,1,106,99,1,29,4,4,6,104,6
26110,2021,9,20,1,20,4,3,1,101,1,1,42,7,7,9,104,6
26111,2021,9,20,1,20,4,3,1,101,11,1,33,5,5,7,104,6
26112,2021,9,20,1,21,4,3,1,101,4,1,61,11,11,13,104,6
26113,2021,9,20,1,21,4,3,1,101,3,1,36,6,6,8,94,6
26114,2021,9,20,1,21,4,3,1,101,6,1,52,9,9,11,104,6
26115,2021,9,20,1,10,2,1,13,1301,99,1,29,4,4,6,104,6
26116,2021,9,20,1,11,2,1,21,2101,99,1,60,11,11,13,104,6
26117,2021,9,20,1,18,4,3,15,1507,99,2,46,8,8,10,104,6
26118,2021,9,20,1,15,3,2,11,1105,99,1,21,3,3,5,104,6
26119,2021,9,20,1,11,2,1,10,1010,99,9,999,12,16,18,104,6
26120,2021,9,20,1,11,2,1,10,1007,99,2,29,4,4,6,97,6
26121,2021,9,20,1,16,3,2,10,1014,99,2,40,7,7,9,104,6
26122,2021,9,20,1,18,4,3,4,412,99,2,36,6,6,8,104,6
26123,2021,9,20,1,20,4,3,4,414,99,2,32,5,5,7,104,6
26124,2021,9,20,1,21,4,3,4,415,99,2,33,5,5,7,104,6
26125,2021,9,20,1,16,3,2,22,2205,99,2,56,10,10,12,104,6
26126,2021,9,20,1,15,3,2,5,505,99,1,47,8,8,10,104,6
26127,2021,9,20,1,15,3,2,5,514,99,1,25,4,4,6,104,6
26128,2021,9,20,1,16,3,2,5,506,99,1,50,9,9,11,104,6
26129,2021,9,20,1,12,3,2,6,610,99,1,33,5,5,7,104,6
26130,2021,9,20,1,18,4,3,6,609,99,1,25,4,4,6,104,6
26131,2021,9,20,1,16,3,2,1,115,99,1,33,5,5,7,97,6
26132,2021,9,20,1,12,3,2,1,117,99,1,48,8,8,10,104,6
26133,2021,9,20,1,12,3,2,1,110,99,2,21,3,3,5,104,6
26134,2021,9,20,1,14,3,2,1,109,99,1,40,7,7,9,104,6
26135,2021,9,20,1,16,3,2,1,108,99,1,999,12,16,18,99,6
26136,2021,9,20,1,16,3,2,1,108,99,2,999,12,16,18,97,6
26137,2021,9,20,1,16,3,2,1,108,99,1,999,12,16,18,97,6
26138,2021,9,20,1,16,3,2,1,108,99,1,999,12,16,18,97,6
26139,2021,9,20,1,16,3,2,1,108,99,1,999,12,16,18,97,6
26140,2021,9,20,1,20,4,3,1,108,99,1,35,6,6,8,104,6
26141,2021,9,20,1,22,4,3,1,108,99,1,21,3,3,5,97,6
26142,2021,9,20,1,11,2,1,9,921,99,2,37,6,6,8,97,6
26143,2021,9,20,1,11,2,1,9,921,99,1,38,6,6,8,104,6
26144,2021,9,20,1,14,3,2,9,922,99,1,20,3,3,5,104,6
26145,2021,9,20,1,20,4,3,3,308,99,1,36,6,6,8,104,6
26146,2021,9,20,1,15,3,2,3,312,99,2,37,6,6,8,97,6
26147,2021,9,21,2,10,2,1,12,1219,99,2,25,4,4,6,74,6
26148,2021,9,21,2,13,3,2,8,801,99,2,45,8,8,10,104,6
26149,2021,9,21,2,19,4,3,8,801,99,1,20,3,3,5,104,6
26150,2021,9,21,2,9,2,1,13,1324,99,1,42,7,7,9,74,6
26151,2021,9,21,2,12,3,2,1,114,99,1,41,7,7,9,104,6
26152,2021,9,21,2,13,3,2,1,116,99,1,44,7,7,9,104,6
26153,2021,9,21,2,15,3,2,1,101,6,1,41,7,7,9,97,6
26154,2021,9,21,2,15,3,2,1,101,2,1,31,5,5,7,104,6
26155,2021,9,21,2,16,3,2,1,101,21,2,24,3,3,5,104,6
26156,2021,9,21,2,16,3,2,1,107,99,2,38,6,6,8,97,6
26157,2021,9,21,2,16,3,2,1,108,99,1,21,3,3,5,104,6
26158,2021,9,21,2,17,3,2,1,101,18,2,46,8,8,10,104,6
26159,2021,9,21,2,17,3,2,1,101,9,1,43,7,7,9,97,6
26160,2021,9,21,2,17,3,2,1,106,99,2,36,6,6,8,97,6
26161,2021,9,21,2,19,4,3,1,101,6,2,30,5,5,7,104,6
26162,2021,9,21,2,19,4,3,1,101,18,1,65,11,12,14,97,6
26163,2021,9,21,2,21,4,3,1,101,7,2,33,5,5,7,97,6
26164,2021,9,21,2,21,4,3,1,101,1,2,20,3,3,5,97,6
26165,2021,9,21,2,21,4,3,1,101,6,1,37,6,6,8,97,6
26166,2021,9,21,2,9,2,1,21,2101,99,2,31,5,5,7,104,6
26167,2021,9,21,2,14,3,2,21,2107,99,1,26,4,4,6,104,6
26168,2021,9,21,2,14,3,2,21,2107,99,1,39,6,6,8,104,6
26169,2021,9,21,2,17,3,2,21,2101,99,2,52,9,9,11,104,6
26170,2021,9,21,2,19,4,3,21,2101,99,2,28,4,4,6,104,6
26171,2021,9,21,2,12,3,2,15,1501,99,2,24,3,3,5,104,6
26172,2021,9,21,2,18,4,3,11,1108,99,1,29,4,4,6,99,6
26173,2021,9,21,2,15,3,2,10,1002,99,2,22,3,3,5,104,6
26174,2021,9,21,2,16,3,2,10,1014,99,2,43,7,7,9,104,6
26175,2021,9,21,2,16,3,2,11,1107,99,1,53,9,9,11,104,6
26176,2021,9,21,2,20,4,3,4,406,99,1,43,7,7,9,97,6
26177,2021,9,21,2,11,2,1,5,501,99,1,25,4,4,6,104,6
26178,2021,9,21,2,13,3,2,5,511,99,2,33,5,5,7,104,6
26179,2021,9,21,2,14,3,2,5,510,99,1,999,12,16,18,104,6
26180,2021,9,21,2,16,3,2,5,501,99,2,32,5,5,7,97,6
26181,2021,9,21,2,8,2,1,6,602,99,2,22,3,3,5,104,6
26182,2021,9,21,2,12,3,2,6,612,99,1,18,2,2,4,104,6
26183,2021,9,21,2,20,4,3,6,610,99,2,44,7,7,9,104,6
26184,2021,9,21,2,9,2,1,1,115,99,1,36,6,6,8,104,6
26185,2021,9,21,2,12,3,2,1,115,99,2,38,6,6,8,104,6
26186,2021,9,21,2,13,3,2,1,116,99,1,999,12,16,18,97,6
26187,2021,9,21,2,10,2,1,1,115,99,1,43,7,7,9,97,6
26188,2021,9,21,2,8,2,1,1,115,99,2,39,6,6,8,97,6
26189,2021,9,21,2,11,2,1,1,117,99,2,23,3,3,5,104,6
26190,2021,9,21,2,16,3,2,1,108,99,2,30,5,5,7,97,6
26191,2021,9,21,2,17,3,2,1,108,99,1,39,6,6,8,97,6
26192,2021,9,21,2,17,3,2,1,109,99,2,31,5,5,7,104,6
26193,2021,9,21,2,22,4,3,1,110,99,1,23,3,3,5,97,6
26194,2021,9,21,2,18,4,3,9,920,99,2,69,11,12,14,97,6
26195,2021,9,22,3,13,3,2,13,1301,99,2,999,12,16,18,74,6
26196,2021,9,22,3,11,2,1,1,114,99,1,44,7,7,9,104,6
26197,2021,9,22,3,14,3,2,1,117,99,1,52,9,9,11,104,6
26198,2021,9,22,3,15,3,2,14,1414,99,1,26,4,4,6,74,6
26199,2021,9,22,3,8,2,1,1,101,99,2,29,4,4,6,104,6
26200,2021,9,22,3,0,1,1,1,101,99,2,24,3,3,5,94,6
26201,2021,9,22,3,13,3,2,1,101,1,1,52,9,9,11,99,6
26202,2021,9,22,3,14,3,2,1,103,99,1,49,8,8,10,104,6
26203,2021,9,22,3,14,3,2,1,101,17,1,26,4,4,6,104,6
26204,2021,9,22,3,14,3,2,1,101,6,2,45,8,8,10,104,6
26205,2021,9,22,3,15,3,2,1,102,99,1,28,4,4,6,99,6
26206,2021,9,22,3,19,4,3,1,101,2,2,38,6,6,8,104,6
26207,2021,9,22,3,20,4,3,1,107,99,1,36,6,6,8,104,6
26208,2021,9,22,3,21,4,3,1,101,1,1,38,6,6,8,104,6
26209,2021,9,22,3,22,4,3,1,107,99,1,40,7,7,9,97,6
26210,2021,9,22,3,22,4,3,1,101,1,1,57,10,10,12,97,6
26211,2021,9,22,3,11,2,1,9,923,99,1,55,10,10,12,97,6
26212,2021,9,22,3,15,3,2,12,1222,99,2,22,3,3,5,104,6
26213,2021,9,22,3,11,2,1,10,1008,99,1,999,12,16,18,104,6
26214,2021,9,22,3,15,3,2,11,1101,99,1,26,4,4,6,104,6
26215,2021,9,22,3,17,3,2,11,1101,99,1,24,3,3,5,97,6
26216,2021,9,22,3,17,3,2,11,1101,99,2,40,7,7,9,104,6
26217,2021,9,22,3,17,3,2,11,1101,99,1,27,4,4,6,104,6
26218,2021,9,22,3,12,3,2,4,414,99,2,999,12,16,18,97,6
26219,2021,9,22,3,14,3,2,4,415,99,1,21,3,3,5,97,6
26220,2021,9,22,3,18,4,3,4,409,99,1,57,10,10,12,104,6
26221,2021,9,22,3,16,3,2,22,2203,99,1,30,5,5,7,97,6
26222,2021,9,22,3,14,3,2,22,2201,99,2,999,12,16,18,104,6
26223,2021,9,22,3,20,4,3,22,2201,99,1,46,8,8,10,97,6
26224,2021,9,22,3,12,3,2,5,501,99,2,23,3,3,5,104,6
26225,2021,9,22,3,17,3,2,6,612,99,1,28,4,4,6,104,6
26226,2021,9,22,3,17,3,2,6,608,99,1,18,2,2,4,104,6
26227,2021,9,22,3,21,4,3,6,602,99,1,39,6,6,8,104,6
26228,2021,9,22,3,19,4,3,1,115,99,1,27,4,4,6,104,6
26229,2021,9,22,3,13,3,2,1,117,99,1,32,5,5,7,97,6
26230,2021,9,22,3,20,4,3,1,117,99,1,60,11,11,13,97,6
26231,2021,9,22,3,11,2,1,1,117,99,1,36,6,6,8,104,6
26232,2021,9,22,3,9,2,1,1,108,99,1,43,7,7,9,97,6
26233,2021,9,22,3,12,3,2,1,108,99,1,35,6,6,8,104,6
26234,2021,9,22,3,14,3,2,1,110,99,1,48,8,8,10,104,6
26235,2021,9,22,3,9,2,1,9,920,99,2,34,5,5,7,104,6
26236,2021,9,22,3,12,3,2,9,920,99,2,42,7,7,9,97,6
26237,2021,9,22,3,16,3,2,3,301,99,1,16,2,2,4,104,6
26238,2021,9,22,3,18,4,3,3,301,99,1,59,10,10,12,97,6
26239,2021,9,22,3,21,4,3,3,301,99,2,19,2,2,4,104,6
26240,2021,9,23,4,12,3,2,12,1201,99,1,42,7,7,9,104,6
26241,2021,9,23,4,11,2,1,12,1202,99,1,23,3,3,5,104,6
26242,2021,9,23,4,8,2,1,12,1213,99,1,33,5,5,7,104,6
26243,2021,9,23,4,8,2,1,1,117,99,1,60,11,11,13,104,6
26244,2021,9,23,4,11,2,1,1,101,9,2,42,7,7,9,104,6
26245,2021,9,23,4,15,3,2,1,101,25,1,31,5,5,7,104,6
26246,2021,9,23,4,16,3,2,1,101,1,1,30,5,5,7,104,6
26247,2021,9,23,4,18,4,3,1,113,99,2,37,6,6,8,97,6
26248,2021,9,23,4,18,4,3,1,101,7,1,19,2,2,4,97,6
26249,2021,9,23,4,19,4,3,1,101,99,2,42,7,7,9,104,6
26250,2021,9,23,4,21,4,3,1,101,2,1,38,6,6,8,97,6
26251,2021,9,23,4,21,4,3,1,102,99,1,26,4,4,6,97,6
26252,2021,9,23,4,22,4,3,1,101,6,1,56,10,10,12,97,6
26253,2021,9,23,4,22,4,3,1,101,3,2,54,9,9,11,97,6
26254,2021,9,23,4,22,4,3,1,101,2,1,33,5,5,7,97,6
26255,2021,9,23,4,22,4,3,1,101,21,1,50,9,9,11,97,6
26256,2021,9,23,4,23,4,3,1,101,9,1,37,6,6,8,97,6
26257,2021,9,23,4,23,4,3,1,107,99,1,25,4,4,6,97,6
26258,2021,9,23,4,15,3,2,12,1212,99,2,27,4,4,6,104,6
26259,2021,9,23,4,15,3,2,9,919,99,2,28,4,4,6,97,6
26260,2021,9,23,4,15,3,2,12,1230,99,1,25,4,4,6,104,6
26261,2021,9,23,4,17,3,2,9,901,99,2,33,5,5,7,104,6
26262,2021,9,23,4,12,3,2,21,2101,99,1,68,11,12,14,104,6
26263,2021,9,23,4,15,3,2,21,2101,99,2,51,9,9,11,104,6
26264,2021,9,23,4,14,3,2,16,1603,99,1,45,8,8,10,104,6
26265,2021,9,23,4,15,3,2,16,1601,99,2,55,10,10,12,104,6
26266,2021,9,23,4,16,3,2,16,1602,99,2,35,6,6,8,104,6
26267,2021,9,23,4,17,3,2,11,1101,99,2,53,9,9,11,97,6
26268,2021,9,23,4,17,3,2,10,1010,99,1,45,8,8,10,104,6
26269,2021,9,23,4,11,2,1,11,1108,99,1,22,3,3,5,104,6
26270,2021,9,23,4,18,4,3,10,1001,99,2,37,6,6,8,97,6
26271,2021,9,23,4,20,4,3,11,1107,99,1,23,3,3,5,104,6
26272,2021,9,23,4,20,4,3,11,1101,99,2,56,10,10,12,97,6
26273,2021,9,23,4,22,4,3,11,1101,99,1,46,8,8,10,94,6
26274,2021,9,23,4,15,3,2,22,2204,99,2,36,6,6,8,104,6
26275,2021,9,23,4,12,3,2,22,2215,99,2,46,8,8,10,104,6
26276,2021,9,23,4,9,2,1,5,508,99,1,43,7,7,9,104,6
26277,2021,9,23,4,13,3,2,5,501,99,1,37,6,6,8,104,6
26278,2021,9,23,4,15,3,2,5,501,99,2,30,5,5,7,104,6
26279,2021,9,23,4,13,3,2,18,1801,99,1,51,9,9,11,99,6
26280,2021,9,23,4,21,4,3,18,1804,99,2,57,10,10,12,104,6
26281,2021,9,23,4,17,3,2,6,606,99,1,41,7,7,9,104,6
26282,2021,9,23,4,19,4,3,6,602,99,1,61,11,11,13,104,6
26283,2021,9,23,4,19,4,3,6,604,99,1,20,3,3,5,104,6
26284,2021,9,23,4,16,3,2,1,115,99,2,60,11,11,13,104,6
26285,2021,9,23,4,12,3,2,1,115,99,2,50,9,9,11,104,6
26286,2021,9,23,4,20,4,3,1,115,99,2,32,5,5,7,97,6
26287,2021,9,23,4,12,3,2,1,108,99,2,38,6,6,8,104,6
26288,2021,9,23,4,15,3,2,1,108,99,2,38,6,6,8,104,6
26289,2021,9,23,4,13,3,2,9,920,99,1,25,4,4,6,97,6
26290,2021,9,23,4,21,4,3,3,308,99,1,38,6,6,8,104,6
26291,2021,9,24,5,18,4,3,1,116,99,2,40,7,7,9,104,6
26292,2021,9,24,5,9,2,1,14,1415,99,1,29,4,4,6,74,6
26293,2021,9,24,5,8,2,1,1,103,99,2,36,6,6,8,104,6
26294,2021,9,24,5,15,3,2,1,101,99,1,47,8,8,10,99,6
26295,2021,9,24,5,16,3,2,1,101,15,1,50,9,9,11,104,6
26296,2021,9,24,5,17,3,2,1,103,99,2,43,7,7,9,97,6
26297,2021,9,24,5,17,3,2,1,101,18,2,47,8,8,10,97,6
26298,2021,9,24,5,18,4,3,1,101,21,2,58,10,10,12,97,6
26299,2021,9,24,5,18,4,3,1,101,5,1,67,11,12,14,97,6
26300,2021,9,24,5,6,2,1,1,101,99,1,37,6,6,8,97,6
26301,2021,9,24,5,18,4,3,1,101,19,1,29,4,4,6,97,6
26302,2021,9,24,5,18,4,3,1,113,99,1,27,4,4,6,104,6
26303,2021,9,24,5,20,4,3,1,101,1,1,44,7,7,9,97,6
26304,2021,9,24,5,11,2,1,8,805,99,1,51,9,9,11,94,6
26305,2021,9,24,5,12,3,2,9,901,99,2,24,3,3,5,97,6
26306,2021,9,24,5,11,2,1,21,2101,99,2,45,8,8,10,97,6
26307,2021,9,24,5,12,3,2,21,2106,99,1,34,5,5,7,97,6
26308,2021,9,24,5,8,2,1,14,1420,99,2,26,4,4,6,104,6
26309,2021,9,24,5,9,2,1,15,1502,99,1,33,5,5,7,104,6
26310,2021,9,24,5,13,3,2,15,1501,99,1,55,10,10,12,104,6
26311,2021,9,24,5,20,4,3,16,1607,99,1,44,7,7,9,104,6
26312,2021,9,24,5,14,3,2,10,1002,99,2,49,8,8,10,104,6
26313,2021,9,24,5,14,3,2,10,1001,99,1,37,6,6,8,97,6
26314,2021,9,24,5,17,3,2,10,1014,99,1,43,7,7,9,104,6
26315,2021,9,24,5,18,4,3,10,1016,99,2,46,8,8,10,97,6
26316,2021,9,24,5,12,3,2,4,407,99,2,36,6,6,8,97,6
26317,2021,9,24,5,13,3,2,4,406,99,1,46,8,8,10,94,6
26318,2021,9,24,5,17,3,2,4,401,99,1,49,8,8,10,97,6
26319,2021,9,24,5,12,3,2,22,2211,99,2,999,12,16,18,104,6
26320,2021,9,24,5,16,3,2,22,2205,99,2,22,3,3,5,104,6
26321,2021,9,24,5,11,2,1,21,2104,99,2,48,8,8,10,104,6
26322,2021,9,24,5,18,4,3,22,2210,99,2,24,3,3,5,104,6
26323,2021,9,24,5,10,2,1,18,1801,99,1,48,8,8,10,97,6
26324,2021,9,24,5,9,2,1,6,608,99,2,29,4,4,6,104,6
26325,2021,9,24,5,18,4,3,1,115,99,1,60,11,11,13,104,6
26326,2021,9,24,5,20,4,3,1,114,99,1,53,9,9,11,96,6
26327,2021,9,24,5,12,3,2,1,108,99,1,33,5,5,7,104,6
26328,2021,9,24,5,14,3,2,1,108,99,2,28,4,4,6,97,6
26329,2021,9,24,5,9,2,1,3,304,99,1,42,7,7,9,104,6
26330,2021,9,25,6,14,3,2,12,1215,99,2,22,3,3,5,104,6
26331,2021,9,25,6,9,2,1,1,114,99,2,35,6,6,8,97,6
26332,2021,9,25,6,14,3,2,1,101,7,1,28,4,4,6,97,6
26333,2021,9,25,6,14,3,2,1,107,99,1,36,6,6,8,104,6
26334,2021,9,25,6,19,4,3,1,101,3,1,46,8,8,10,97,6
26335,2021,9,25,6,19,4,3,1,115,99,2,22,3,3,5,97,6
26336,2021,9,25,6,19,4,3,1,101,16,2,28,4,4,6,97,6
26337,2021,9,25,6,20,4,3,1,101,3,1,35,6,6,8,97,6
26338,2021,9,25,6,20,4,3,1,101,1,2,30,5,5,7,74,6
26339,2021,9,25,6,21,4,3,1,101,5,1,39,6,6,8,97,6
26340,2021,9,25,6,11,2,1,21,2101,99,1,51,9,9,11,104,6
26341,2021,9,25,6,20,4,3,21,2103,99,1,36,6,6,8,104,6
26342,2021,9,25,6,15,3,2,11,1106,99,1,44,7,7,9,104,6
26343,2021,9,25,6,16,3,2,4,413,99,2,48,8,8,10,104,6
26344,2021,9,25,6,13,3,2,22,2202,99,1,34,5,5,7,97,6
26345,2021,9,25,6,20,4,3,22,2201,99,1,34,5,5,7,97,6
26346,2021,9,25,6,12,3,2,5,506,99,2,30,5,5,7,104,6
26347,2021,9,25,6,17,3,2,5,506,99,2,47,8,8,10,104,6
26348,2021,9,25,6,18,4,3,5,502,99,2,42,7,7,9,104,6
26349,2021,9,25,6,10,2,1,18,1801,99,1,41,7,7,9,94,6
26350,2021,9,25,6,13,3,2,6,608,99,1,28,4,4,6,104,6
26351,2021,9,25,6,17,3,2,1,116,99,2,46,8,8,10,97,6
26352,2021,9,25,6,4,1,1,1,116,99,2,46,8,8,10,104,6
26353,2021,9,25,6,14,3,2,11,1107,99,1,29,4,4,6,104,6
26354,2021,9,25,6,18,4,3,1,108,99,1,48,8,8,10,97,6
26355,2021,9,25,6,16,3,2,9,920,99,1,20,3,3,5,97,6
26356,2021,9,25,6,10,2,1,3,303,99,1,36,6,6,8,104,6
26357,2021,9,25,6,10,2,1,3,306,99,1,29,4,4,6,97,6
26358,2021,9,26,7,12,3,2,1,115,99,1,57,10,10,12,104,6
26359,2021,9,26,7,11,2,1,1,101,7,1,31,5,5,7,104,6
26360,2021,9,26,7,14,3,2,1,101,7,1,43,7,7,9,104,6
26361,2021,9,26,7,15,3,2,1,101,18,1,46,8,8,10,97,6
26362,2021,9,26,7,17,3,2,1,101,7,2,42,7,7,9,97,6
26363,2021,9,26,7,21,4,3,1,101,6,2,43,7,7,9,104,6
26364,2021,9,26,7,21,4,3,1,101,2,2,43,7,7,9,104,6
26365,2021,9,26,7,12,3,2,21,2106,99,1,22,3,3,5,97,6
26366,2021,9,26,7,13,3,2,10,1009,99,1,50,9,9,11,94,6
26367,2021,9,26,7,17,3,2,11,1109,99,2,26,4,4,6,97,6
26368,2021,9,26,7,16,3,2,22,2201,99,1,39,6,6,8,104,6
26369,2021,9,26,7,9,2,1,6,602,99,2,21,3,3,5,104,6
26370,2021,9,26,7,17,3,2,6,608,99,1,28,4,4,6,104,6
26371,2021,9,26,7,9,2,1,1,115,99,2,30,5,5,7,104,6
26372,2021,9,26,7,12,3,2,1,116,99,1,30,5,5,7,97,6
26373,2021,9,26,7,16,3,2,1,116,99,1,47,8,8,10,104,6
26374,2021,9,26,7,19,4,3,1,117,99,1,25,4,4,6,97,6
26375,2021,9,26,7,17,3,2,1,110,99,1,46,8,8,10,104,6
26376,2021,9,26,7,13,3,2,3,314,99,1,50,9,9,11,97,6
26377,2021,9,26,7,14,3,2,3,306,99,1,31,5,5,7,104,6
26378,2021,9,26,7,17,3,2,3,315,99,1,62,11,11,13,104,6
26379,2021,9,26,7,18,4,3,3,301,99,1,47,8,8,10,104,6
26380,2021,9,27,1,2,1,1,12,1217,99,1,32,5,5,7,104,6
26381,2021,9,27,1,15,3,2,13,1301,99,1,37,6,6,8,74,6
26382,2021,9,27,1,14,3,2,1,101,21,2,39,6,6,8,97,6
26383,2021,9,27,1,17,3,2,1,102,99,2,40,7,7,9,97,6
26384,2021,9,27,1,17,3,2,1,101,18,2,40,7,7,9,104,6
26385,2021,9,27,1,18,4,3,1,101,6,1,71,11,13,15,104,6
26386,2021,9,27,1,18,4,3,1,101,7,1,37,6,6,8,104,6
26387,2021,9,27,1,18,4,3,1,115,99,1,47,8,8,10,97,6
26388,2021,9,27,1,19,4,3,1,101,18,1,28,4,4,6,104,6
26389,2021,9,27,1,21,4,3,1,108,99,1,37,6,6,8,97,6
26390,2021,9,27,1,22,4,3,1,101,6,2,52,9,9,11,104,6
26391,2021,9,27,1,22,4,3,1,101,2,2,35,6,6,8,104,6
26392,2021,9,27,1,14,3,2,12,1212,99,2,23,3,3,5,104,6
26393,2021,9,27,1,18,4,3,9,910,99,1,28,4,4,6,97,6
26394,2021,9,27,1,13,3,2,21,2101,99,2,29,4,4,6,104,6
26395,2021,9,27,1,16,3,2,21,2102,99,2,36,6,6,8,104,6
26396,2021,9,27,1,12,3,2,14,1420,99,2,24,3,3,5,104,6
26397,2021,9,27,1,17,3,2,15,1503,99,1,55,10,10,12,104,6
26398,2021,9,27,1,21,4,3,16,1601,99,1,34,5,5,7,104,6
26399,2021,9,27,1,11,2,1,16,1611,99,1,57,10,10,12,104,6
26400,2021,9,27,1,12,3,2,11,1102,99,1,33,5,5,7,104,6
26401,2021,9,27,1,15,3,2,4,401,99,1,31,5,5,7,97,6
26402,2021,9,27,1,14,3,2,4,401,99,1,23,3,3,5,97,6
26403,2021,9,27,1,14,3,2,22,2203,99,1,66,11,12,14,104,6
26404,2021,9,27,1,13,3,2,22,2202,99,2,27,4,4,6,104,6
26405,2021,9,27,1,10,2,1,5,504,99,1,27,4,4,6,104,6
26406,2021,9,27,1,11,2,1,5,506,99,1,45,8,8,10,104,6
26407,2021,9,27,1,13,3,2,18,1801,99,1,50,9,9,11,97,6
26408,2021,9,27,1,9,2,1,6,602,99,1,43,7,7,9,104,6
26409,2021,9,27,1,10,2,1,6,610,99,1,29,4,4,6,104,6
26410,2021,9,27,1,16,3,2,6,613,99,1,37,6,6,8,104,6
26411,2021,9,27,1,11,2,1,1,115,99,1,34,5,5,7,97,6
26412,2021,9,27,1,11,2,1,1,115,99,1,36,6,6,8,104,6
26413,2021,9,27,1,11,2,1,1,115,99,1,48,8,8,10,94,6
26414,2021,9,27,1,0,1,1,1,115,99,1,21,3,3,5,104,6
26415,2021,9,27,1,13,3,2,1,109,99,2,28,4,4,6,104,6
26416,2021,9,27,1,14,3,2,1,108,99,1,60,11,11,13,104,6
26417,2021,9,27,1,13,3,2,1,108,99,1,38,6,6,8,97,6
26418,2021,9,27,1,15,3,2,3,306,99,2,41,7,7,9,104,6
26419,2021,9,27,1,15,3,2,3,306,99,1,33,5,5,7,104,6
26420,2021,9,27,1,17,3,2,3,301,99,1,23,3,3,5,104,6
26421,2021,9,27,1,17,3,2,3,302,99,2,999,12,16,18,104,6
26422,2021,9,27,1,19,4,3,3,301,99,1,41,7,7,9,104,6
26423,2021,9,27,1,20,4,3,3,303,99,2,43,7,7,9,104,6
26424,2021,9,28,2,11,2,1,2,205,99,1,35,6,6,8,104,6
26425,2021,9,28,2,99,5,4,14,1415,99,2,48,8,8,10,74,6
26426,2021,9,28,2,12,3,2,12,1204,99,1,35,6,6,8,104,6
26427,2021,9,28,2,10,2,1,12,1204,99,1,47,8,8,10,104,6
26428,2021,9,28,2,9,2,1,12,1202,99,2,23,3,3,5,104,6
26429,2021,9,28,2,11,2,1,12,1207,99,1,999,12,16,18,104,6
26430,2021,9,28,2,16,3,2,12,1213,99,1,25,4,4,6,104,6
26431,2021,9,28,2,8,2,1,1,114,99,2,31,5,5,7,104,6
26432,2021,9,28,2,10,2,1,1,101,5,1,25,4,4,6,104,6
26433,2021,9,28,2,12,3,2,1,101,7,2,35,6,6,8,104,6
26434,2021,9,28,2,14,3,2,1,101,3,1,52,9,9,11,104,6
26435,2021,9,28,2,14,3,2,1,101,18,1,34,5,5,7,97,6
26436,2021,9,28,2,15,3,2,1,106,99,2,27,4,4,6,97,6
26437,2021,9,28,2,16,3,2,1,101,18,1,35,6,6,8,104,6
26438,2021,9,28,2,16,3,2,1,101,5,2,45,8,8,10,104,6
26439,2021,9,28,2,17,3,2,1,101,1,2,32,5,5,7,104,6
26440,2021,9,28,2,17,3,2,1,101,18,2,26,4,4,6,104,6
26441,2021,9,28,2,18,4,3,1,101,21,1,47,8,8,10,104,6
26442,2021,9,28,2,19,4,3,1,101,5,1,57,10,10,12,104,6
26443,2021,9,28,2,20,4,3,1,101,18,1,20,3,3,5,97,6
26444,2021,9,28,2,21,4,3,1,101,9,1,43,7,7,9,104,6
26445,2021,9,28,2,21,4,3,1,101,6,1,22,3,3,5,97,6
26446,2021,9,28,2,22,4,3,1,101,6,1,22,3,3,5,97,6
26447,2021,9,28,2,21,4,3,1,101,18,1,27,4,4,6,104,6
26448,2021,9,28,2,15,3,2,21,2101,99,1,24,3,3,5,104,6
26449,2021,9,28,2,18,4,3,21,2107,99,1,33,5,5,7,97,6
26450,2021,9,28,2,12,3,2,15,1501,99,1,26,4,4,6,97,6
26451,2021,9,28,2,16,3,2,16,1609,99,1,35,6,6,8,104,6
26452,2021,9,28,2,8,2,1,11,1102,99,1,27,4,4,6,97,6
26453,2021,9,28,2,9,2,1,11,1109,99,1,18,2,2,4,104,6
26454,2021,9,28,2,17,3,2,11,1102,99,2,24,3,3,5,104,6
26455,2021,9,28,2,17,3,2,11,1104,99,1,29,4,4,6,104,6
26456,2021,9,28,2,18,4,3,11,1101,99,2,30,5,5,7,104,6
26457,2021,9,28,2,18,4,3,10,1012,99,1,21,3,3,5,104,6
26458,2021,9,28,2,22,4,3,10,1002,99,1,18,2,2,4,97,6
26459,2021,9,28,2,9,2,1,4,401,99,1,34,5,5,7,94,6
26460,2021,9,28,2,17,3,2,4,408,99,1,23,3,3,5,104,6
26461,2021,9,28,2,12,3,2,22,2201,99,1,36,6,6,8,97,6
26462,2021,9,28,2,15,3,2,22,2205,99,1,28,4,4,6,104,6
26463,2021,9,28,2,14,3,2,22,2201,99,1,999,12,16,18,104,6
26464,2021,9,28,2,10,2,1,5,502,99,1,38,6,6,8,95,6
26465,2021,9,28,2,12,3,2,5,513,99,2,20,3,3,5,104,6
26466,2021,9,28,2,12,3,2,5,514,99,2,37,6,6,8,104,6
26467,2021,9,28,2,14,3,2,5,501,99,1,22,3,3,5,104,6
26468,2021,9,28,2,16,3,2,5,501,99,1,46,8,8,10,104,6
26469,2021,9,28,2,10,2,1,18,1804,99,1,33,5,5,7,97,6
26470,2021,9,28,2,18,4,3,18,1804,99,2,28,4,4,6,104,6
26471,2021,9,28,2,10,2,1,18,1804,99,2,45,8,8,10,97,6
26472,2021,9,28,2,7,2,1,6,613,99,1,36,6,6,8,104,6
26473,2021,9,28,2,9,2,1,6,614,99,1,50,9,9,11,104,6
26474,2021,9,28,2,19,4,3,1,115,99,1,48,8,8,10,104,6
26475,2021,9,28,2,12,3,2,1,117,99,2,28,4,4,6,97,6
26476,2021,9,28,2,11,2,1,1,111,99,2,21,3,3,5,104,6
26477,2021,9,28,2,16,3,2,1,110,99,1,24,3,3,5,104,6
26478,2021,9,28,2,20,4,3,1,108,99,1,29,4,4,6,104,6
26479,2021,9,28,2,21,4,3,3,314,99,1,28,4,4,6,104,6
26480,2021,9,29,3,11,2,1,12,1201,99,2,999,12,16,18,104,6
26481,2021,9,29,3,11,2,1,1,101,1,2,54,9,9,11,97,6
26482,2021,9,29,3,15,3,2,1,101,21,1,35,6,6,8,104,6
26483,2021,9,29,3,17,3,2,1,101,11,1,47,8,8,10,104,6
26484,2021,9,29,3,17,3,2,1,101,11,1,34,5,5,7,99,6
26485,2021,9,29,3,20,4,3,1,102,99,1,34,5,5,7,104,6
26486,2021,9,29,3,21,4,3,1,101,15,2,26,4,4,6,104,6
26487,2021,9,29,3,21,4,3,1,107,99,1,56,10,10,12,99,6
26488,2021,9,29,3,23,4,3,1,102,99,1,30,5,5,7,97,6
26489,2021,9,29,3,12,3,2,9,901,99,1,33,5,5,7,97,6
26490,2021,9,29,3,10,2,1,21,2101,99,2,21,3,3,5,97,6
26491,2021,9,29,3,15,3,2,10,1004,99,2,25,4,4,6,104,6
26492,2021,9,29,3,15,3,2,10,1004,99,2,39,6,6,8,104,6
26493,2021,9,29,3,15,3,2,10,1001,99,2,999,12,16,18,97,6
26494,2021,9,29,3,17,3,2,10,1011,99,1,49,8,8,10,104,6
26495,2021,9,29,3,20,4,3,4,414,99,1,48,8,8,10,104,6
26496,2021,9,29,3,19,4,3,22,2201,99,2,24,3,3,5,104,6
26497,2021,9,29,3,13,3,2,5,501,99,1,21,3,3,5,104,6
26498,2021,9,29,3,13,3,2,5,511,99,1,51,9,9,11,104,6
26499,2021,9,29,3,13,3,2,5,501,99,1,56,10,10,12,104,6
26500,2021,9,29,3,16,3,2,6,611,99,1,33,5,5,7,104,6
26501,2021,9,29,3,9,2,1,1,115,99,2,43,7,7,9,97,6
26502,2021,9,29,3,12,3,2,1,109,99,1,26,4,4,6,104,6
26503,2021,9,29,3,20,4,3,1,108,99,1,29,4,4,6,104,6
26504,2021,9,29,3,21,4,3,1,111,99,1,37,6,6,8,104,6
26505,2021,9,29,3,18,4,3,9,920,99,1,47,8,8,10,104,6
26506,2021,9,29,3,18,4,3,3,303,99,1,35,6,6,8,104,6
26507,2021,9,30,4,16,3,2,13,1304,99,2,19,2,2,4,74,6
26508,2021,9,30,4,12,3,2,12,1201,99,2,46,8,8,10,104,6
26509,2021,9,30,4,12,3,2,1,114,99,2,38,6,6,8,104,6
26510,2021,9,30,4,15,3,2,1,114,99,2,30,5,5,7,104,6
26511,2021,9,30,4,10,2,1,1,101,17,1,55,10,10,12,97,6
26512,2021,9,30,4,12,3,2,1,101,12,1,48,8,8,10,104,6
26513,2021,9,30,4,13,3,2,1,107,99,1,43,7,7,9,97,6
26514,2021,9,30,4,13,3,2,1,116,99,2,46,8,8,10,97,6
26515,2021,9,30,4,14,3,2,1,101,16,1,63,11,11,13,104,6
26516,2021,9,30,4,14,3,2,1,103,99,1,24,3,3,5,104,6
26517,2021,9,30,4,17,3,2,1,101,3,2,35,6,6,8,104,6
26518,2021,9,30,4,17,3,2,1,101,7,1,55,10,10,12,99,6
26519,2021,9,30,4,18,4,3,1,101,1,2,33,5,5,7,97,6
26520,2021,9,30,4,18,4,3,1,101,7,1,34,5,5,7,104,6
26521,2021,9,30,4,18,4,3,1,101,18,1,42,7,7,9,97,6
26522,2021,9,30,4,18,4,3,1,101,4,1,30,5,5,7,94,6
26523,2021,9,30,4,19,4,3,1,101,12,1,26,4,4,6,104,6
26524,2021,9,30,4,21,4,3,1,113,99,1,34,5,5,7,104,6
26525,2021,9,30,4,12,3,2,9,901,99,2,48,8,8,10,104,6
26526,2021,9,30,4,15,3,2,9,901,99,1,21,3,3,5,97,6
26527,2021,9,30,4,22,4,3,12,1224,99,1,31,5,5,7,104,6
26528,2021,9,30,4,13,3,2,21,2101,99,1,44,7,7,9,104,6
26529,2021,9,30,4,10,2,1,16,1609,99,2,28,4,4,6,97,6
26530,2021,9,30,4,11,2,1,15,1501,99,2,29,4,4,6,104,6
26531,2021,9,30,4,14,3,2,15,1508,99,1,40,7,7,9,104,6
26532,2021,9,30,4,12,3,2,11,1101,99,1,28,4,4,6,97,6
26533,2021,9,30,4,11,2,1,10,1010,99,2,49,8,8,10,97,6
26534,2021,9,30,4,17,3,2,10,1016,99,2,33,5,5,7,97,6
26535,2021,9,30,4,11,2,1,10,1020,99,1,51,9,9,11,97,6
26536,2021,9,30,4,20,4,3,4,409,99,2,46,8,8,10,104,6
26537,2021,9,30,4,21,4,3,4,401,99,2,22,3,3,5,97,6
26538,2021,9,30,4,10,2,1,5,509,99,2,41,7,7,9,104,6
26539,2021,9,30,4,15,3,2,5,511,99,1,42,7,7,9,97,6
26540,2021,9,30,4,17,3,2,5,501,99,1,31,5,5,7,104,6
26541,2021,9,30,4,16,3,2,6,614,99,1,20,3,3,5,104,6
26542,2021,9,30,4,17,3,2,6,602,99,1,26,4,4,6,104,6
26543,2021,9,30,4,9,2,1,1,115,99,1,999,12,16,18,74,6
26544,2021,9,30,4,13,3,2,1,115,99,1,42,7,7,9,104,6
26545,2021,9,30,4,12,3,2,1,117,99,2,28,4,4,6,104,6
26546,2021,9,30,4,18,4,3,1,101,19,2,65,11,12,14,97,6
26547,2021,9,30,4,14,3,2,3,301,99,1,25,4,4,6,104,6
26548,2021,9,30,4,14,3,2,3,301,99,1,33,5,5,7,97,6
26549,2021,10,1,5,9,2,1,20,2001,99,2,46,8,8,10,74,6
26550,2021,10,1,5,9,2,1,19,1901,99,2,64,11,11,13,74,6
26551,2021,10,1,5,8,2,1,12,1224,99,1,31,5,5,7,104,6
26552,2021,10,1,5,13,3,2,12,1202,99,2,999,12,16,18,104,6
26553,2021,10,1,5,16,3,2,12,1210,99,1,25,4,4,6,104,6
26554,2021,10,1,5,18,4,3,8,801,99,1,19,2,2,4,104,6
26555,2021,10,1,5,99,5,4,1,108,99,2,16,2,2,4,104,6
26556,2021,10,1,5,12,3,2,1,116,99,1,41,7,7,9,97,6
26557,2021,10,1,5,14,3,2,1,116,99,1,50,9,9,11,97,6
26558,2021,10,1,5,17,3,2,13,1320,99,2,31,5,5,7,74,6
26559,2021,10,1,5,20,4,3,13,1319,99,2,52,9,9,11,74,6
26560,2021,10,1,5,12,3,2,1,108,99,1,41,7,7,9,97,6
26561,2021,10,1,5,20,4,3,1,101,18,1,61,11,11,13,97,6
26562,2021,10,1,5,20,4,3,1,101,2,2,44,7,7,9,104,6
26563,2021,10,1,5,20,4,3,1,101,7,1,25,4,4,6,104,6
26564,2021,10,1,5,20,4,3,1,101,11,1,49,8,8,10,104,6
26565,2021,10,1,5,21,4,3,1,101,7,1,24,3,3,5,99,6
26566,2021,10,1,5,21,4,3,1,101,12,1,44,7,7,9,94,6
26567,2021,10,1,5,21,4,3,1,115,99,1,51,9,9,11,104,6
26568,2021,10,1,5,22,4,3,1,101,12,2,40,7,7,9,104,6
26569,2021,10,1,5,22,4,3,1,101,16,1,37,6,6,8,104,6
26570,2021,10,1,5,22,4,3,1,113,99,1,73,11,13,15,104,6
26571,2021,10,1,5,23,4,3,1,103,99,1,33,5,5,7,101,6
26572,2021,10,1,5,6,2,1,1,101,7,1,25,4,4,6,97,6
26573,2021,10,1,5,17,3,2,9,909,99,1,21,3,3,5,104,6
26574,2021,10,1,5,17,3,2,9,904,99,1,42,7,7,9,104,6
26575,2021,10,1,5,16,3,2,21,2101,99,2,29,4,4,6,104,6
26576,2021,10,1,5,16,3,2,21,2101,99,2,25,4,4,6,97,6
26577,2021,10,1,5,18,4,3,16,1601,99,1,57,10,10,12,104,6
26578,2021,10,1,5,12,3,2,11,1108,99,2,45,8,8,10,104,6
26579,2021,10,1,5,21,4,3,11,1109,99,1,41,7,7,9,97,6
26580,2021,10,1,5,12,3,2,4,415,99,1,48,8,8,10,104,6
26581,2021,10,1,5,18,4,3,4,403,99,1,53,9,9,11,104,6
26582,2021,10,1,5,21,4,3,4,401,99,2,39,6,6,8,104,6
26583,2021,10,1,5,20,4,3,22,2212,99,1,46,8,8,10,104,6
26584,2021,10,1,5,10,2,1,5,501,99,2,20,3,3,5,104,6
26585,2021,10,1,5,13,3,2,5,509,99,2,42,7,7,9,104,6
26586,2021,10,1,5,14,3,2,5,513,99,1,39,6,6,8,97,6
26587,2021,10,1,5,15,3,2,5,510,99,1,28,4,4,6,104,6
26588,2021,10,1,5,16,3,2,5,511,99,2,21,3,3,5,104,6
26589,2021,10,1,5,16,3,2,5,505,99,1,54,9,9,11,104,6
26590,2021,10,1,5,18,4,3,5,510,99,2,27,4,4,6,104,6
26591,2021,10,1,5,21,4,3,5,511,99,2,53,9,9,11,104,6
26592,2021,10,1,5,18,4,3,6,601,99,2,26,4,4,6,104,6
26593,2021,10,1,5,18,4,3,6,604,99,1,35,6,6,8,104,6
26594,2021,10,1,5,15,3,2,1,117,99,2,44,7,7,9,104,6
26595,2021,10,1,5,16,3,2,1,115,99,1,36,6,6,8,97,6
26596,2021,10,1,5,16,3,2,1,108,99,1,23,3,3,5,104,6
26597,2021,10,1,5,17,3,2,1,108,99,1,30,5,5,7,97,6
26598,2021,10,1,5,23,4,3,1,108,99,1,59,10,10,12,97,6
26599,2021,10,1,5,12,3,2,9,920,99,2,27,4,4,6,104,6
26600,2021,10,1,5,14,3,2,3,303,99,2,35,6,6,8,104,6
26601,2021,10,1,5,12,3,2,3,309,99,1,28,4,4,6,104,6
26602,2021,10,2,6,12,3,2,2,203,99,1,25,4,4,6,104,6
26603,2021,10,2,6,19,4,3,12,1214,99,2,25,4,4,6,104,6
26604,2021,10,2,6,16,3,2,7,718,99,1,24,3,3,5,104,6
26605,2021,10,2,6,11,2,1,1,106,99,2,25,4,4,6,97,6
26606,2021,10,2,6,12,3,2,1,101,1,2,39,6,6,8,97,6
26607,2021,10,2,6,21,4,3,1,101,17,2,40,7,7,9,104,6
26608,2021,10,2,6,12,3,2,12,1201,99,1,50,9,9,11,94,6
26609,2021,10,2,6,8,2,1,2,207,99,1,39,6,6,8,94,6
26610,2021,10,2,6,22,4,3,16,1601,99,1,61,11,11,13,97,6
26611,2021,10,2,6,17,3,2,11,1109,99,1,25,4,4,6,104,6
26612,2021,10,2,6,11,2,1,11,1109,99,2,15,2,2,4,104,6
26613,2021,10,2,6,17,3,2,5,501,99,2,39,6,6,8,104,6
26614,2021,10,2,6,18,4,3,5,506,99,2,43,7,7,9,104,6
26615,2021,10,2,6,16,3,2,6,608,99,1,20,3,3,5,104,6
26616,2021,10,2,6,13,3,2,1,115,99,2,39,6,6,8,97,6
26617,2021,10,2,6,10,2,1,1,108,99,1,28,4,4,6,97,6
26618,2021,10,2,6,14,3,2,9,920,99,2,71,11,13,15,97,6
26619,2021,10,2,6,15,3,2,3,309,99,1,40,7,7,9,97,6
26620,2021,10,3,7,9,2,1,1,101,7,2,28,4,4,6,104,6
26621,2021,10,3,7,12,3,2,1,102,99,1,46,8,8,10,97,6
26622,2021,10,3,7,21,4,3,1,101,18,1,35,6,6,8,104,6
26623,2021,10,3,7,21,4,3,1,101,5,1,39,6,6,8,104,6
26624,2021,10,3,7,21,4,3,1,101,10,2,40,7,7,9,104,6
26625,2021,10,3,7,9,2,1,21,2102,99,1,31,5,5,7,104,6
26626,2021,10,3,7,11,2,1,21,2103,99,2,38,6,6,8,104,6
26627,2021,10,3,7,11,2,1,11,1109,99,2,54,9,9,11,97,6
26628,2021,10,4,1,0,1,1,20,2009,99,1,45,8,8,10,74,6
26629,2021,10,4,1,15,3,2,14,1416,99,1,27,4,4,6,74,6
26630,2021,10,4,1,13,3,2,12,1204,99,1,31,5,5,7,104,6
26631,2021,10,4,1,11,2,1,1,116,99,1,999,12,16,18,97,6
26632,2021,10,4,1,15,3,2,1,101,18,2,56,10,10,12,97,6
26633,2021,10,4,1,17,3,2,1,101,6,2,52,9,9,11,97,6
26634,2021,10,4,1,18,4,3,1,101,18,1,25,4,4,6,104,6
26635,2021,10,4,1,20,4,3,1,102,99,1,23,3,3,5,104,6
26636,2021,10,4,1,21,4,3,1,101,6,1,24,3,3,5,97,6
26637,2021,10,4,1,22,4,3,1,101,99,1,29,4,4,6,97,6
26638,2021,10,4,1,17,3,2,7,717,99,1,23,3,3,5,104,6
26639,2021,10,4,1,12,3,2,21,2101,99,2,27,4,4,6,104,6
26640,2021,10,4,1,15,3,2,10,1008,99,2,34,5,5,7,104,6
26641,2021,10,4,1,13,3,2,4,416,99,1,999,12,16,18,104,6
26642,2021,10,4,1,16,3,2,4,412,99,1,23,3,3,5,104,6
26643,2021,10,4,1,18,4,3,4,413,99,1,29,4,4,6,104,6
26644,2021,10,4,1,19,4,3,4,401,99,1,49,8,8,10,97,6
26645,2021,10,4,1,12,3,2,22,2212,99,2,58,10,10,12,104,6
26646,2021,10,4,1,17,3,2,22,2201,99,1,18,2,2,4,104,6
26647,2021,10,4,1,17,3,2,22,2201,99,1,47,8,8,10,104,6
26648,2021,10,4,1,17,3,2,6,611,99,2,52,9,9,11,104,6
26649,2021,10,4,1,11,2,1,1,117,99,1,27,4,4,6,104,6
26650,2021,10,4,1,16,3,2,1,115,99,1,30,5,5,7,94,6
26651,2021,10,4,1,8,2,1,9,917,99,1,40,7,7,9,104,6
26652,2021,10,4,1,14,3,2,9,920,99,1,30,5,5,7,97,6
26653,2021,10,5,2,11,2,1,12,1202,99,2,999,12,16,18,104,6
26654,2021,10,5,2,16,3,2,14,1414,99,1,20,3,3,5,74,6
26655,2021,10,5,2,16,3,2,1,117,99,1,43,7,7,9,104,6
26656,2021,10,5,2,16,3,2,1,117,99,1,43,7,7,9,104,6
26657,2021,10,5,2,15,3,2,13,1321,99,1,41,7,7,9,74,6
26658,2021,10,5,2,13,3,2,6,602,99,2,30,5,5,7,104,6
26659,2021,10,5,2,13,3,2,1,101,24,1,81,11,15,17,104,6
26660,2021,10,5,2,13,3,2,1,101,16,1,39,6,6,8,97,6
26661,2021,10,5,2,15,3,2,1,101,6,1,30,5,5,7,97,6
26662,2021,10,5,2,15,3,2,1,101,18,2,27,4,4,6,104,6
26663,2021,10,5,2,15,3,2,1,101,25,1,30,5,5,7,104,6
26664,2021,10,5,2,15,3,2,1,101,18,1,27,4,4,6,97,6
26665,2021,10,5,2,16,3,2,1,101,99,2,29,4,4,6,104,6
26666,2021,10,5,2,17,3,2,1,101,6,2,65,11,12,14,97,6
26667,2021,10,5,2,17,3,2,1,101,5,1,21,3,3,5,95,6
26668,2021,10,5,2,17,3,2,1,101,3,2,45,8,8,10,104,6
26669,2021,10,5,2,18,4,3,1,106,99,1,27,4,4,6,97,6
26670,2021,10,5,2,18,4,3,1,101,7,1,22,3,3,5,104,6
26671,2021,10,5,2,18,4,3,1,101,12,1,27,4,4,6,97,6
26672,2021,10,5,2,19,4,3,1,105,99,1,26,4,4,6,104,6
26673,2021,10,5,2,21,4,3,1,103,99,2,49,8,8,10,104,6
26674,2021,10,5,2,21,4,3,1,101,21,1,30,5,5,7,104,6
26675,2021,10,5,2,8,2,1,12,1204,99,1,32,5,5,7,84,6
26676,2021,10,5,2,13,3,2,9,901,99,1,37,6,6,8,104,6
26677,2021,10,5,2,13,3,2,9,914,99,2,31,5,5,7,104,6
26678,2021,10,5,2,14,3,2,21,2102,99,2,19,2,2,4,74,6
26679,2021,10,5,2,11,2,1,15,1506,99,2,41,7,7,9,104,6
26680,2021,10,5,2,17,3,2,15,1508,99,1,19,2,2,4,104,6
26681,2021,10,5,2,18,4,3,16,1601,99,1,24,3,3,5,95,6
26682,2021,10,5,2,17,3,2,11,1109,99,1,51,9,9,11,104,6
26683,2021,10,5,2,18,4,3,10,1005,99,2,35,6,6,8,104,6
26684,2021,10,5,2,9,2,1,11,1101,99,2,35,6,6,8,97,6
26685,2021,10,5,2,14,3,2,11,1107,99,1,36,6,6,8,104,6
26686,2021,10,5,2,19,4,3,11,1102,99,1,27,4,4,6,104,6
26687,2021,10,5,2,14,3,2,10,1003,99,1,999,12,16,18,97,6
26688,2021,10,5,2,14,3,2,22,2205,99,1,39,6,6,8,104,6
26689,2021,10,5,2,15,3,2,22,2205,99,2,34,5,5,7,104,6
26690,2021,10,5,2,20,4,3,22,2212,99,1,41,7,7,9,104,6
26691,2021,10,5,2,13,3,2,5,502,99,1,27,4,4,6,104,6
26692,2021,10,5,2,10,2,1,18,1801,99,2,999,12,16,18,97,6
26693,2021,10,5,2,10,2,1,18,1805,99,2,33,5,5,7,104,6
26694,2021,10,5,2,10,2,1,18,1804,99,2,999,12,16,18,104,6
26695,2021,10,5,2,10,2,1,6,608,99,2,46,8,8,10,104,6
26696,2021,10,5,2,17,3,2,6,602,99,1,35,6,6,8,104,6
26697,2021,10,5,2,14,3,2,1,115,99,2,55,10,10,12,104,6
26698,2021,10,5,2,11,2,1,1,108,99,1,35,6,6,8,104,6
26699,2021,10,6,3,17,3,2,2,205,99,1,36,6,6,8,104,6
26700,2021,10,6,3,12,3,2,1,102,99,2,33,5,5,7,97,6
26701,2021,10,6,3,1,1,1,1,115,99,1,28,4,4,6,97,6
26702,2021,10,6,3,6,2,1,1,101,18,1,32,5,5,7,99,6
26703,2021,10,6,3,7,2,1,1,101,18,2,27,4,4,6,104,6
26704,2021,10,6,3,21,4,3,1,101,16,2,56,10,10,12,104,6
26705,2021,10,6,3,22,4,3,1,101,1,2,30,5,5,7,104,6
26706,2021,10,6,3,12,3,2,9,912,99,1,999,12,16,18,104,6
26707,2021,10,6,3,14,3,2,14,1420,99,2,55,10,10,12,104,6
26708,2021,10,6,3,17,3,2,15,1507,99,2,32,5,5,7,97,6
26709,2021,10,6,3,15,3,2,10,1001,99,1,999,12,16,18,97,6
26710,2021,10,6,3,10,2,1,11,1109,99,1,35,6,6,8,104,6
26711,2021,10,6,3,14,3,2,11,1109,99,1,34,5,5,7,104,6
26712,2021,10,6,3,15,3,2,11,1109,99,1,31,5,5,7,104,6
26713,2021,10,6,3,16,3,2,10,1020,99,1,36,6,6,8,104,6
26714,2021,10,6,3,17,3,2,11,1102,99,1,35,6,6,8,104,6
26715,2021,10,6,3,17,3,2,11,1106,99,2,18,2,2,4,104,6
26716,2021,10,6,3,16,3,2,4,406,99,1,25,4,4,6,99,6
26717,2021,10,6,3,17,3,2,4,415,99,1,56,10,10,12,104,6
26718,2021,10,6,3,14,3,2,4,401,99,2,24,3,3,5,104,6
26719,2021,10,6,3,15,3,2,4,401,99,1,46,8,8,10,104,6
26720,2021,10,6,3,10,2,1,22,2214,99,2,32,5,5,7,97,6
26721,2021,10,6,3,15,3,2,22,2212,99,1,38,6,6,8,104,6
26722,2021,10,6,3,13,3,2,22,2206,99,2,24,3,3,5,104,6
26723,2021,10,6,3,14,3,2,5,502,99,1,24,3,3,5,104,6
26724,2021,10,6,3,14,3,2,5,502,99,1,21,3,3,5,104,6
26725,2021,10,6,3,15,3,2,5,501,99,2,25,4,4,6,104,6
26726,2021,10,6,3,17,3,2,5,501,99,1,34,5,5,7,104,6
26727,2021,10,6,3,18,4,3,5,501,99,2,30,5,5,7,104,6
26728,2021,10,6,3,12,3,2,18,1801,99,2,41,7,7,9,104,6
26729,2021,10,6,3,9,2,1,18,1801,99,1,30,5,5,7,104,6
26730,2021,10,6,3,9,2,1,6,602,99,1,24,3,3,5,104,6
26731,2021,10,6,3,16,3,2,6,608,99,1,32,5,5,7,104,6
26732,2021,10,6,3,22,4,3,1,115,99,1,52,9,9,11,104,6
26733,2021,10,6,3,13,3,2,1,117,99,2,33,5,5,7,104,6
26734,2021,10,6,3,14,3,2,1,115,99,2,24,3,3,5,97,6
26735,2021,10,6,3,12,3,2,1,115,99,1,25,4,4,6,104,6
26736,2021,10,6,3,9,2,1,1,110,99,2,53,9,9,11,104,6
26737,2021,10,6,3,10,2,1,1,110,99,2,25,4,4,6,97,6
26738,2021,10,6,3,14,3,2,1,110,99,2,43,7,7,9,104,6
26739,2021,10,6,3,21,4,3,1,108,99,1,38,6,6,8,99,6
26740,2021,10,6,3,22,4,3,1,115,99,2,36,6,6,8,97,6
26741,2021,10,6,3,11,2,1,9,920,99,2,999,12,16,18,97,6
26742,2021,10,6,3,13,3,2,4,413,99,1,22,3,3,5,104,6
26743,2021,10,7,4,10,2,1,12,1202,99,2,56,10,10,12,104,6
26744,2021,10,7,4,15,3,2,12,1202,99,2,50,9,9,11,104,6
26745,2021,10,7,4,10,2,1,12,1213,99,1,28,4,4,6,74,6
26746,2021,10,7,4,12,3,2,14,1415,99,1,22,3,3,5,74,6
26747,2021,10,7,4,19,4,3,8,805,99,1,36,6,6,8,104,6
26748,2021,10,7,4,18,4,3,13,1301,99,1,25,4,4,6,97,6
26749,2021,10,7,4,11,2,1,1,101,6,2,27,4,4,6,97,6
26750,2021,10,7,4,12,3,2,1,101,18,1,31,5,5,7,97,6
26751,2021,10,7,4,17,3,2,1,108,99,1,41,7,7,9,97,6
26752,2021,10,7,4,17,3,2,1,108,99,1,41,7,7,9,97,6
26753,2021,10,7,4,18,4,3,1,101,21,2,18,2,2,4,104,6
26754,2021,10,7,4,18,4,3,1,101,2,2,43,7,7,9,104,6
26755,2021,10,7,4,18,4,3,1,101,11,2,26,4,4,6,104,6
26756,2021,10,7,4,19,4,3,1,101,12,1,37,6,6,8,104,6
26757,2021,10,7,4,19,4,3,1,107,99,2,28,4,4,6,104,6
26758,2021,10,7,4,19,4,3,1,103,99,1,33,5,5,7,104,6
26759,2021,10,7,4,22,4,3,1,101,13,2,52,9,9,11,97,6
26760,2021,10,7,4,14,3,2,9,901,99,2,18,2,2,4,97,6
26761,2021,10,7,4,12,3,2,16,1601,99,2,33,5,5,7,104,6
26762,2021,10,7,4,12,3,2,16,1609,99,1,36,6,6,8,104,6
26763,2021,10,7,4,14,3,2,16,1601,99,1,67,11,12,14,104,6
26764,2021,10,7,4,19,4,3,15,1501,99,2,18,2,2,4,104,6
26765,2021,10,7,4,14,3,2,4,404,99,1,31,5,5,7,104,6
26766,2021,10,7,4,10,2,1,5,501,99,2,33,5,5,7,104,6
26767,2021,10,7,4,10,2,1,5,511,99,2,36,6,6,8,104,6
26768,2021,10,7,4,10,2,1,5,511,99,1,28,4,4,6,104,6
26769,2021,10,7,4,12,3,2,5,512,99,2,21,3,3,5,104,6
26770,2021,10,7,4,12,3,2,5,514,99,1,23,3,3,5,104,6
26771,2021,10,7,4,12,3,2,5,513,99,1,27,4,4,6,104,6
26772,2021,10,7,4,12,3,2,5,513,99,1,34,5,5,7,97,6
26773,2021,10,7,4,14,3,2,5,501,99,2,30,5,5,7,104,6
26774,2021,10,7,4,16,3,2,5,501,99,1,36,6,6,8,104,6
26775,2021,10,7,4,16,3,2,5,501,99,2,22,3,3,5,104,6
26776,2021,10,7,4,17,3,2,5,501,99,1,27,4,4,6,104,6
26777,2021,10,7,4,19,4,3,5,511,99,2,44,7,7,9,97,6
26778,2021,10,7,4,11,2,1,18,1801,99,2,26,4,4,6,104,6
26779,2021,10,7,4,10,2,1,6,608,99,2,37,6,6,8,104,6
26780,2021,10,7,4,11,2,1,6,609,99,1,28,4,4,6,104,6
26781,2021,10,7,4,16,3,2,6,608,99,2,26,4,4,6,104,6
26782,2021,10,7,4,19,4,3,6,607,99,1,21,3,3,5,104,6
26783,2021,10,7,4,15,3,2,1,116,99,1,39,6,6,8,97,6
26784,2021,10,7,4,16,3,2,1,116,99,2,21,3,3,5,97,6
26785,2021,10,7,4,16,3,2,1,115,99,1,53,9,9,11,97,6
26786,2021,10,7,4,12,3,2,1,109,99,1,61,11,11,13,97,6
26787,2021,10,7,4,12,3,2,1,110,99,2,42,7,7,9,104,6
26788,2021,10,7,4,13,3,2,1,108,99,1,25,4,4,6,97,6
26789,2021,10,7,4,16,3,2,1,109,99,1,31,5,5,7,97,6
26790,2021,10,7,4,16,3,2,1,109,99,1,34,5,5,7,97,6
26791,2021,10,7,4,16,3,2,1,109,99,1,35,6,6,8,97,6
26792,2021,10,7,4,16,3,2,1,108,99,1,31,5,5,7,104,6
26793,2021,10,7,4,12,3,2,9,920,99,2,18,2,2,4,104,6
26794,2021,10,7,4,16,3,2,9,920,99,2,63,11,11,13,97,6
26795,2021,10,7,4,16,3,2,3,312,99,1,67,11,12,14,104,6
26796,2021,10,7,4,20,4,3,3,309,99,2,32,5,5,7,104,6
26797,2021,10,8,5,18,4,3,14,1414,99,1,26,4,4,6,74,6
26798,2021,10,8,5,18,4,3,14,1414,99,1,51,9,9,11,74,6
26799,2021,10,8,5,14,3,2,7,713,99,2,28,4,4,6,104,6
26800,2021,10,8,5,14,3,2,13,1301,99,1,60,11,11,13,74,6
26801,2021,10,8,5,8,2,1,1,101,5,2,32,5,5,7,104,6
26802,2021,10,8,5,16,3,2,1,101,10,1,23,3,3,5,97,6
26803,2021,10,8,5,17,3,2,1,101,13,2,42,7,7,9,104,6
26804,2021,10,8,5,17,3,2,1,101,7,2,38,6,6,8,104,6
26805,2021,10,8,5,18,4,3,1,101,6,2,24,3,3,5,97,6
26806,2021,10,8,5,21,4,3,1,101,12,2,38,6,6,8,97,6
26807,2021,10,8,5,9,2,1,9,912,99,2,35,6,6,8,104,6
26808,2021,10,8,5,15,3,2,12,1218,99,1,24,3,3,5,104,6
26809,2021,10,8,5,19,4,3,9,919,99,1,46,8,8,10,97,6
26810,2021,10,8,5,12,3,2,15,1508,99,1,39,6,6,8,104,6
26811,2021,10,8,5,13,3,2,15,1501,99,1,42,7,7,9,104,6
26812,2021,10,8,5,15,3,2,16,1612,99,1,27,4,4,6,104,6
26813,2021,10,8,5,12,3,2,11,1109,99,2,55,10,10,12,104,6
26814,2021,10,8,5,17,3,2,10,1013,99,1,18,2,2,4,104,6
26815,2021,10,8,5,17,3,2,10,1001,99,1,30,5,5,7,104,6
26816,2021,10,8,5,19,4,3,7,706,99,1,17,2,2,4,95,6
26817,2021,10,8,5,15,3,2,4,403,99,1,52,9,9,11,95,6
26818,2021,10,8,5,11,2,1,5,501,99,1,25,4,4,6,104,6
26819,2021,10,8,5,13,3,2,5,514,99,1,54,9,9,11,104,6
26820,2021,10,8,5,13,3,2,5,511,99,1,44,7,7,9,104,6
26821,2021,10,8,5,14,3,2,5,502,99,2,41,7,7,9,104,6
26822,2021,10,8,5,16,3,2,5,501,99,1,33,5,5,7,104,6
26823,2021,10,8,5,17,3,2,5,511,99,2,999,12,16,18,104,6
26824,2021,10,8,5,17,3,2,5,501,99,2,32,5,5,7,96,6
26825,2021,10,8,5,9,2,1,18,1801,99,1,58,10,10,12,104,6
26826,2021,10,8,5,17,3,2,18,1804,99,1,34,5,5,7,104,6
26827,2021,10,8,5,5,1,1,6,602,99,1,25,4,4,6,104,6
26828,2021,10,8,5,12,3,2,1,115,99,2,19,2,2,4,97,6
26829,2021,10,8,5,11,2,1,1,108,99,2,44,7,7,9,97,6
26830,2021,10,8,5,13,3,2,1,109,99,1,56,10,10,12,97,6
26831,2021,10,8,5,16,3,2,1,115,99,1,58,10,10,12,104,6
26832,2021,10,8,5,19,4,3,1,108,99,2,42,7,7,9,97,6
26833,2021,10,8,5,16,3,2,9,920,99,1,50,9,9,11,97,6
26834,2021,10,8,5,12,3,2,3,308,99,1,28,4,4,6,97,6
26835,2021,10,9,6,18,4,3,2,208,99,2,26,4,4,6,104,6
26836,2021,10,9,6,18,4,3,14,1412,99,1,35,6,6,8,74,6
26837,2021,10,9,6,10,2,1,8,801,99,1,19,2,2,4,104,6
26838,2021,10,9,6,13,3,2,8,801,99,1,37,6,6,8,104,6
26839,2021,10,9,6,10,2,1,1,114,99,1,29,4,4,6,104,6
26840,2021,10,9,6,11,2,1,1,114,99,2,54,9,9,11,104,6
26841,2021,10,9,6,13,3,2,8,801,99,1,43,7,7,9,104,6
26842,2021,10,9,6,11,2,1,1,101,14,1,49,8,8,10,97,6
26843,2021,10,9,6,14,3,2,1,101,2,2,30,5,5,7,104,6
26844,2021,10,9,6,16,3,2,1,101,6,1,57,10,10,12,97,6
26845,2021,10,9,6,18,4,3,1,101,7,2,62,11,11,13,97,6
26846,2021,10,9,6,20,4,3,1,102,99,2,41,7,7,9,104,6
26847,2021,10,9,6,21,4,3,1,101,5,1,23,3,3,5,104,6
26848,2021,10,9,6,21,4,3,1,101,2,2,48,8,8,10,104,6
26849,2021,10,9,6,9,2,1,21,2106,99,2,49,8,8,10,97,6
26850,2021,10,9,6,13,3,2,21,2101,99,1,34,5,5,7,97,6
26851,2021,10,9,6,14,3,2,11,1106,99,1,26,4,4,6,104,6
26852,2021,10,9,6,16,3,2,4,406,99,1,34,5,5,7,97,6
26853,2021,10,9,6,20,4,3,1,101,7,1,26,4,4,6,97,6
26854,2021,10,9,6,12,3,2,22,2212,99,1,53,9,9,11,104,6
26855,2021,10,9,6,11,2,1,5,506,99,1,28,4,4,6,104,6
26856,2021,10,9,6,11,2,1,5,504,99,2,44,7,7,9,104,6
26857,2021,10,9,6,12,3,2,18,1804,99,2,39,6,6,8,104,6
26858,2021,10,9,6,12,3,2,6,601,99,1,29,4,4,6,104,6
26859,2021,10,9,6,17,3,2,6,601,99,1,21,3,3,5,104,6
26860,2021,10,9,6,14,3,2,1,115,99,1,32,5,5,7,104,6
26861,2021,10,9,6,19,4,3,1,117,99,2,36,6,6,8,97,6
26862,2021,10,9,6,13,3,2,1,115,99,1,47,8,8,10,104,6
26863,2021,10,9,6,16,3,2,1,117,99,2,40,7,7,9,104,6
26864,2021,10,9,6,13,3,2,3,315,99,1,54,9,9,11,104,6
26865,2021,10,9,6,19,4,3,3,302,99,2,45,8,8,10,104,6
26866,2021,10,10,7,20,4,3,12,1202,99,2,31,5,5,7,74,6
26867,2021,10,10,7,9,2,1,1,101,5,1,24,3,3,5,104,6
26868,2021,10,10,7,9,2,1,1,101,18,1,35,6,6,8,104,6
26869,2021,10,10,7,14,3,2,1,114,99,1,33,5,5,7,104,6
26870,2021,10,10,7,15,3,2,1,101,25,1,25,4,4,6,99,6
26871,2021,10,10,7,15,3,2,21,2102,99,1,26,4,4,6,104,6
26872,2021,10,10,7,9,2,1,11,1109,99,1,34,5,5,7,94,6
26873,2021,10,10,7,7,2,1,5,501,99,1,43,7,7,9,104,6
26874,2021,10,10,7,11,2,1,5,511,99,2,42,7,7,9,104,6
26875,2021,10,10,7,13,3,2,6,602,99,2,27,4,4,6,104,6
26876,2021,10,10,7,23,4,3,6,602,99,2,42,7,7,9,104,6
26877,2021,10,10,7,9,2,1,1,116,99,1,33,5,5,7,97,6
26878,2021,10,10,7,9,2,1,1,115,99,2,34,5,5,7,97,6
26879,2021,10,10,7,12,3,2,1,115,99,1,999,12,16,18,104,6
26880,2021,10,10,7,7,2,1,1,108,99,1,42,7,7,9,97,6
26881,2021,10,10,7,17,3,2,1,110,99,1,37,6,6,8,97,6
26882,2021,10,10,7,20,4,3,1,110,99,1,23,3,3,5,104,6
26883,2021,10,11,1,16,3,2,12,1215,99,1,32,5,5,7,104,6
26884,2021,10,11,1,10,2,1,1,101,25,1,56,10,10,12,104,6
26885,2021,10,11,1,12,3,2,1,101,5,2,39,6,6,8,97,6
26886,2021,10,11,1,12,3,2,1,101,14,1,45,8,8,10,104,6
26887,2021,10,11,1,14,3,2,1,101,15,1,63,11,11,13,97,6
26888,2021,10,11,1,9,2,1,1,107,99,1,48,8,8,10,97,6
26889,2021,10,11,1,15,3,2,1,101,1,1,23,3,3,5,104,6
26890,2021,10,11,1,17,3,2,1,101,11,2,46,8,8,10,97,6
26891,2021,10,11,1,17,3,2,1,101,18,2,20,3,3,5,104,6
26892,2021,10,11,1,19,4,3,1,105,99,1,21,3,3,5,104,6
26893,2021,10,11,1,20,4,3,1,101,18,1,29,4,4,6,104,6
26894,2021,10,11,1,20,4,3,1,101,17,1,33,5,5,7,104,6
26895,2021,10,11,1,20,4,3,1,101,6,1,43,7,7,9,97,6
26896,2021,10,11,1,1,1,1,1,101,17,1,47,8,8,10,97,6
26897,2021,10,11,1,21,4,3,1,101,7,1,48,8,8,10,97,6
26898,2021,10,11,1,23,4,3,1,102,99,1,33,5,5,7,97,6
26899,2021,10,11,1,12,3,2,21,2101,99,1,42,7,7,9,104,6
26900,2021,10,11,1,12,3,2,21,2107,99,1,47,8,8,10,104,6
26901,2021,10,11,1,10,2,1,15,1506,99,2,56,10,10,12,104,6
26902,2021,10,11,1,11,2,1,16,1602,99,1,48,8,8,10,104,6
26903,2021,10,11,1,10,2,1,11,1106,99,1,25,4,4,6,104,6
26904,2021,10,11,1,16,3,2,11,1106,99,1,27,4,4,6,104,6
26905,2021,10,11,1,18,4,3,10,1016,99,2,24,3,3,5,97,6
26906,2021,10,11,1,22,4,3,11,1101,99,2,46,8,8,10,104,6
26907,2021,10,11,1,11,2,1,4,401,99,1,39,6,6,8,104,6
26908,2021,10,11,1,12,3,2,4,404,99,1,37,6,6,8,97,6
26909,2021,10,11,1,11,2,1,22,2202,99,1,23,3,3,5,104,6
26910,2021,10,11,1,99,5,4,22,2201,99,1,58,10,10,12,104,6
26911,2021,10,11,1,15,3,2,22,2207,99,1,56,10,10,12,104,6
26912,2021,10,11,1,8,2,1,5,504,99,1,36,6,6,8,104,6
26913,2021,10,11,1,10,2,1,1,115,99,1,33,5,5,7,97,6
26914,2021,10,11,1,18,4,3,5,502,99,2,38,6,6,8,104,6
26915,2021,10,11,1,18,4,3,5,502,99,2,51,9,9,11,104,6
26916,2021,10,11,1,15,3,2,18,1801,99,1,27,4,4,6,104,6
26917,2021,10,11,1,12,3,2,6,609,99,2,35,6,6,8,104,6
26918,2021,10,11,1,12,3,2,6,613,99,2,39,6,6,8,104,6
26919,2021,10,11,1,13,3,2,6,601,99,1,39,6,6,8,104,6
26920,2021,10,11,1,18,4,3,6,612,99,2,22,3,3,5,104,6
26921,2021,10,11,1,17,3,2,6,602,99,1,37,6,6,8,104,6
26922,2021,10,11,1,16,3,2,6,603,99,2,41,7,7,9,104,6
26923,2021,10,11,1,15,3,2,1,115,99,2,999,12,16,18,104,6
26924,2021,10,11,1,15,3,2,1,115,99,2,22,3,3,5,104,6
26925,2021,10,11,1,18,4,3,1,115,99,2,24,3,3,5,104,6
26926,2021,10,11,1,18,4,3,1,115,99,2,40,7,7,9,104,6
26927,2021,10,11,1,19,4,3,1,117,99,1,38,6,6,8,97,6
26928,2021,10,11,1,14,3,2,1,110,99,2,19,2,2,4,104,6
26929,2021,10,11,1,11,2,1,3,309,99,2,52,9,9,11,104,6
26930,2021,10,11,1,15,3,2,3,308,99,1,45,8,8,10,104,6
26931,2021,10,11,1,20,4,3,3,308,99,2,38,6,6,8,104,6
26932,2021,10,11,1,20,4,3,3,308,99,2,26,4,4,6,104,6
26933,2021,10,12,2,16,3,2,14,1401,99,2,29,4,4,6,74,6
26934,2021,10,12,2,9,2,1,1,101,99,1,999,12,16,18,84,6
26935,2021,10,12,2,13,3,2,1,101,18,1,31,5,5,7,104,6
26936,2021,10,12,2,13,3,2,1,101,18,2,42,7,7,9,97,6
26937,2021,10,12,2,13,3,2,1,101,1,2,43,7,7,9,97,6
26938,2021,10,12,2,14,3,2,1,101,6,1,26,4,4,6,97,6
26939,2021,10,12,2,16,3,2,1,101,18,2,36,6,6,8,104,6
26940,2021,10,12,2,17,3,2,1,101,18,2,64,11,11,13,104,6
26941,2021,10,12,2,17,3,2,1,101,7,1,28,4,4,6,97,6
26942,2021,10,12,2,18,4,3,1,106,99,1,19,2,2,4,104,6
26943,2021,10,12,2,22,4,3,1,103,99,1,31,5,5,7,97,6
26944,2021,10,12,2,23,4,3,1,101,1,2,33,5,5,7,97,6
26945,2021,10,12,2,15,3,2,21,2101,99,1,37,6,6,8,104,6
26946,2021,10,12,2,18,4,3,15,1503,99,2,21,3,3,5,104,6
26947,2021,10,12,2,18,4,3,15,1501,99,2,39,6,6,8,104,6
26948,2021,10,12,2,10,2,1,15,1504,99,1,43,7,7,9,104,6
26949,2021,10,12,2,18,4,3,16,1608,99,1,25,4,4,6,104,6
26950,2021,10,12,2,18,4,3,15,1507,99,2,42,7,7,9,104,6
26951,2021,10,12,2,18,4,3,15,1501,99,1,40,7,7,9,104,6
26952,2021,10,12,2,10,2,1,11,1105,99,1,27,4,4,6,104,6
26953,2021,10,12,2,10,2,1,10,1008,99,2,43,7,7,9,104,6
26954,2021,10,12,2,16,3,2,10,1001,99,2,29,4,4,6,97,6
26955,2021,10,12,2,19,4,3,10,1001,99,2,31,5,5,7,97,6
26956,2021,10,12,2,19,4,3,10,1001,99,1,40,7,7,9,104,6
26957,2021,10,12,2,19,4,3,11,1102,99,1,46,8,8,10,104,6
26958,2021,10,12,2,20,4,3,11,1106,99,2,56,10,10,12,104,6
26959,2021,10,12,2,20,4,3,11,1101,99,1,26,4,4,6,97,6
26960,2021,10,12,2,12,3,2,5,506,99,1,36,6,6,8,97,6
26961,2021,10,12,2,14,3,2,5,501,99,1,19,2,2,4,104,6
26962,2021,10,12,2,15,3,2,5,502,99,1,36,6,6,8,104,6
26963,2021,10,12,2,14,3,2,1,115,99,1,66,11,12,14,97,6
26964,2021,10,12,2,13,3,2,1,115,99,1,19,2,2,4,97,6
26965,2021,10,12,2,11,2,1,1,101,19,1,32,5,5,7,97,6
26966,2021,10,12,2,11,2,1,1,108,99,1,41,7,7,9,97,6
26967,2021,10,12,2,11,2,1,1,108,99,1,44,7,7,9,97,6
26968,2021,10,12,2,12,3,2,1,108,99,1,33,5,5,7,97,6
26969,2021,10,12,2,12,3,2,9,920,99,2,34,5,5,7,97,6
26970,2021,10,12,2,12,3,2,9,920,99,2,35,6,6,8,104,6
26971,2021,10,12,2,23,4,3,9,920,99,2,37,6,6,8,104,6
26972,2021,10,13,3,11,2,1,1,115,99,1,999,12,16,18,104,6
26973,2021,10,13,3,10,2,1,1,102,99,1,23,3,3,5,104,6
26974,2021,10,13,3,12,3,2,1,106,99,2,28,4,4,6,97,6
26975,2021,10,13,3,12,3,2,1,101,5,2,57,10,10,12,104,6
26976,2021,10,13,3,15,3,2,1,106,99,1,41,7,7,9,97,6
26977,2021,10,13,3,18,4,3,1,114,99,1,999,12,16,18,97,6
26978,2021,10,13,3,18,4,3,1,101,13,1,47,8,8,10,97,6
26979,2021,10,13,3,18,4,3,1,101,8,1,65,11,12,14,97,6
26980,2021,10,13,3,18,4,3,1,101,18,2,24,3,3,5,97,6
26981,2021,10,13,3,20,4,3,1,101,6,2,45,8,8,10,97,6
26982,2021,10,13,3,20,4,3,1,106,99,1,38,6,6,8,104,6
26983,2021,10,13,3,20,4,3,1,103,99,2,47,8,8,10,97,6
26984,2021,10,13,3,21,4,3,1,101,13,1,46,8,8,10,104,6
26985,2021,10,13,3,22,4,3,1,101,5,2,21,3,3,5,104,6
26986,2021,10,13,3,23,4,3,1,101,21,2,38,6,6,8,97,6
26987,2021,10,13,3,23,4,3,1,101,18,2,42,7,7,9,104,6
26988,2021,10,13,3,12,3,2,15,1503,99,1,30,5,5,7,104,6
26989,2021,10,13,3,13,3,2,15,1503,99,1,27,4,4,6,104,6
26990,2021,10,13,3,15,3,2,15,1505,99,2,41,7,7,9,104,6
26991,2021,10,13,3,15,3,2,16,1617,99,2,26,4,4,6,104,6
26992,2021,10,13,3,15,3,2,16,1601,99,1,999,12,16,18,104,6
26993,2021,10,13,3,9,2,1,11,1109,99,1,33,5,5,7,104,6
26994,2021,10,13,3,21,4,3,10,1001,99,1,58,10,10,12,104,6
26995,2021,10,13,3,11,2,1,11,1108,99,1,53,9,9,11,104,6
26996,2021,10,13,3,12,3,2,11,1101,99,1,34,5,5,7,104,6
26997,2021,10,13,3,14,3,2,11,1106,99,1,23,3,3,5,104,6
26998,2021,10,13,3,13,3,2,4,402,99,1,34,5,5,7,97,6
26999,2021,10,13,3,8,2,1,22,2214,99,1,30,5,5,7,97,6
27000,2021,10,13,3,17,3,2,5,502,99,1,25,4,4,6,104,6
27001,2021,10,13,3,14,3,2,5,502,99,1,44,7,7,9,104,6
27002,2021,10,13,3,12,3,2,18,1801,99,1,999,12,16,18,97,6
27003,2021,10,13,3,15,3,2,6,604,99,1,41,7,7,9,104,6
27004,2021,10,13,3,13,3,2,1,116,99,2,43,7,7,9,104,6
27005,2021,10,13,3,14,3,2,1,115,99,2,999,12,16,18,104,6
27006,2021,10,13,3,18,4,3,1,115,99,2,25,4,4,6,104,6
27007,2021,10,13,3,13,3,2,1,115,99,1,21,3,3,5,104,6
27008,2021,10,13,3,20,4,3,1,108,99,2,28,4,4,6,104,6
27009,2021,10,13,3,15,3,2,3,301,99,1,33,5,5,7,104,6
27010,2021,10,13,3,20,4,3,3,312,99,1,16,2,2,4,104,6
27011,2021,10,14,4,9,2,1,12,1225,99,1,48,8,8,10,104,6
27012,2021,10,14,4,10,2,1,12,1213,99,1,35,6,6,8,104,6
27013,2021,10,14,4,11,2,1,7,710,99,1,40,7,7,9,97,6
27014,2021,10,14,4,12,3,2,1,114,99,2,47,8,8,10,97,6
27015,2021,10,14,4,8,2,1,1,115,99,1,999,12,16,18,104,6
27016,2021,10,14,4,8,2,1,1,101,6,1,43,7,7,9,94,6
27017,2021,10,14,4,14,3,2,1,107,99,1,24,3,3,5,104,6
27018,2021,10,14,4,15,3,2,1,101,17,2,39,6,6,8,104,6
27019,2021,10,14,4,16,3,2,1,101,1,1,28,4,4,6,104,6
27020,2021,10,14,4,16,3,2,1,101,25,1,44,7,7,9,97,6
27021,2021,10,14,4,17,3,2,1,101,6,2,29,4,4,6,104,6
27022,2021,10,14,4,17,3,2,1,101,6,2,43,7,7,9,104,6
27023,2021,10,14,4,17,3,2,1,101,7,1,53,9,9,11,104,6
27024,2021,10,14,4,18,4,3,1,101,11,1,32,5,5,7,97,6
27025,2021,10,14,4,19,4,3,1,101,12,1,38,6,6,8,97,6
27026,2021,10,14,4,20,4,3,1,106,99,2,20,3,3,5,104,6
27027,2021,10,14,4,21,4,3,1,101,5,1,29,4,4,6,97,6
27028,2021,10,14,4,22,4,3,1,101,1,1,31,5,5,7,104,6
27029,2021,10,14,4,22,4,3,1,113,99,1,999,12,16,18,104,6
27030,2021,10,14,4,9,2,1,1,108,99,2,24,3,3,5,97,6
27031,2021,10,14,4,12,3,2,9,901,99,1,38,6,6,8,94,6
27032,2021,10,14,4,17,3,2,12,1212,99,2,54,9,9,11,97,6
27033,2021,10,14,4,12,3,2,16,1603,99,1,62,11,11,13,104,6
27034,2021,10,14,4,12,3,2,16,1603,99,1,60,11,11,13,97,6
27035,2021,10,14,4,16,3,2,16,1601,99,1,43,7,7,9,104,6
27036,2021,10,14,4,17,3,2,16,1611,99,1,30,5,5,7,104,6
27037,2021,10,14,4,11,2,1,10,1014,99,1,50,9,9,11,104,6
27038,2021,10,14,4,11,2,1,10,1020,99,1,49,8,8,10,104,6
27039,2021,10,14,4,15,3,2,10,1010,99,1,68,11,12,14,104,6
27040,2021,10,14,4,11,2,1,10,1014,99,1,38,6,6,8,104,6
27041,2021,10,14,4,10,2,1,5,501,99,1,35,6,6,8,104,6
27042,2021,10,14,4,11,2,1,18,1801,99,1,33,5,5,7,97,6
27043,2021,10,14,4,10,2,1,18,1801,99,2,999,12,16,18,97,6
27044,2021,10,14,4,11,2,1,1,115,99,1,41,7,7,9,104,6
27045,2021,10,14,4,14,3,2,1,115,99,1,28,4,4,6,104,6
27046,2021,10,14,4,16,3,2,1,108,99,1,40,7,7,9,97,6
27047,2021,10,14,4,20,4,3,1,108,99,1,25,4,4,6,97,6
27048,2021,10,14,4,13,3,2,3,302,99,1,33,5,5,7,97,6
27049,2021,10,14,4,16,3,2,3,303,99,1,39,6,6,8,104,6
27050,2021,10,14,4,23,4,3,3,308,99,1,27,4,4,6,104,6
27051,2021,10,15,5,10,2,1,1,116,99,1,34,5,5,7,104,6
27052,2021,10,15,5,16,3,2,12,1207,99,1,44,7,7,9,104,6
27053,2021,10,15,5,21,4,3,1,117,99,1,51,9,9,11,97,6
27054,2021,10,15,5,2,1,1,1,114,99,2,30,5,5,7,104,6
27055,2021,10,15,5,11,2,1,1,101,11,2,65,11,12,14,97,6
27056,2021,10,15,5,16,3,2,1,103,99,1,49,8,8,10,97,6
27057,2021,10,15,5,17,3,2,1,101,6,2,61,11,11,13,97,6
27058,2021,10,15,5,17,3,2,1,101,1,1,35,6,6,8,104,6
27059,2021,10,15,5,17,3,2,1,115,99,1,42,7,7,9,97,6
27060,2021,10,15,5,18,4,3,1,101,18,2,46,8,8,10,104,6
27061,2021,10,15,5,18,4,3,1,115,99,1,24,3,3,5,104,6
27062,2021,10,15,5,20,4,3,1,101,13,2,33,5,5,7,97,6
27063,2021,10,15,5,21,4,3,1,101,1,1,42,7,7,9,97,6
27064,2021,10,15,5,21,4,3,1,101,99,1,28,4,4,6,97,6
27065,2021,10,15,5,21,4,3,1,101,25,1,35,6,6,8,104,6
27066,2021,10,15,5,21,4,3,1,107,99,2,30,5,5,7,104,6
27067,2021,10,15,5,21,4,3,1,108,99,2,36,6,6,8,97,6
27068,2021,10,15,5,22,4,3,1,101,16,1,41,7,7,9,97,6
27069,2021,10,15,5,22,4,3,1,101,1,2,35,6,6,8,97,6
27070,2021,10,15,5,15,3,2,9,920,99,2,40,7,7,9,94,6
27071,2021,10,15,5,9,2,1,21,2101,99,2,39,6,6,8,104,6
27072,2021,10,15,5,11,2,1,21,2101,99,2,33,5,5,7,97,6
27073,2021,10,15,5,15,3,2,21,2102,99,2,30,5,5,7,104,6
27074,2021,10,15,5,16,3,2,21,2106,99,1,41,7,7,9,104,6
27075,2021,10,15,5,13,3,2,16,1601,99,1,41,7,7,9,104,6
27076,2021,10,15,5,16,3,2,16,1601,99,1,58,10,10,12,104,6
27077,2021,10,15,5,22,4,3,15,1503,99,1,40,7,7,9,104,6
27078,2021,10,15,5,16,3,2,11,1101,99,2,28,4,4,6,104,6
27079,2021,10,15,5,12,3,2,10,1003,99,1,55,10,10,12,104,6
27080,2021,10,15,5,13,3,2,10,1001,99,1,999,12,16,18,104,6
27081,2021,10,15,5,12,3,2,10,1001,99,1,41,7,7,9,104,6
27082,2021,10,15,5,7,2,1,4,405,99,1,37,6,6,8,104,6
27083,2021,10,15,5,16,3,2,4,403,99,1,60,11,11,13,104,6
27084,2021,10,15,5,10,2,1,5,511,99,1,39,6,6,8,104,6
27085,2021,10,15,5,21,4,3,1,117,99,1,51,9,9,11,104,6
27086,2021,10,15,5,16,3,2,1,115,99,1,31,5,5,7,104,6
27087,2021,10,15,5,14,3,2,1,115,99,2,61,11,11,13,97,6
27088,2021,10,15,5,2,1,1,1,117,99,2,31,5,5,7,97,6
27089,2021,10,15,5,19,4,3,1,115,99,1,61,11,11,13,104,6
27090,2021,10,15,5,17,3,2,1,108,99,1,34,5,5,7,97,6
27091,2021,10,15,5,17,3,2,1,108,99,1,49,8,8,10,97,6
27092,2021,10,15,5,12,3,2,3,302,99,1,999,12,16,18,97,6
27093,2021,10,15,5,20,4,3,3,312,99,1,29,4,4,6,97,6
27094,2021,10,16,6,8,2,1,1,101,18,1,38,6,6,8,97,6
27095,2021,10,16,6,13,3,2,1,101,5,2,26,4,4,6,97,6
27096,2021,10,16,6,14,3,2,1,101,18,1,53,9,9,11,97,6
27097,2021,10,16,6,14,3,2,1,101,17,1,23,3,3,5,104,6
27098,2021,10,16,6,14,3,2,1,101,1,1,24,3,3,5,104,6
27099,2021,10,16,6,22,4,3,6,602,99,2,18,2,2,4,97,6
27100,2021,10,16,6,22,4,3,1,101,1,1,26,4,4,6,104,6
27101,2021,10,16,6,17,3,2,12,1212,99,1,64,11,11,13,104,6
27102,2021,10,16,6,15,3,2,15,1503,99,1,59,10,10,12,97,6
27103,2021,10,16,6,21,4,3,15,1503,99,2,27,4,4,6,97,6
27104,2021,10,16,6,11,2,1,10,1010,99,2,42,7,7,9,97,6
27105,2021,10,16,6,12,3,2,11,1109,99,1,34,5,5,7,104,6
27106,2021,10,16,6,17,3,2,10,1020,99,1,22,3,3,5,104,6
27107,2021,10,16,6,16,3,2,18,1801,99,2,28,4,4,6,97,6
27108,2021,10,16,6,14,3,2,1,115,99,1,27,4,4,6,104,6
27109,2021,10,16,6,15,3,2,1,117,99,2,25,4,4,6,104,6
27110,2021,10,16,6,16,3,2,1,115,99,1,28,4,4,6,97,6
27111,2021,10,16,6,21,4,3,1,108,99,2,47,8,8,10,97,6
27112,2021,10,16,6,10,2,1,12,1222,99,1,40,7,7,9,94,6
27113,2021,10,16,6,13,3,2,9,920,99,2,29,4,4,6,104,6
27114,2021,10,16,6,20,4,3,3,301,99,1,26,4,4,6,104,6
27115,2021,10,17,7,12,3,2,2,207,99,1,28,4,4,6,74,6
27116,2021,10,17,7,8,2,1,1,101,6,2,21,3,3,5,104,6
27117,2021,10,17,7,17,3,2,1,101,5,2,25,4,4,6,104,6
27118,2021,10,17,7,17,3,2,1,101,17,1,39,6,6,8,97,6
27119,2021,10,17,7,17,3,2,1,101,18,2,44,7,7,9,97,6
27120,2021,10,17,7,20,4,3,1,107,99,1,48,8,8,10,97,6
27121,2021,10,17,7,5,1,1,15,1501,99,2,24,3,3,5,97,6
27122,2021,10,17,7,13,3,2,15,1502,99,2,41,7,7,9,104,6
27123,2021,10,17,7,21,4,3,16,1612,99,1,52,9,9,11,97,6
27124,2021,10,17,7,14,3,2,10,1009,99,1,51,9,9,11,104,6
27125,2021,10,17,7,15,3,2,10,1002,99,1,24,3,3,5,97,6
27126,2021,10,17,7,12,3,2,5,509,99,1,31,5,5,7,104,6
27127,2021,10,17,7,9,2,1,9,920,99,1,30,5,5,7,99,6
27128,2021,10,17,7,13,3,2,9,920,99,2,38,6,6,8,97,6
27129,2021,10,18,1,9,2,1,14,1408,99,2,35,6,6,8,74,6
27130,2021,10,18,1,12,3,2,7,718,99,1,29,4,4,6,97,6
27131,2021,10,18,1,12,3,2,2,207,99,2,47,8,8,10,74,6
27132,2021,10,18,1,12,3,2,2,206,99,1,24,3,3,5,74,6
27133,2021,10,18,1,12,3,2,2,206,99,1,17,2,2,4,74,6
27134,2021,10,18,1,14,3,2,2,208,99,2,26,4,4,6,74,6
27135,2021,10,18,1,11,2,1,1,101,5,1,51,9,9,11,97,6
27136,2021,10,18,1,11,2,1,1,103,99,2,50,9,9,11,104,6
27137,2021,10,18,1,11,2,1,1,101,16,1,22,3,3,5,97,6
27138,2021,10,18,1,15,3,2,1,101,17,1,27,4,4,6,104,6
27139,2021,10,18,1,15,3,2,1,101,3,1,40,7,7,9,97,6
27140,2021,10,18,1,16,3,2,1,101,3,1,38,6,6,8,104,6
27141,2021,10,18,1,16,3,2,1,101,9,1,57,10,10,12,104,6
27142,2021,10,18,1,17,3,2,1,101,18,1,28,4,4,6,104,6
27143,2021,10,18,1,17,3,2,1,101,6,2,43,7,7,9,104,6
27144,2021,10,18,1,17,3,2,1,101,5,1,20,3,3,5,97,6
27145,2021,10,18,1,17,3,2,1,101,11,2,21,3,3,5,104,6
27146,2021,10,18,1,20,4,3,1,101,13,1,39,6,6,8,104,6
27147,2021,10,18,1,21,4,3,1,108,99,1,46,8,8,10,104,6
27148,2021,10,18,1,21,4,3,1,116,99,1,45,8,8,10,97,6
27149,2021,10,18,1,16,3,2,9,901,99,1,57,10,10,12,104,6
27150,2021,10,18,1,9,2,1,21,2101,99,1,23,3,3,5,104,6
27151,2021,10,18,1,13,3,2,16,1601,99,2,45,8,8,10,104,6
27152,2021,10,18,1,16,3,2,14,1420,99,1,42,7,7,9,104,6
27153,2021,10,18,1,20,4,3,16,1612,99,1,43,7,7,9,97,6
27154,2021,10,18,1,23,4,3,15,1503,99,1,27,4,4,6,104,6
27155,2021,10,18,1,17,3,2,11,1101,99,2,36,6,6,8,104,6
27156,2021,10,18,1,9,2,1,11,1101,99,1,34,5,5,7,94,6
27157,2021,10,18,1,16,3,2,22,2206,99,1,45,8,8,10,104,6
27158,2021,10,18,1,12,3,2,5,510,99,1,48,8,8,10,104,6
27159,2021,10,18,1,12,3,2,5,510,99,1,56,10,10,12,104,6
27160,2021,10,18,1,12,3,2,5,501,99,1,28,4,4,6,97,6
27161,2021,10,18,1,16,3,2,6,614,99,1,32,5,5,7,97,6
27162,2021,10,18,1,11,2,1,1,114,99,2,43,7,7,9,104,6
27163,2021,10,18,1,22,4,3,1,117,99,2,46,8,8,10,104,6
27164,2021,10,18,1,11,2,1,1,117,99,2,29,4,4,6,104,6
27165,2021,10,18,1,12,3,2,1,108,99,1,999,12,16,18,94,6
27166,2021,10,18,1,13,3,2,9,917,99,1,46,8,8,10,95,6
27167,2021,10,18,1,22,4,3,3,306,99,2,27,4,4,6,104,6
27168,2021,10,19,2,10,2,1,12,1201,99,1,44,7,7,9,104,6
27169,2021,10,19,2,14,3,2,12,1205,99,1,999,12,16,18,104,6
27170,2021,10,19,2,15,3,2,13,1302,99,1,32,5,5,7,97,6
27171,2021,10,19,2,10,2,1,1,117,99,2,29,4,4,6,104,6
27172,2021,10,19,2,10,2,1,19,1901,99,1,57,10,10,12,74,6
27173,2021,10,19,2,14,3,2,14,1403,99,1,22,3,3,5,74,6
27174,2021,10,19,2,10,2,1,1,101,21,1,39,6,6,8,97,6
27175,2021,10,19,2,12,3,2,1,101,5,1,38,6,6,8,97,6
27176,2021,10,19,2,13,3,2,1,101,5,1,26,4,4,6,97,6
27177,2021,10,19,2,14,3,2,1,101,18,2,52,9,9,11,97,6
27178,2021,10,19,2,16,3,2,1,103,99,1,37,6,6,8,104,6
27179,2021,10,19,2,17,3,2,1,101,6,1,39,6,6,8,104,6
27180,2021,10,19,2,17,3,2,1,102,99,2,34,5,5,7,104,6
27181,2021,10,19,2,21,4,3,1,110,99,2,62,11,11,13,104,6
27182,2021,10,19,2,21,4,3,1,101,18,2,25,4,4,6,104,6
27183,2021,10,19,2,21,4,3,1,101,18,2,38,6,6,8,104,6
27184,2021,10,19,2,21,4,3,1,101,12,2,23,3,3,5,97,6
27185,2021,10,19,2,21,4,3,1,101,18,2,35,6,6,8,104,6
27186,2021,10,19,2,21,4,3,1,101,5,1,35,6,6,8,97,6
27187,2021,10,19,2,22,4,3,1,108,99,1,39,6,6,8,104,6
27188,2021,10,19,2,12,3,2,9,901,99,1,37,6,6,8,97,6
27189,2021,10,19,2,12,3,2,9,919,99,2,30,5,5,7,104,6
27190,2021,10,19,2,12,3,2,12,1212,99,2,33,5,5,7,104,6
27191,2021,10,19,2,16,3,2,12,1230,99,2,43,7,7,9,104,6
27192,2021,10,19,2,17,3,2,9,901,99,1,71,11,13,15,97,6
27193,2021,10,19,2,6,2,1,16,1615,99,1,28,4,4,6,104,6
27194,2021,10,19,2,10,2,1,16,1602,99,1,38,6,6,8,104,6
27195,2021,10,19,2,18,4,3,15,1503,99,2,23,3,3,5,97,6
27196,2021,10,19,2,18,4,3,16,1601,99,2,48,8,8,10,97,6
27197,2021,10,19,2,14,3,2,10,1001,99,1,48,8,8,10,104,6
27198,2021,10,19,2,15,3,2,11,1103,99,2,38,6,6,8,104,6
27199,2021,10,19,2,10,2,1,11,1103,99,2,34,5,5,7,104,6
27200,2021,10,19,2,15,3,2,4,416,99,1,58,10,10,12,104,6
27201,2021,10,19,2,16,3,2,4,407,99,1,36,6,6,8,104,6
27202,2021,10,19,2,17,3,2,4,416,99,1,999,12,16,18,104,6
27203,2021,10,19,2,11,2,1,22,2205,99,2,43,7,7,9,104,6
27204,2021,10,19,2,21,4,3,22,2201,99,1,25,4,4,6,97,6
27205,2021,10,19,2,18,4,3,18,1801,99,2,21,3,3,5,97,6
27206,2021,10,19,2,13,3,2,18,1801,99,1,35,6,6,8,104,6
27207,2021,10,19,2,11,2,1,18,1801,99,2,999,12,16,18,104,6
27208,2021,10,19,2,11,2,1,18,1804,99,1,32,5,5,7,104,6
27209,2021,10,19,2,9,2,1,1,117,99,1,53,9,9,11,97,6
27210,2021,10,19,2,14,3,2,1,116,99,2,36,6,6,8,104,6
27211,2021,10,19,2,12,3,2,1,117,99,1,28,4,4,6,104,6
27212,2021,10,19,2,16,3,2,1,116,99,1,25,4,4,6,104,6
27213,2021,10,19,2,14,3,2,1,117,99,1,38,6,6,8,97,6
27214,2021,10,19,2,11,2,1,1,115,99,1,24,3,3,5,104,6
27215,2021,10,19,2,13,3,2,1,108,99,1,51,9,9,11,97,6
27216,2021,10,19,2,17,3,2,1,110,99,1,50,9,9,11,104,6
27217,2021,10,19,2,15,3,2,9,922,99,2,36,6,6,8,104,6
27218,2021,10,19,2,17,3,2,9,920,99,1,25,4,4,6,97,6
27219,2021,10,20,3,14,3,2,2,207,99,2,37,6,6,8,74,6
27220,2021,10,20,3,13,3,2,2,207,99,1,70,11,13,15,74,6
27221,2021,10,20,3,15,3,2,13,1327,99,1,20,3,3,5,74,6
27222,2021,10,20,3,10,2,1,1,117,99,1,38,6,6,8,104,6
27223,2021,10,20,3,11,2,1,1,114,99,1,27,4,4,6,104,6
27224,2021,10,20,3,23,4,3,1,115,99,1,23,3,3,5,104,6
27225,2021,10,20,3,8,2,1,7,701,99,1,23,3,3,5,104,6
27226,2021,10,20,3,12,3,2,1,101,21,2,34,5,5,7,104,6
27227,2021,10,20,3,13,3,2,1,101,5,1,39,6,6,8,97,6
27228,2021,10,20,3,14,3,2,1,113,99,2,31,5,5,7,97,6
27229,2021,10,20,3,14,3,2,1,101,6,2,51,9,9,11,97,6
27230,2021,10,20,3,22,4,3,1,101,18,2,41,7,7,9,104,6
27231,2021,10,20,3,22,4,3,1,101,18,2,42,7,7,9,104,6
27232,2021,10,20,3,23,4,3,1,101,7,2,23,3,3,5,104,6
27233,2021,10,20,3,0,1,1,9,901,99,1,36,6,6,8,97,6
27234,2021,10,20,3,14,3,2,15,1501,99,2,22,3,3,5,97,6
27235,2021,10,20,3,18,4,3,16,1601,99,1,44,7,7,9,97,6
27236,2021,10,20,3,21,4,3,11,1107,99,1,40,7,7,9,97,6
27237,2021,10,20,3,12,3,2,10,1008,99,1,25,4,4,6,97,6
27238,2021,10,20,3,10,2,1,4,410,99,1,23,3,3,5,104,6
27239,2021,10,20,3,11,2,1,4,414,99,1,38,6,6,8,97,6
27240,2021,10,20,3,14,3,2,22,2201,99,2,25,4,4,6,104,6
27241,2021,10,20,3,14,3,2,22,2212,99,2,45,8,8,10,97,6
27242,2021,10,20,3,10,2,1,5,507,99,1,30,5,5,7,104,6
27243,2021,10,20,3,13,3,2,5,501,99,1,43,7,7,9,97,6
27244,2021,10,20,3,15,3,2,5,501,99,2,35,6,6,8,104,6
27245,2021,10,20,3,17,3,2,5,513,99,1,35,6,6,8,104,6
27246,2021,10,20,3,18,4,3,5,506,99,1,50,9,9,11,104,6
27247,2021,10,20,3,11,2,1,6,608,99,1,45,8,8,10,104,6
27248,2021,10,20,3,13,3,2,6,601,99,2,25,4,4,6,97,6
27249,2021,10,20,3,9,2,1,1,115,99,2,27,4,4,6,97,6
27250,2021,10,20,3,16,3,2,1,115,99,2,21,3,3,5,97,6
27251,2021,10,20,3,17,3,2,1,115,99,2,30,5,5,7,104,6
27252,2021,10,20,3,14,3,2,9,920,99,1,22,3,3,5,97,6
27253,2021,10,20,3,14,3,2,3,310,99,1,52,9,9,11,104,6
27254,2021,10,20,3,14,3,2,3,310,99,2,23,3,3,5,104,6
27255,2021,10,20,3,15,3,2,3,309,99,1,25,4,4,6,97,6
27256,2021,10,20,3,16,3,2,3,312,99,1,71,11,13,15,97,6
27257,2021,10,21,4,99,5,4,12,1220,99,2,34,5,5,7,104,6
27258,2021,10,21,4,15,3,2,12,1207,99,2,31,5,5,7,104,6
27259,2021,10,21,4,13,3,2,1,115,99,2,61,11,11,13,97,6
27260,2021,10,21,4,12,3,2,1,101,1,2,57,10,10,12,104,6
27261,2021,10,21,4,16,3,2,1,101,16,2,34,5,5,7,97,6
27262,2021,10,21,4,7,2,1,1,105,99,2,46,8,8,10,104,6
27263,2021,10,21,4,20,4,3,1,101,99,1,30,5,5,7,101,6
27264,2021,10,21,4,20,4,3,1,101,99,1,43,7,7,9,97,6
27265,2021,10,21,4,20,4,3,1,101,7,1,57,10,10,12,97,6
27266,2021,10,21,4,18,4,3,16,1601,99,1,38,6,6,8,104,6
27267,2021,10,21,4,18,4,3,16,1601,99,2,33,5,5,7,104,6
27268,2021,10,21,4,21,4,3,16,1601,99,2,29,4,4,6,97,6
27269,2021,10,21,4,10,2,1,11,1105,99,2,30,5,5,7,104,6
27270,2021,10,21,4,12,3,2,11,1102,99,1,32,5,5,7,104,6
27271,2021,10,21,4,14,3,2,11,1101,99,2,36,6,6,8,97,6
27272,2021,10,21,4,17,3,2,10,1014,99,2,69,11,12,14,104,6
27273,2021,10,21,4,9,2,1,4,407,99,1,37,6,6,8,97,6
27274,2021,10,21,4,15,3,2,1,102,99,1,42,7,7,9,104,6
27275,2021,10,21,4,14,3,2,22,2209,99,2,22,3,3,5,104,6
27276,2021,10,21,4,12,3,2,5,513,99,2,29,4,4,6,104,6
27277,2021,10,21,4,15,3,2,5,511,99,2,39,6,6,8,97,6
27278,2021,10,21,4,13,3,2,18,1805,99,1,28,4,4,6,104,6
27279,2021,10,21,4,10,2,1,6,608,99,2,54,9,9,11,104,6
27280,2021,10,21,4,0,1,1,1,115,99,1,26,4,4,6,97,6
27281,2021,10,21,4,8,2,1,1,115,99,2,32,5,5,7,104,6
27282,2021,10,21,4,10,2,1,1,117,99,2,25,4,4,6,104,6
27283,2021,10,21,4,14,3,2,1,117,99,2,32,5,5,7,97,6
27284,2021,10,21,4,9,2,1,1,117,99,1,58,10,10,12,97,6
27285,2021,10,21,4,17,3,2,1,115,99,2,41,7,7,9,97,6
27286,2021,10,21,4,14,3,2,1,110,99,1,30,5,5,7,94,6
27287,2021,10,21,4,11,2,1,1,110,99,1,27,4,4,6,97,6
27288,2021,10,21,4,0,1,1,3,301,99,1,27,4,4,6,104,6
27289,2021,10,21,4,14,3,2,3,312,99,2,21,3,3,5,104,6
27290,2021,10,21,4,16,3,2,3,315,99,2,999,12,16,18,104,6
27291,2021,10,21,4,18,4,3,3,312,99,1,22,3,3,5,104,6
27292,2021,10,22,5,19,4,3,12,1211,99,2,43,7,7,9,104,6
27293,2021,10,22,5,8,2,1,12,1226,99,1,42,7,7,9,104,6
27294,2021,10,22,5,12,3,2,2,207,99,2,34,5,5,7,74,6
27295,2021,10,22,5,17,3,2,2,208,99,2,19,2,2,4,74,6
27296,2021,10,22,5,11,2,1,14,1409,99,1,54,9,9,11,74,6
27297,2021,10,22,5,8,2,1,1,113,99,1,41,7,7,9,104,6
27298,2021,10,22,5,11,2,1,16,1601,99,2,28,4,4,6,97,6
27299,2021,10,22,5,13,3,2,1,101,17,1,43,7,7,9,97,6
27300,2021,10,22,5,14,3,2,1,101,6,1,30,5,5,7,97,6
27301,2021,10,22,5,1,1,1,1,107,99,2,22,3,3,5,97,6
27302,2021,10,22,5,16,3,2,1,102,99,2,32,5,5,7,97,6
27303,2021,10,22,5,16,3,2,1,107,99,2,34,5,5,7,104,6
27304,2021,10,22,5,17,3,2,1,105,99,1,999,12,16,18,104,6
27305,2021,10,22,5,17,3,2,1,110,99,1,28,4,4,6,104,6
27306,2021,10,22,5,17,3,2,1,101,99,1,999,12,16,18,104,6
27307,2021,10,22,5,17,3,2,1,101,14,2,79,11,14,16,104,6
27308,2021,10,22,5,17,3,2,1,101,5,1,40,7,7,9,99,6
27309,2021,10,22,5,18,4,3,1,101,6,1,46,8,8,10,104,6
27310,2021,10,22,5,20,4,3,1,103,99,2,38,6,6,8,104,6
27311,2021,10,22,5,20,4,3,1,101,6,2,47,8,8,10,104,6
27312,2021,10,22,5,21,4,3,1,101,16,1,61,11,11,13,97,6
27313,2021,10,22,5,16,3,2,21,2101,99,2,23,3,3,5,104,6
27314,2021,10,22,5,8,2,1,16,1601,99,2,42,7,7,9,104,6
27315,2021,10,22,5,8,2,1,16,1601,99,1,20,3,3,5,104,6
27316,2021,10,22,5,12,3,2,16,1609,99,2,50,9,9,11,104,6
27317,2021,10,22,5,8,2,1,11,1101,99,1,30,5,5,7,104,6
27318,2021,10,22,5,8,2,1,11,1101,99,1,999,12,16,18,97,6
27319,2021,10,22,5,8,2,1,11,1101,99,2,55,10,10,12,104,6
27320,2021,10,22,5,11,2,1,11,1109,99,2,999,12,16,18,104,6
27321,2021,10,22,5,12,3,2,10,1010,99,2,47,8,8,10,104,6
27322,2021,10,22,5,21,4,3,10,1001,99,2,37,6,6,8,97,6
27323,2021,10,22,5,11,2,1,4,406,99,1,38,6,6,8,97,6
27324,2021,10,22,5,12,3,2,6,609,99,2,23,3,3,5,97,6
27325,2021,10,22,5,13,3,2,5,501,99,1,36,6,6,8,97,6
27326,2021,10,22,5,14,3,2,5,503,99,1,29,4,4,6,104,6
27327,2021,10,22,5,11,2,1,1,115,99,2,35,6,6,8,97,6
27328,2021,10,22,5,13,3,2,1,116,99,1,30,5,5,7,95,6
27329,2021,10,22,5,13,3,2,1,116,99,2,54,9,9,11,104,6
27330,2021,10,22,5,15,3,2,1,116,99,1,21,3,3,5,104,6
27331,2021,10,22,5,7,2,1,1,115,99,2,30,5,5,7,104,6
27332,2021,10,22,5,14,3,2,1,115,99,2,57,10,10,12,104,6
27333,2021,10,22,5,6,2,1,1,115,99,1,56,10,10,12,97,6
27334,2021,10,22,5,15,3,2,1,115,99,1,57,10,10,12,104,6
27335,2021,10,22,5,15,3,2,1,108,99,1,36,6,6,8,104,6
27336,2021,10,22,5,15,3,2,1,108,99,1,53,9,9,11,97,6
27337,2021,10,22,5,16,3,2,1,108,99,1,23,3,3,5,97,6
27338,2021,10,22,5,21,4,3,1,108,99,2,27,4,4,6,97,6
27339,2021,10,22,5,9,2,1,3,302,99,1,999,12,16,18,104,6
27340,2021,10,22,5,10,2,1,3,302,99,2,42,7,7,9,104,6
27341,2021,10,22,5,13,3,2,1,101,8,1,33,5,5,7,97,6
27342,2021,10,23,6,17,3,2,1,114,99,2,41,7,7,9,104,6
27343,2021,10,23,6,13,3,2,1,101,18,1,35,6,6,8,97,6
27344,2021,10,23,6,15,3,2,1,106,99,1,31,5,5,7,101,6
27345,2021,10,23,6,16,3,2,1,101,6,1,34,5,5,7,97,6
27346,2021,10,23,6,17,3,2,1,113,99,2,30,5,5,7,104,6
27347,2021,10,23,6,21,4,3,1,101,3,2,36,6,6,8,104,6
27348,2021,10,23,6,21,4,3,1,101,16,1,38,6,6,8,104,6
27349,2021,10,23,6,21,4,3,1,101,18,2,22,3,3,5,97,6
27350,2021,10,23,6,12,3,2,9,901,99,1,50,9,9,11,97,6
27351,2021,10,23,6,16,3,2,21,2101,99,1,29,4,4,6,104,6
27352,2021,10,23,6,16,3,2,21,2106,99,2,40,7,7,9,104,6
27353,2021,10,23,6,12,3,2,21,2107,99,1,52,9,9,11,104,6
27354,2021,10,23,6,15,3,2,10,1016,99,1,26,4,4,6,97,6
27355,2021,10,23,6,18,4,3,11,1101,99,1,40,7,7,9,97,6
27356,2021,10,23,6,18,4,3,11,1102,99,1,40,7,7,9,97,6
27357,2021,10,23,6,10,2,1,5,501,99,1,57,10,10,12,104,6
27358,2021,10,23,6,19,4,3,6,613,99,1,18,2,2,4,104,6
27359,2021,10,23,6,12,3,2,1,115,99,1,48,8,8,10,97,6
27360,2021,10,23,6,11,2,1,1,117,99,1,35,6,6,8,104,6
27361,2021,10,23,6,10,2,1,1,117,99,2,29,4,4,6,104,6
27362,2021,10,23,6,11,2,1,1,115,99,1,28,4,4,6,104,6
27363,2021,10,23,6,13,3,2,1,115,99,1,28,4,4,6,104,6
27364,2021,10,23,6,9,2,1,1,101,12,2,27,4,4,6,104,6
27365,2021,10,23,6,13,3,2,1,108,99,1,36,6,6,8,104,6
27366,2021,10,23,6,18,4,3,1,108,99,1,48,8,8,10,97,6
27367,2021,10,23,6,18,4,3,9,920,99,2,26,4,4,6,104,6
27368,2021,10,23,6,12,3,2,3,301,99,1,48,8,8,10,97,6
27369,2021,10,23,6,14,3,2,3,306,99,1,24,3,3,5,104,6
27370,2021,10,23,6,15,3,2,3,308,99,2,41,7,7,9,104,6
27371,2021,10,23,6,18,4,3,3,306,99,2,54,9,9,11,104,6
27372,2021,10,23,6,23,4,3,3,306,99,1,23,3,3,5,104,6
27373,2021,10,24,7,9,2,1,12,1211,99,2,41,7,7,9,104,6
27374,2021,10,24,7,9,2,1,1,101,5,1,47,8,8,10,99,6
27375,2021,10,24,7,9,2,1,1,113,99,1,39,6,6,8,97,6
27376,2021,10,24,7,13,3,2,1,101,1,1,41,7,7,9,97,6
27377,2021,10,24,7,14,3,2,1,101,11,1,29,4,4,6,104,6
27378,2021,10,24,7,15,3,2,1,106,99,1,29,4,4,6,97,6
27379,2021,10,24,7,17,3,2,1,101,7,2,51,9,9,11,104,6
27380,2021,10,24,7,20,4,3,1,101,5,1,33,5,5,7,104,6
27381,2021,10,24,7,20,4,3,1,101,18,2,45,8,8,10,104,6
27382,2021,10,24,7,15,3,2,21,2101,99,1,24,3,3,5,104,6
27383,2021,10,24,7,12,3,2,22,2201,99,2,43,7,7,9,104,6
27384,2021,10,24,7,11,2,1,5,511,99,1,53,9,9,11,104,6
27385,2021,10,24,7,14,3,2,18,1804,99,1,36,6,6,8,104,6
27386,2021,10,24,7,12,3,2,6,601,99,1,38,6,6,8,104,6
27387,2021,10,24,7,13,3,2,1,117,99,2,25,4,4,6,97,6
27388,2021,10,24,7,14,3,2,1,116,99,2,43,7,7,9,104,6
27389,2021,10,24,7,11,2,1,1,110,99,1,30,5,5,7,104,6
27390,2021,10,24,7,10,2,1,3,303,99,1,71,11,13,15,104,6
27391,2021,10,24,7,21,4,3,3,304,99,1,34,5,5,7,104,6
27392,2021,10,25,1,13,3,2,12,1202,99,1,28,4,4,6,74,6
27393,2021,10,25,1,12,3,2,12,1213,99,1,48,8,8,10,74,6
27394,2021,10,25,1,10,2,1,1,115,99,2,999,12,16,18,97,6
27395,2021,10,25,1,10,2,1,1,115,99,1,46,8,8,10,104,6
27396,2021,10,25,1,16,3,2,1,115,99,1,44,7,7,9,104,6
27397,2021,10,25,1,16,3,2,14,1421,99,2,35,6,6,8,74,6
27398,2021,10,25,1,11,2,1,1,101,8,1,28,4,4,6,94,6
27399,2021,10,25,1,15,3,2,1,101,5,2,29,4,4,6,104,6
27400,2021,10,25,1,17,3,2,1,107,99,1,31,5,5,7,104,6
27401,2021,10,25,1,17,3,2,1,101,24,1,45,8,8,10,104,6
27402,2021,10,25,1,18,4,3,1,101,2,1,66,11,12,14,104,6
27403,2021,10,25,1,19,4,3,1,103,99,1,31,5,5,7,97,6
27404,2021,10,25,1,19,4,3,1,101,7,1,63,11,11,13,104,6
27405,2021,10,25,1,19,4,3,1,101,16,1,28,4,4,6,97,6
27406,2021,10,25,1,19,4,3,1,101,21,2,35,6,6,8,104,6
27407,2021,10,25,1,20,4,3,1,101,5,1,23,3,3,5,104,6
27408,2021,10,25,1,22,4,3,1,105,99,2,33,5,5,7,104,6
27409,2021,10,25,1,17,3,2,9,907,99,1,34,5,5,7,104,6
27410,2021,10,25,1,18,4,3,9,923,99,2,36,6,6,8,104,6
27411,2021,10,25,1,18,4,3,9,923,99,1,62,11,11,13,104,6
27412,2021,10,25,1,18,4,3,9,901,99,2,37,6,6,8,104,6
27413,2021,10,25,1,12,3,2,21,2101,99,1,29,4,4,6,97,6
27414,2021,10,25,1,11,2,1,21,2103,99,1,36,6,6,8,104,6
27415,2021,10,25,1,22,4,3,15,1503,99,1,42,7,7,9,104,6
27416,2021,10,25,1,13,3,2,10,1021,99,2,25,4,4,6,104,6
27417,2021,10,25,1,14,3,2,10,1016,99,1,23,3,3,5,104,6
27418,2021,10,25,1,14,3,2,10,1016,99,2,28,4,4,6,104,6
27419,2021,10,25,1,17,3,2,10,1017,99,2,63,11,11,13,94,6
27420,2021,10,25,1,9,2,1,4,401,99,2,24,3,3,5,97,6
27421,2021,10,25,1,11,2,1,22,2201,99,2,65,11,12,14,104,6
27422,2021,10,25,1,16,3,2,22,2202,99,1,33,5,5,7,97,6
27423,2021,10,25,1,9,2,1,5,501,99,1,59,10,10,12,104,6
27424,2021,10,25,1,16,3,2,5,508,99,1,40,7,7,9,104,6
27425,2021,10,25,1,12,3,2,18,1804,99,1,44,7,7,9,104,6
27426,2021,10,25,1,17,3,2,18,1801,99,2,27,4,4,6,104,6
27427,2021,10,25,1,20,4,3,18,1803,99,1,33,5,5,7,104,6
27428,2021,10,25,1,13,3,2,1,115,99,2,38,6,6,8,104,6
27429,2021,10,25,1,13,3,2,1,117,99,2,18,2,2,4,104,6
27430,2021,10,25,1,18,4,3,1,108,99,1,32,5,5,7,97,6
27431,2021,10,25,1,19,4,3,1,108,99,1,31,5,5,7,97,6
27432,2021,10,25,1,10,2,1,3,303,99,2,38,6,6,8,104,6
27433,2021,10,25,1,16,3,2,3,309,99,1,34,5,5,7,104,6
27434,2021,10,26,2,16,3,2,12,1227,99,1,20,3,3,5,104,6
27435,2021,10,26,2,21,4,3,12,1201,99,2,36,6,6,8,104,6
27436,2021,10,26,2,12,3,2,14,1401,99,1,49,8,8,10,74,6
27437,2021,10,26,2,9,2,1,1,102,99,1,26,4,4,6,104,6
27438,2021,10,26,2,13,3,2,1,101,13,1,36,6,6,8,97,6
27439,2021,10,26,2,13,3,2,1,101,18,1,33,5,5,7,104,6
27440,2021,10,26,2,14,3,2,1,107,99,2,40,7,7,9,104,6
27441,2021,10,26,2,14,3,2,1,101,5,1,57,10,10,12,97,6
27442,2021,10,26,2,15,3,2,1,101,14,2,63,11,11,13,104,6
27443,2021,10,26,2,15,3,2,1,101,5,2,70,11,13,15,104,6
27444,2021,10,26,2,16,3,2,1,107,99,2,20,3,3,5,104,6
27445,2021,10,26,2,16,3,2,1,101,3,2,45,8,8,10,104,6
27446,2021,10,26,2,17,3,2,1,101,6,1,50,9,9,11,97,6
27447,2021,10,26,2,17,3,2,1,101,18,1,18,2,2,4,104,6
27448,2021,10,26,2,18,4,3,1,101,24,2,35,6,6,8,104,6
27449,2021,10,26,2,18,4,3,1,101,11,1,49,8,8,10,97,6
27450,2021,10,26,2,22,4,3,1,101,6,1,45,8,8,10,97,6
27451,2021,10,26,2,22,4,3,1,101,9,1,23,3,3,5,104,6
27452,2021,10,26,2,13,3,2,12,1230,99,2,33,5,5,7,104,6
27453,2021,10,26,2,13,3,2,9,901,99,1,45,8,8,10,97,6
27454,2021,10,26,2,14,3,2,9,920,99,1,22,3,3,5,104,6
27455,2021,10,26,2,12,3,2,21,2101,99,1,42,7,7,9,104,6
27456,2021,10,26,2,14,3,2,21,2106,99,1,34,5,5,7,104,6
27457,2021,10,26,2,13,3,2,21,2103,99,2,23,3,3,5,97,6
27458,2021,10,26,2,22,4,3,21,2107,99,1,31,5,5,7,104,6
27459,2021,10,26,2,22,4,3,21,2102,99,1,58,10,10,12,104,6
27460,2021,10,26,2,12,3,2,16,1601,99,1,40,7,7,9,104,6
27461,2021,10,26,2,18,4,3,16,1601,99,1,37,6,6,8,104,6
27462,2021,10,26,2,6,2,1,11,1101,99,1,53,9,9,11,104,6
27463,2021,10,26,2,6,2,1,11,1106,99,1,28,4,4,6,97,6
27464,2021,10,26,2,10,2,1,10,1014,99,2,27,4,4,6,104,6
27465,2021,10,26,2,11,2,1,10,1014,99,2,37,6,6,8,104,6
27466,2021,10,26,2,12,3,2,10,1014,99,1,19,2,2,4,104,6
27467,2021,10,26,2,18,4,3,11,1108,99,2,48,8,8,10,104,6
27468,2021,10,26,2,8,2,1,4,406,99,1,29,4,4,6,97,6
27469,2021,10,26,2,17,3,2,4,412,99,2,22,3,3,5,104,6
27470,2021,10,26,2,11,2,1,22,2202,99,2,38,6,6,8,97,6
27471,2021,10,26,2,11,2,1,5,511,99,1,36,6,6,8,104,6
27472,2021,10,26,2,12,3,2,18,1801,99,1,27,4,4,6,104,6
27473,2021,10,26,2,10,2,1,6,602,99,1,25,4,4,6,97,6
27474,2021,10,26,2,13,3,2,6,602,99,2,50,9,9,11,104,6
27475,2021,10,26,2,15,3,2,6,608,99,2,26,4,4,6,104,6
27476,2021,10,26,2,16,3,2,6,614,99,2,26,4,4,6,104,6
27477,2021,10,26,2,15,3,2,1,117,99,2,39,6,6,8,104,6
27478,2021,10,26,2,14,3,2,1,110,99,2,22,3,3,5,97,6
27479,2021,10,26,2,15,3,2,1,110,99,1,49,8,8,10,97,6
27480,2021,10,26,2,14,3,2,12,1212,99,2,27,4,4,6,104,6
27481,2021,10,26,2,15,3,2,3,315,99,2,35,6,6,8,104,6
27482,2021,10,26,2,15,3,2,3,308,99,2,32,5,5,7,104,6
27483,2021,10,26,2,17,3,2,3,306,99,2,42,7,7,9,104,6
27484,2021,10,27,3,19,4,3,12,1216,99,2,36,6,6,8,104,6
27485,2021,10,27,3,15,3,2,14,1411,99,1,999,12,16,18,74,6
27486,2021,10,27,3,12,3,2,1,101,6,1,26,4,4,6,97,6
27487,2021,10,27,3,14,3,2,1,101,2,1,60,11,11,13,97,6
27488,2021,10,27,3,14,3,2,1,101,11,2,23,3,3,5,104,6
27489,2021,10,27,3,14,3,2,1,101,12,2,51,9,9,11,104,6
27490,2021,10,27,3,14,3,2,1,101,18,2,29,4,4,6,104,6
27491,2021,10,27,3,15,3,2,1,101,10,2,32,5,5,7,104,6
27492,2021,10,27,3,16,3,2,1,101,25,1,30,5,5,7,97,6
27493,2021,10,27,3,16,3,2,1,101,9,1,28,4,4,6,104,6
27494,2021,10,27,3,17,3,2,1,101,1,1,26,4,4,6,97,6
27495,2021,10,27,3,17,3,2,1,101,13,1,27,4,4,6,104,6
27496,2021,10,27,3,21,4,3,1,101,13,1,24,3,3,5,97,6
27497,2021,10,27,3,21,4,3,1,101,3,1,26,4,4,6,97,6
27498,2021,10,27,3,21,4,3,1,101,11,1,25,4,4,6,97,6
27499,2021,10,27,3,22,4,3,1,101,17,2,34,5,5,7,104,6
27500,2021,10,27,3,22,4,3,1,101,18,1,999,12,16,18,97,6
27501,2021,10,27,3,22,4,3,1,101,99,1,23,3,3,5,95,6
27502,2021,10,27,3,23,4,3,1,101,15,1,999,12,16,18,97,6
27503,2021,10,27,3,23,4,3,1,115,99,1,61,11,11,13,97,6
27504,2021,10,27,3,23,4,3,1,107,99,1,999,12,16,18,104,6
27505,2021,10,27,3,0,1,1,1,101,7,2,29,4,4,6,104,6
27506,2021,10,27,3,9,2,1,9,901,99,1,33,5,5,7,94,6
27507,2021,10,27,3,13,3,2,9,901,99,2,32,5,5,7,97,6
27508,2021,10,27,3,15,3,2,9,901,99,1,45,8,8,10,97,6
27509,2021,10,27,3,16,3,2,9,914,99,1,28,4,4,6,84,6
27510,2021,10,27,3,10,2,1,21,2101,99,1,23,3,3,5,97,6
27511,2021,10,27,3,10,2,1,16,1603,99,1,26,4,4,6,104,6
27512,2021,10,27,3,11,2,1,15,1502,99,2,30,5,5,7,97,6
27513,2021,10,27,3,19,4,3,16,1603,99,2,25,4,4,6,104,6
27514,2021,10,27,3,10,2,1,10,1021,99,1,26,4,4,6,104,6
27515,2021,10,27,3,10,2,1,10,1002,99,1,18,2,2,4,97,6
27516,2021,10,27,3,11,2,1,11,1101,99,2,32,5,5,7,97,6
27517,2021,10,27,3,10,2,1,10,1003,99,1,50,9,9,11,95,6
27518,2021,10,27,3,9,2,1,10,1010,99,2,42,7,7,9,104,6
27519,2021,10,27,3,15,3,2,4,415,99,1,37,6,6,8,97,6
27520,2021,10,27,3,17,3,2,4,401,99,1,41,7,7,9,104,6
27521,2021,10,27,3,12,3,2,22,2201,99,2,40,7,7,9,104,6
27522,2021,10,27,3,16,3,2,22,2201,99,2,51,9,9,11,104,6
27523,2021,10,27,3,10,2,1,6,604,99,2,27,4,4,6,104,6
27524,2021,10,27,3,10,2,1,6,602,99,1,64,11,11,13,104,6
27525,2021,10,27,3,12,3,2,6,602,99,1,61,11,11,13,104,6
27526,2021,10,27,3,13,3,2,1,115,99,2,35,6,6,8,104,6
27527,2021,10,27,3,19,4,3,1,115,99,1,33,5,5,7,104,6
27528,2021,10,27,3,13,3,2,1,115,99,1,61,11,11,13,104,6
27529,2021,10,27,3,10,2,1,1,115,99,1,31,5,5,7,97,6
27530,2021,10,27,3,14,3,2,1,115,99,1,45,8,8,10,97,6
27531,2021,10,27,3,20,4,3,1,115,99,1,41,7,7,9,97,6
27532,2021,10,27,3,14,3,2,1,108,99,2,49,8,8,10,104,6
27533,2021,10,27,3,17,3,2,1,110,99,2,30,5,5,7,104,6
27534,2021,10,27,3,16,3,2,9,917,99,2,22,3,3,5,104,6
27535,2021,10,28,4,10,2,1,2,206,99,1,29,4,4,6,74,6
27536,2021,10,28,4,20,4,3,14,1401,99,1,43,7,7,9,74,6
27537,2021,10,28,4,10,2,1,1,117,99,1,47,8,8,10,104,6
27538,2021,10,28,4,12,3,2,1,113,99,1,48,8,8,10,104,6
27539,2021,10,28,4,13,3,2,1,106,99,2,50,9,9,11,104,6
27540,2021,10,28,4,14,3,2,1,107,99,1,53,9,9,11,97,6
27541,2021,10,28,4,16,3,2,1,101,21,1,999,12,16,18,97,6
27542,2021,10,28,4,17,3,2,1,101,5,1,35,6,6,8,97,6
27543,2021,10,28,4,17,3,2,1,101,16,1,33,5,5,7,104,6
27544,2021,10,28,4,17,3,2,1,101,11,1,40,7,7,9,104,6
27545,2021,10,28,4,17,3,2,1,101,8,1,50,9,9,11,97,6
27546,2021,10,28,4,19,4,3,1,102,99,1,76,11,14,16,97,6
27547,2021,10,28,4,13,3,2,9,916,99,1,24,3,3,5,94,6
27548,2021,10,28,4,15,3,2,9,903,99,2,37,6,6,8,104,6
27549,2021,10,28,4,15,3,2,14,1420,99,1,42,7,7,9,104,6
27550,2021,10,28,4,9,2,1,11,1106,99,1,35,6,6,8,97,6
27551,2021,10,28,4,20,4,3,10,1020,99,2,29,4,4,6,104,6
27552,2021,10,28,4,19,4,3,11,1106,99,2,57,10,10,12,104,6
27553,2021,10,28,4,10,2,1,10,1012,99,1,21,3,3,5,104,6
27554,2021,10,28,4,12,3,2,11,1101,99,1,36,6,6,8,104,6
27555,2021,10,28,4,11,2,1,4,416,99,2,31,5,5,7,104,6
27556,2021,10,28,4,18,4,3,4,401,99,1,22,3,3,5,104,6
27557,2021,10,28,4,22,4,3,4,413,99,1,34,5,5,7,104,6
27558,2021,10,28,4,9,2,1,22,2217,99,1,42,7,7,9,104,6
27559,2021,10,28,4,12,3,2,5,512,99,1,48,8,8,10,104,6
27560,2021,10,28,4,13,3,2,5,501,99,1,43,7,7,9,104,6
27561,2021,10,28,4,17,3,2,5,509,99,1,62,11,11,13,104,6
27562,2021,10,28,4,12,3,2,18,1801,99,1,53,9,9,11,104,6
27563,2021,10,28,4,12,3,2,1,115,99,1,31,5,5,7,104,6
27564,2021,10,28,4,17,3,2,1,108,99,2,999,12,16,18,97,6
27565,2021,10,28,4,11,2,1,3,310,99,1,38,6,6,8,97,6
27566,2021,10,28,4,12,3,2,3,301,99,1,999,12,16,18,104,6
27567,2021,10,28,4,19,4,3,3,306,99,1,24,3,3,5,97,6
27568,2021,10,28,4,22,4,3,3,315,99,2,46,8,8,10,104,6
27569,2021,10,29,5,12,3,2,12,1205,99,2,53,9,9,11,104,6
27570,2021,10,29,5,8,2,1,1,116,99,2,62,11,11,13,104,6
27571,2021,10,29,5,16,3,2,2,207,99,1,22,3,3,5,74,6
27572,2021,10,29,5,14,3,2,1,107,99,1,27,4,4,6,97,6
27573,2021,10,29,5,15,3,2,1,106,99,2,66,11,12,14,104,6
27574,2021,10,29,5,16,3,2,1,101,3,1,42,7,7,9,104,6
27575,2021,10,29,5,17,3,2,1,107,99,1,48,8,8,10,104,6
27576,2021,10,29,5,17,3,2,1,113,99,1,42,7,7,9,97,6
27577,2021,10,29,5,17,3,2,1,101,2,2,43,7,7,9,97,6
27578,2021,10,29,5,18,4,3,1,101,12,2,49,8,8,10,97,6
27579,2021,10,29,5,18,4,3,1,101,5,2,32,5,5,7,97,6
27580,2021,10,29,5,20,4,3,1,105,99,2,26,4,4,6,104,6
27581,2021,10,29,5,12,3,2,1,106,99,2,17,2,2,4,104,6
27582,2021,10,29,5,11,2,1,9,901,99,2,36,6,6,8,97,6
27583,2021,10,29,5,17,3,2,9,909,99,2,26,4,4,6,104,6
27584,2021,10,29,5,15,3,2,14,1420,99,1,65,11,12,14,97,6
27585,2021,10,29,5,17,3,2,16,1609,99,1,51,9,9,11,104,6
27586,2021,10,29,5,17,3,2,15,1503,99,2,44,7,7,9,104,6
27587,2021,10,29,5,22,4,3,15,1501,99,2,33,5,5,7,104,6
27588,2021,10,29,5,19,4,3,11,1102,99,1,40,7,7,9,104,6
27589,2021,10,29,5,12,3,2,11,1101,99,2,999,12,16,18,104,6
27590,2021,10,29,5,19,4,3,4,414,99,1,43,7,7,9,104,6
27591,2021,10,29,5,20,4,3,3,304,99,1,34,5,5,7,104,6
27592,2021,10,29,5,11,2,1,22,2205,99,1,53,9,9,11,104,6
27593,2021,10,29,5,11,2,1,5,504,99,1,31,5,5,7,104,6
27594,2021,10,29,5,10,2,1,5,509,99,1,59,10,10,12,104,6
27595,2021,10,29,5,13,3,2,18,1801,99,2,25,4,4,6,104,6
27596,2021,10,29,5,13,3,2,6,602,99,2,25,4,4,6,104,6
27597,2021,10,29,5,15,3,2,6,602,99,1,46,8,8,10,104,6
27598,2021,10,29,5,17,3,2,6,602,99,2,29,4,4,6,104,6
27599,2021,10,29,5,13,3,2,9,920,99,2,33,5,5,7,104,6
27600,2021,10,30,6,18,4,3,12,1210,99,2,23,3,3,5,104,6
27601,2021,10,30,6,11,2,1,1,101,13,1,40,7,7,9,97,6
27602,2021,10,30,6,13,3,2,1,101,15,2,35,6,6,8,97,6
27603,2021,10,30,6,13,3,2,1,101,10,1,54,9,9,11,97,6
27604,2021,10,30,6,16,3,2,1,101,1,2,31,5,5,7,97,6
27605,2021,10,30,6,17,3,2,1,101,16,2,56,10,10,12,104,6
27606,2021,10,30,6,17,3,2,1,101,3,2,61,11,11,13,97,6
27607,2021,10,30,6,20,4,3,1,101,5,1,40,7,7,9,97,6
27608,2021,10,30,6,21,4,3,1,101,10,1,33,5,5,7,104,6
27609,2021,10,30,6,7,2,1,16,1601,99,2,35,6,6,8,104,6
27610,2021,10,30,6,15,3,2,15,1501,99,1,45,8,8,10,97,6
27611,2021,10,30,6,99,5,4,10,1017,99,2,27,4,4,6,104,6
27612,2021,10,30,6,12,3,2,11,1102,99,1,33,5,5,7,104,6
27613,2021,10,30,6,18,4,3,4,404,99,1,31,5,5,7,97,6
27614,2021,10,30,6,13,3,2,5,501,99,2,32,5,5,7,104,6
27615,2021,10,30,6,10,2,1,1,117,99,1,44,7,7,9,104,6
27616,2021,10,30,6,13,3,2,1,117,99,2,30,5,5,7,104,6
27617,2021,10,30,6,19,4,3,1,115,99,1,42,7,7,9,104,6
27618,2021,10,31,7,13,3,2,13,1301,99,1,31,5,5,7,74,6
27619,2021,10,31,7,15,3,2,1,101,12,1,39,6,6,8,94,6
27620,2021,10,31,7,16,3,2,1,101,18,2,26,4,4,6,97,6
27621,2021,10,31,7,21,4,3,1,102,99,1,26,4,4,6,104,6
27622,2021,10,31,7,10,2,1,9,901,99,2,42,7,7,9,95,6
27623,2021,10,31,7,14,3,2,21,2101,99,2,30,5,5,7,104,6
27624,2021,10,31,7,11,2,1,11,1102,99,2,38,6,6,8,104,6
27625,2021,10,31,7,17,3,2,1,115,99,1,52,9,9,11,104,6
27626,2021,10,31,7,15,3,2,3,307,99,2,34,5,5,7,104,6
27627,2021,10,18,1,5,1,1,1,117,99,1,30,5,5,7,1,1
27628,2021,10,23,6,12,3,2,5,511,99,2,21,3,3,5,2,1
27629,2021,10,24,7,13,3,2,5,513,99,1,21,3,3,5,1,1
27630,2021,10,27,3,22,4,3,21,2101,99,1,38,6,6,8,1,1
27631,2021,10,31,7,16,3,2,1,110,99,1,32,5,5,7,2,1
27632,2021,11,1,1,17,3,2,1,117,99,1,36,6,6,8,75,3
27633,2021,11,1,1,9,2,1,1,108,99,1,46,8,8,10,75,3
27634,2021,11,1,1,15,3,2,10,1018,99,1,55,10,10,12,75,3
27635,2021,11,2,2,19,4,3,1,115,99,1,64,11,11,13,69,3
27636,2021,11,2,2,12,3,2,1,116,99,1,37,6,6,8,69,3
27637,2021,11,3,3,12,3,2,1,101,11,1,38,6,6,8,69,3
27638,2021,11,3,3,17,3,2,21,2104,99,1,42,7,7,9,75,3
27639,2021,11,4,4,21,4,3,1,108,99,2,39,6,6,8,69,3
27640,2021,11,5,5,13,3,2,1,106,99,1,40,7,7,9,75,3
27641,2021,11,5,5,18,4,3,1,101,7,1,35,6,6,8,69,3
27642,2021,11,5,5,18,4,3,1,101,7,1,35,6,6,8,69,3
27643,2021,11,5,5,18,4,3,1,101,7,1,35,6,6,8,69,3
27644,2021,11,5,5,18,4,3,1,101,7,1,35,6,6,8,69,3
27645,2021,11,5,5,18,4,3,1,101,7,1,35,6,6,8,69,3
27646,2021,11,5,5,18,4,3,1,101,7,1,35,6,6,8,69,3
27647,2021,11,5,5,18,4,3,1,101,7,1,35,6,6,8,69,3
27648,2021,11,5,5,18,4,3,1,101,7,1,35,6,6,8,69,3
27649,2021,11,5,5,10,2,1,5,501,99,1,18,2,2,4,75,3
27650,2021,11,7,7,6,2,1,1,101,5,1,44,7,7,9,75,3
27651,2021,11,8,1,14,3,2,1,116,99,1,27,4,4,6,75,3
27652,2021,11,8,1,14,3,2,19,1901,99,1,19,2,2,4,75,3
27653,2021,11,9,2,7,2,1,1,103,99,1,24,3,3,5,75,3
27654,2021,11,9,2,17,3,2,5,501,99,1,23,3,3,5,69,3
27655,2021,11,10,3,14,3,2,21,2101,99,1,999,12,16,18,75,3
27656,2021,11,10,3,16,3,2,19,1901,99,1,50,9,9,11,75,3
27657,2021,11,10,3,14,3,2,18,1804,99,1,44,7,7,9,75,3
27658,2021,11,11,4,12,3,2,19,1903,99,1,32,5,5,7,75,3
27659,2021,11,11,4,16,3,2,10,1017,99,1,46,8,8,10,75,3
27660,2021,11,11,4,16,3,2,10,1017,99,1,46,8,8,10,75,3
27661,2021,11,11,4,9,2,1,13,1301,99,1,47,8,8,10,75,3
27662,2021,11,11,4,13,3,2,4,411,99,2,31,5,5,7,75,3
27663,2021,11,12,5,13,3,2,1,108,99,1,26,4,4,6,69,3
27664,2021,11,12,5,11,2,1,2,202,99,1,38,6,6,8,75,3
27665,2021,11,12,5,18,4,3,17,1704,99,1,45,8,8,10,75,3
27666,2021,11,14,7,1,1,1,1,101,9,1,28,4,4,6,69,3
27667,2021,11,14,7,11,2,1,1,101,15,1,48,8,8,10,75,3
27668,2021,11,14,7,0,1,1,1,115,99,1,32,5,5,7,69,3
27669,2021,11,14,7,3,1,1,5,505,99,1,43,7,7,9,69,3
27670,2021,11,14,7,6,2,1,5,509,99,2,48,8,8,10,75,3
27671,2021,11,14,7,6,2,1,5,509,99,2,48,8,8,10,75,3
27672,2021,11,15,1,20,4,3,1,101,5,1,32,5,5,7,75,3
27673,2021,11,16,2,12,3,2,4,406,99,1,33,5,5,7,75,3
27674,2021,11,17,3,5,1,1,1,101,8,1,36,6,6,8,69,3
27675,2021,11,17,3,12,3,2,1,114,99,1,21,3,3,5,69,3
27676,2021,11,17,3,19,4,3,5,501,99,1,30,5,5,7,75,3
27677,2021,11,17,3,19,4,3,5,501,99,1,37,6,6,8,75,3
27678,2021,11,18,4,22,4,3,1,113,99,1,31,5,5,7,75,3
27679,2021,11,18,4,17,3,2,1,115,99,1,46,8,8,10,75,3
27680,2021,11,18,4,17,3,2,1,114,99,1,26,4,4,6,75,3
27681,2021,11,18,4,17,3,2,1,108,99,1,35,6,6,8,75,3
27682,2021,11,19,5,8,2,1,5,510,99,1,41,7,7,9,75,3
27683,2021,11,19,5,10,2,1,6,608,99,1,28,4,4,6,75,3
27684,2021,11,20,6,21,4,3,1,113,99,1,43,7,7,9,69,3
27685,2021,11,20,6,2,1,1,20,2002,99,1,39,6,6,8,75,3
27686,2021,11,20,6,17,3,2,17,1701,99,1,26,4,4,6,75,3
27687,2021,11,21,7,9,2,1,4,401,99,1,66,11,12,14,75,3
27688,2021,11,22,1,9,2,1,1,101,10,1,38,6,6,8,69,3
27689,2021,11,22,1,22,4,3,1,101,12,1,49,8,8,10,69,3
27690,2021,11,22,1,22,4,3,1,117,99,1,25,4,4,6,75,3
27691,2021,11,22,1,22,4,3,1,117,99,1,25,4,4,6,75,3
27692,2021,11,22,1,22,4,3,1,117,99,1,25,4,4,6,75,3
27693,2021,11,22,1,22,4,3,1,117,99,1,25,4,4,6,75,3
27694,2021,11,23,2,13,3,2,10,1001,99,1,51,9,9,11,69,3
27695,2021,11,26,5,22,4,3,1,108,99,1,28,4,4,6,75,3
27696,2021,11,26,5,20,4,3,1,108,99,1,50,9,9,11,75,3
27697,2021,11,26,5,19,4,3,2,201,99,1,45,8,8,10,75,3
27698,2021,11,27,6,19,4,3,1,101,6,2,34,5,5,7,75,3
27699,2021,11,27,6,18,4,3,1,110,99,1,38,6,6,8,75,3
27700,2021,11,27,6,11,2,1,19,1910,99,1,40,7,7,9,75,3
27701,2021,11,28,7,9,2,1,1,115,99,1,40,7,7,9,75,3
27702,2021,11,28,7,5,1,1,1,108,99,1,999,12,16,18,75,3
27703,2021,11,28,7,19,4,3,5,504,99,1,65,11,12,14,69,3
27704,2021,11,29,1,8,2,1,5,502,99,1,46,8,8,10,75,3
27705,2021,11,29,1,11,2,1,16,1601,99,1,45,8,8,10,69,3
27706,2021,11,30,2,14,3,2,1,101,21,1,43,7,7,9,75,3
27707,2021,11,30,2,16,3,2,5,501,99,1,45,8,8,10,75,3
27708,2021,12,1,3,14,3,2,1,101,4,1,46,8,8,10,69,3
27709,2021,12,1,3,19,4,3,1,117,99,1,26,4,4,6,75,3
27710,2021,12,1,3,19,4,3,1,117,99,1,26,4,4,6,75,3
27711,2021,12,1,3,21,4,3,1,108,99,1,19,2,2,4,75,3
27712,2021,12,1,3,8,2,1,5,501,99,1,49,8,8,10,69,3
27713,2021,12,1,3,11,2,1,6,606,99,1,50,9,9,11,75,3
27714,2021,12,3,5,17,3,2,1,116,99,1,57,10,10,12,75,3
27715,2021,12,3,5,16,3,2,13,1301,99,1,46,8,8,10,75,3
27716,2021,12,4,6,4,1,1,22,2207,99,1,38,6,6,8,69,3
27717,2021,12,5,7,1,1,1,19,1905,99,1,22,3,3,5,69,3
27718,2021,12,5,7,1,1,1,19,1905,99,1,35,6,6,8,69,3
27719,2021,12,5,7,11,2,1,6,601,99,1,49,8,8,10,75,3
27720,2021,12,5,7,1,1,1,11,1105,99,1,45,8,8,10,69,3
27721,2021,12,6,1,9,2,1,1,108,99,1,46,8,8,10,69,3
27722,2021,12,7,2,15,3,2,1,102,99,1,47,8,8,10,69,3
27723,2021,12,8,3,8,2,1,1,115,99,1,53,9,9,11,75,3
27724,2021,12,8,3,0,1,1,1,114,99,1,47,8,8,10,75,3
27725,2021,12,8,3,14,3,2,1,117,99,1,54,9,9,11,75,3
27726,2021,12,8,3,17,3,2,1,110,99,1,41,7,7,9,75,3
27727,2021,12,9,4,11,2,1,1,116,99,1,59,10,10,12,69,3
27728,2021,12,10,5,9,2,1,1,101,3,1,26,4,4,6,69,3
27729,2021,12,10,5,9,2,1,1,108,99,1,44,7,7,9,69,3
27730,2021,12,11,6,19,4,3,5,508,99,1,49,8,8,10,75,3
27731,2021,12,13,1,21,4,3,1,115,99,1,36,6,6,8,75,3
27732,2021,12,13,1,10,2,1,1,114,99,2,41,7,7,9,75,3
27733,2021,12,13,1,8,2,1,1,108,99,1,51,9,9,11,75,3
27734,2021,12,14,2,15,3,2,1,115,99,1,29,4,4,6,75,3
27735,2021,12,15,3,8,2,1,1,108,99,1,35,6,6,8,75,3
27736,2021,12,15,3,8,2,1,1,108,99,1,35,6,6,8,75,3
27737,2021,12,16,4,4,1,1,1,108,99,1,33,5,5,7,75,3
27738,2021,12,16,4,12,3,2,19,1904,99,1,999,12,16,18,75,3
27739,2021,12,17,5,12,3,2,1,115,99,1,26,4,4,6,75,3
27740,2021,12,18,6,0,1,1,1,101,18,1,42,7,7,9,69,3
27741,2021,12,18,6,9,2,1,1,108,99,1,51,9,9,11,69,3
27742,2021,12,19,7,11,2,1,2,201,99,1,43,7,7,9,69,3
27743,2021,12,20,1,9,2,1,1,116,99,1,51,9,9,11,75,3
27744,2021,12,20,1,13,3,2,6,601,99,1,60,11,11,13,75,3
27745,2021,12,22,3,5,1,1,14,1406,99,1,30,5,5,7,69,3
27746,2021,12,22,3,5,1,1,14,1406,99,1,30,5,5,7,69,3
27747,2021,12,22,3,5,1,1,14,1406,99,1,30,5,5,7,69,3
27748,2021,12,22,3,5,1,1,14,1406,99,1,30,5,5,7,69,3
27749,2021,12,24,5,14,3,2,1,115,99,1,23,3,3,5,69,3
27750,2021,12,24,5,18,4,3,1,108,99,1,32,5,5,7,69,3
27751,2021,12,24,5,18,4,3,1,108,99,1,32,5,5,7,69,3
27752,2021,12,26,7,14,3,2,2,201,99,1,40,7,7,9,69,3
27753,2021,12,27,1,12,3,2,21,2102,99,1,45,8,8,10,75,3
27754,2021,12,27,1,12,3,2,19,1904,99,1,28,4,4,6,75,3
27755,2021,12,27,1,14,3,2,2,201,99,1,49,8,8,10,75,3
27756,2021,12,27,1,15,3,2,4,415,99,1,46,8,8,10,75,3
27757,2021,12,27,1,12,3,2,3,305,99,1,29,4,4,6,69,3
27758,2021,12,28,2,18,4,3,1,107,99,2,52,9,9,11,75,3
27759,2021,12,28,2,17,3,2,1,101,12,1,37,6,6,8,75,3
27760,2021,12,28,2,12,3,2,5,504,99,1,60,11,11,13,75,3
27761,2021,12,29,3,11,2,1,1,113,99,1,39,6,6,8,75,3
27762,2021,12,29,3,9,2,1,18,1805,99,1,45,8,8,10,75,3
27763,2021,12,29,3,20,4,3,1,101,3,1,40,7,7,9,75,3
27764,2021,12,29,3,14,3,2,1,115,99,1,47,8,8,10,75,3
27765,2021,12,29,3,7,2,1,1,101,19,1,27,4,4,6,75,3
27766,2021,12,30,4,14,3,2,6,601,99,1,59,10,10,12,69,3
27767,2021,12,31,5,10,2,1,1,101,21,1,56,10,10,12,75,3
27768,2021,11,1,1,13,3,2,1,103,99,1,35,6,6,8,21,3
27769,2021,11,1,1,12,3,2,1,101,11,1,27,4,4,6,20,3
27770,2021,11,1,1,15,3,2,1,117,99,1,34,5,5,7,19,3
27771,2021,11,1,1,15,3,2,10,1018,99,1,55,10,10,12,81,3
27772,2021,11,1,1,11,2,1,8,807,99,1,999,12,16,18,21,3
27773,2021,11,2,2,8,2,1,1,117,99,1,25,4,4,6,81,3
27774,2021,11,2,2,9,2,1,19,1903,99,1,42,7,7,9,21,3
27775,2021,11,2,2,15,3,2,10,1003,99,2,17,2,2,4,20,3
27776,2021,11,2,2,17,3,2,12,1219,99,1,999,12,16,18,81,3
27777,2021,11,2,2,3,1,1,17,1710,99,1,999,12,16,18,21,3
27778,2021,11,2,2,17,3,2,4,411,99,1,44,7,7,9,81,3
27779,2021,11,3,3,11,2,1,1,101,1,1,999,12,16,18,20,3
27780,2021,11,3,3,10,2,1,1,101,1,1,24,3,3,5,21,3
27781,2021,11,3,3,13,3,2,1,108,99,1,33,5,5,7,21,3
27782,2021,11,3,3,0,1,1,21,2103,99,1,51,9,9,11,81,3
27783,2021,11,3,3,17,3,2,21,2104,99,1,42,7,7,9,81,3
27784,2021,11,3,3,0,1,1,13,1301,99,2,35,6,6,8,21,3
27785,2021,11,3,3,17,3,2,13,1327,99,1,52,9,9,11,21,3
27786,2021,11,4,4,21,4,3,1,108,99,2,39,6,6,8,19,3
27787,2021,11,4,4,10,2,1,3,313,99,1,42,7,7,9,81,3
27788,2021,11,5,5,7,2,1,1,114,99,2,43,7,7,9,35,3
27789,2021,11,5,5,1,1,1,1,108,99,2,39,6,6,8,19,3
27790,2021,11,5,5,15,3,2,1,108,99,2,999,12,16,18,21,3
27791,2021,11,5,5,12,3,2,2,203,99,2,37,6,6,8,20,3
27792,2021,11,6,6,10,2,1,9,901,99,2,45,8,8,10,21,3
27793,2021,11,6,6,19,4,3,12,1202,99,1,999,12,16,18,81,3
27794,2021,11,6,6,18,4,3,13,1301,99,1,30,5,5,7,21,3
27795,2021,11,6,6,16,3,2,3,309,99,1,999,12,16,18,20,3
27796,2021,11,7,7,10,2,1,1,101,7,1,999,12,16,18,21,3
27797,2021,11,7,7,8,2,1,1,108,99,1,61,11,11,13,21,3
27798,2021,11,7,7,15,3,2,1,108,99,1,48,8,8,10,81,3
27799,2021,11,7,7,17,3,2,22,2202,99,1,65,11,12,14,81,3
27800,2021,11,7,7,21,4,3,22,2201,99,2,31,5,5,7,81,3
27801,2021,11,8,1,6,2,1,1,101,11,1,67,11,12,14,20,3
27802,2021,11,8,1,10,2,1,1,117,99,1,46,8,8,10,19,3
27803,2021,11,8,1,14,3,2,19,1901,99,1,19,2,2,4,81,3
27804,2021,11,8,1,14,3,2,19,1909,99,2,35,6,6,8,81,3
27805,2021,11,8,1,9,2,1,5,511,99,1,999,12,16,18,21,3
27806,2021,11,8,1,4,1,1,5,510,99,1,999,12,16,18,21,3
27807,2021,11,9,2,10,2,1,1,103,99,1,24,3,3,5,81,3
27808,2021,11,9,2,21,4,3,1,103,99,1,999,12,16,18,20,3
27809,2021,11,9,2,7,2,1,5,501,99,1,39,6,6,8,81,3
27810,2021,11,9,2,14,3,2,7,709,99,1,999,12,16,18,81,3
27811,2021,11,9,2,18,4,3,4,413,99,1,999,12,16,18,81,3
27812,2021,11,10,3,14,3,2,1,101,3,1,52,9,9,11,19,3
27813,2021,11,10,3,18,4,3,6,602,99,1,999,12,16,18,81,3
27814,2021,11,10,3,16,3,2,10,1001,99,2,999,12,16,18,20,3
27815,2021,11,10,3,12,3,2,16,1616,99,1,42,7,7,9,19,3
27816,2021,11,11,4,10,2,1,8,803,99,1,56,10,10,12,20,3
27817,2021,11,12,5,10,2,1,1,101,19,2,27,4,4,6,20,3
27818,2021,11,12,5,18,4,3,1,108,99,2,999,12,16,18,21,3
27819,2021,11,12,5,18,4,3,17,1704,99,1,45,8,8,10,19,3
27820,2021,11,13,6,6,2,1,1,114,99,2,45,8,8,10,81,3
27821,2021,11,13,6,8,2,1,5,511,99,2,999,12,16,18,21,3
27822,2021,11,13,6,11,2,1,13,1301,99,1,38,6,6,8,21,3
27823,2021,11,13,6,11,2,1,7,704,99,1,999,12,16,18,21,3
27824,2021,11,14,7,1,1,1,1,101,9,1,28,4,4,6,20,3
27825,2021,11,14,7,8,2,1,1,117,99,1,29,4,4,6,81,3
27826,2021,11,14,7,9,2,1,1,115,99,1,52,9,9,11,21,3
27827,2021,11,14,7,23,4,3,1,108,99,1,18,2,2,4,20,3
27828,2021,11,14,7,9,2,1,20,2007,99,1,999,12,16,18,81,3
27829,2021,11,14,7,6,2,1,5,509,99,2,48,8,8,10,81,3
27830,2021,11,14,7,17,3,2,5,506,99,1,999,12,16,18,32,3
27831,2021,11,14,7,9,2,1,14,1413,99,1,50,9,9,11,81,3
27832,2021,11,15,1,9,2,1,1,116,99,1,42,7,7,9,78,3
27833,2021,11,15,1,9,2,1,1,117,99,1,41,7,7,9,21,3
27834,2021,11,15,1,3,1,1,20,2007,99,1,999,12,16,18,21,3
27835,2021,11,15,1,10,2,1,10,1001,99,1,41,7,7,9,21,3
27836,2021,11,15,1,1,1,1,9,920,99,1,33,5,5,7,21,3
27837,2021,11,15,1,6,2,1,8,803,99,1,999,12,16,18,21,3
27838,2021,11,15,1,16,3,2,15,1501,99,1,43,7,7,9,21,3
27839,2021,11,16,2,21,4,3,1,103,99,1,42,7,7,9,21,3
27840,2021,11,16,2,6,2,1,1,110,99,1,38,6,6,8,21,3
27841,2021,11,16,2,18,4,3,12,1219,99,2,30,5,5,7,21,3
27842,2021,11,16,2,18,4,3,4,412,99,1,45,8,8,10,81,3
27843,2021,11,17,3,17,3,2,1,115,99,2,35,6,6,8,19,3
27844,2021,11,17,3,20,4,3,1,108,99,1,26,4,4,6,81,3
27845,2021,11,17,3,7,2,1,15,1508,99,2,999,12,16,18,21,3
27846,2021,11,17,3,12,3,2,2,204,99,2,31,5,5,7,81,3
27847,2021,11,17,3,12,3,2,17,1701,99,1,999,12,16,18,21,3
27848,2021,11,18,4,5,1,1,1,101,18,1,54,9,9,11,19,3
27849,2021,11,18,4,22,4,3,1,101,21,1,48,8,8,10,19,3
27850,2021,11,18,4,7,2,1,12,1218,99,1,28,4,4,6,20,3
27851,2021,11,18,4,17,3,2,16,1613,99,1,999,12,16,18,81,3
27852,2021,11,19,5,8,2,1,1,101,9,2,55,10,10,12,21,3
27853,2021,11,19,5,2,1,1,1,113,99,2,34,5,5,7,81,3
27854,2021,11,19,5,17,3,2,1,114,99,1,62,11,11,13,81,3
27855,2021,11,19,5,16,3,2,1,110,99,1,25,4,4,6,81,3
27856,2021,11,20,6,21,4,3,1,113,99,1,43,7,7,9,19,3
27857,2021,11,20,6,19,4,3,1,114,99,1,62,11,11,13,19,3
27858,2021,11,20,6,15,3,2,21,2107,99,1,39,6,6,8,20,3
27859,2021,11,20,6,13,3,2,13,1301,99,1,999,12,16,18,21,3
27860,2021,11,20,6,14,3,2,4,416,99,1,28,4,4,6,20,3
27861,2021,11,21,7,4,1,1,1,106,99,2,41,7,7,9,20,3
27862,2021,11,22,1,9,2,1,1,101,10,1,38,6,6,8,21,3
27863,2021,11,22,1,14,3,2,1,108,99,1,68,11,12,14,19,3
27864,2021,11,22,1,16,3,2,5,501,99,1,999,12,16,18,20,3
27865,2021,11,22,1,15,3,2,11,1101,99,1,69,11,12,14,81,3
27866,2021,11,22,1,9,2,1,14,1412,99,1,999,12,16,18,21,3
27867,2021,11,23,1,20,4,3,4,401,99,2,56,10,10,12,81,3
27868,2021,11,24,3,5,1,1,5,501,99,1,45,8,8,10,32,3
27869,2021,11,24,3,19,4,3,10,1007,99,2,50,9,9,11,81,3
27870,2021,11,24,3,12,3,2,16,1615,99,1,31,5,5,7,20,3
27871,2021,11,24,3,13,3,2,14,1413,99,1,999,12,16,18,20,3
27872,2021,11,24,3,19,4,3,3,308,99,1,27,4,4,6,20,3
27873,2021,11,25,4,10,2,1,1,106,99,2,40,7,7,9,21,3
27874,2021,11,25,4,12,3,2,9,920,99,2,43,7,7,9,81,3
27875,2021,11,25,4,12,3,2,12,1225,99,1,999,12,16,18,81,3
27876,2021,11,25,4,4,1,1,13,1301,99,1,999,12,16,18,21,3
27877,2021,11,25,4,13,3,2,4,403,99,1,999,12,16,18,81,3
27878,2021,11,25,4,13,3,2,4,401,99,2,35,6,6,8,81,3
27879,2021,11,26,5,4,1,1,1,101,18,1,52,9,9,11,21,3
27880,2021,11,26,5,21,4,3,1,101,18,2,24,3,3,5,81,3
27881,2021,11,26,5,7,2,1,1,114,99,1,47,8,8,10,21,3
27882,2021,11,26,5,5,1,1,1,101,19,1,53,9,9,11,21,3
27883,2021,11,26,5,20,4,3,1,108,99,2,42,7,7,9,21,3
27884,2021,11,26,5,5,1,1,5,505,99,1,24,3,3,5,81,3
27885,2021,11,26,5,11,2,1,2,206,99,1,37,6,6,8,81,3
27886,2021,11,26,5,12,3,2,4,413,99,2,43,7,7,9,81,3
27887,2021,11,27,6,19,4,3,1,101,6,2,34,5,5,7,81,3
27888,2021,11,27,6,2,1,1,1,115,99,1,53,9,9,11,21,3
27889,2021,11,27,6,18,4,3,1,110,99,1,38,6,6,8,81,3
27890,2021,11,27,6,16,3,2,2,203,99,2,27,4,4,6,20,3
27891,2021,11,28,7,8,2,1,1,101,12,1,999,12,16,18,21,3
27892,2021,11,28,7,9,2,1,1,101,12,1,72,11,13,15,21,3
27893,2021,11,28,7,8,2,1,1,116,99,1,51,9,9,11,81,3
27894,2021,11,29,1,16,3,2,1,101,21,1,39,6,6,8,81,3
27895,2021,11,29,1,16,3,2,1,115,99,2,28,4,4,6,20,3
27896,2021,11,29,1,20,4,3,9,920,99,1,18,2,2,4,21,3
27897,2021,11,29,1,20,4,3,9,901,99,1,999,12,16,18,21,3
27898,2021,11,29,1,21,4,3,7,715,99,1,60,11,11,13,81,3
27899,2021,11,30,2,16,3,2,5,501,99,1,45,8,8,10,81,3
27900,2021,11,30,2,9,2,1,12,1215,99,1,999,12,16,18,21,3
27901,2021,11,30,2,9,2,1,15,1503,99,2,47,8,8,10,81,3
27902,2021,11,30,2,20,4,3,7,701,99,2,43,7,7,9,21,3
27903,2021,11,30,2,15,3,2,4,401,99,2,66,11,12,14,81,3
27904,2021,12,1,3,11,2,1,12,1213,99,1,999,12,16,18,81,3
27905,2021,12,2,4,17,3,2,1,101,10,1,29,4,4,6,21,3
27906,2021,12,2,4,9,2,1,1,101,12,2,999,12,16,18,20,3
27907,2021,12,3,5,0,1,1,22,2201,99,1,59,10,10,12,81,3
27908,2021,12,3,5,19,4,3,6,608,99,1,34,5,5,7,81,3
27909,2021,12,3,5,16,3,2,9,920,99,1,23,3,3,5,20,3
27910,2021,12,3,5,22,4,3,13,1311,99,1,999,12,16,18,19,3
27911,2021,12,3,5,17,3,2,4,414,99,2,59,10,10,12,19,3
27912,2021,12,4,6,11,2,1,1,115,99,1,40,7,7,9,20,3
27913,2021,12,4,6,20,4,3,13,1312,99,1,20,3,3,5,81,3
27914,2021,12,5,7,12,3,2,1,101,25,1,25,4,4,6,21,3
27915,2021,12,5,7,11,2,1,1,117,99,2,53,9,9,11,81,3
27916,2021,12,5,7,14,3,2,1,117,99,2,31,5,5,7,81,3
27917,2021,12,5,7,8,2,1,1,108,99,1,47,8,8,10,21,3
27918,2021,12,5,7,21,4,3,1,108,99,1,27,4,4,6,21,3
27919,2021,12,5,7,1,1,1,11,1105,99,1,45,8,8,10,19,3
27920,2021,12,5,7,4,1,1,13,1301,99,1,999,12,16,18,20,3
27921,2021,12,5,7,0,1,1,13,1301,99,1,999,12,16,18,19,3
27922,2021,12,5,7,11,2,1,16,1609,99,2,21,3,3,5,20,3
27923,2021,12,5,7,11,2,1,7,713,99,1,999,12,16,18,20,3
27924,2021,12,6,1,15,3,2,1,101,9,2,25,4,4,6,19,3
27925,2021,12,6,1,10,2,1,1,101,1,1,55,10,10,12,20,3
27926,2021,12,6,1,8,2,1,1,103,99,1,51,9,9,11,20,3
27927,2021,12,6,1,13,3,2,1,108,99,1,38,6,6,8,20,3
27928,2021,12,6,1,15,3,2,21,2101,99,1,23,3,3,5,20,3
27929,2021,12,6,1,13,3,2,4,410,99,1,999,12,16,18,20,3
27930,2021,12,7,2,10,2,1,1,101,4,1,45,8,8,10,20,3
27931,2021,12,7,2,12,3,2,1,108,99,1,32,5,5,7,19,3
27932,2021,12,7,2,23,4,3,11,1101,99,2,23,3,3,5,19,3
27933,2021,12,8,3,14,3,2,1,117,99,1,54,9,9,11,81,3
27934,2021,12,8,3,22,4,3,1,117,99,2,40,7,7,9,81,3
27935,2021,12,8,3,17,3,2,1,110,99,1,41,7,7,9,81,3
27936,2021,12,9,4,20,4,3,1,108,99,2,19,2,2,4,81,3
27937,2021,12,9,4,17,3,2,19,1908,99,2,27,4,4,6,20,3
27938,2021,12,9,4,11,2,1,11,1102,99,1,50,9,9,11,19,3
27939,2021,12,9,4,11,2,1,4,401,99,1,32,5,5,7,81,3
27940,2021,12,10,5,8,2,1,1,101,10,1,28,4,4,6,21,3
27941,2021,12,10,5,23,4,3,1,101,10,1,27,4,4,6,20,3
27942,2021,12,10,5,7,2,1,17,1712,99,2,34,5,5,7,81,3
27943,2021,12,11,6,6,2,1,1,111,99,2,38,6,6,8,20,3
27944,2021,12,11,6,18,4,3,12,1220,99,1,999,12,16,18,19,3
27945,2021,12,11,6,21,4,3,14,1420,99,1,31,5,5,7,19,3
27946,2021,12,12,7,10,2,1,1,101,11,1,999,12,16,18,81,3
27947,2021,12,12,7,12,3,2,11,1105,99,2,41,7,7,9,20,3
27948,2021,12,12,7,10,2,1,12,1222,99,2,999,12,16,18,20,3
27949,2021,12,12,7,10,2,1,12,1215,99,2,36,6,6,8,19,3
27950,2021,12,12,7,0,1,1,13,1307,99,1,999,12,16,18,81,3
27951,2021,12,12,7,0,1,1,2,203,99,1,46,8,8,10,19,3
27952,2021,12,13,1,8,2,1,1,108,99,1,51,9,9,11,21,3
27953,2021,12,13,1,16,3,2,21,2101,99,1,70,11,13,15,81,3
27954,2021,12,13,1,13,3,2,11,1107,99,1,999,12,16,18,20,3
27955,2021,12,13,1,19,4,3,16,1602,99,2,28,4,4,6,81,3
27956,2021,12,14,2,12,3,2,1,101,1,2,28,4,4,6,19,3
27957,2021,12,14,2,2,1,1,1,115,99,1,999,12,16,18,78,3
27958,2021,12,14,2,9,2,1,1,115,99,1,47,8,8,10,20,3
27959,2021,12,14,2,16,3,2,16,1611,99,1,999,12,16,18,19,3
27960,2021,12,15,3,13,3,2,1,103,99,1,30,5,5,7,81,3
27961,2021,12,15,3,13,3,2,1,117,99,2,51,9,9,11,81,3
27962,2021,12,16,4,0,1,1,1,102,99,1,45,8,8,10,81,3
27963,2021,12,16,4,7,2,1,1,115,99,1,52,9,9,11,21,3
27964,2021,12,16,4,11,2,1,12,1216,99,2,64,11,11,13,20,3
27965,2021,12,16,4,20,4,3,16,1608,99,1,25,4,4,6,21,3
27966,2021,12,17,5,14,3,2,8,801,99,2,32,5,5,7,81,3
27967,2021,12,17,5,21,4,3,3,312,99,2,25,4,4,6,19,3
27968,2021,12,18,6,18,4,3,1,101,1,1,26,4,4,6,21,3
27969,2021,12,18,6,13,3,2,1,101,17,2,26,4,4,6,21,3
27970,2021,12,18,6,11,2,1,21,2101,99,2,999,12,16,18,20,3
27971,2021,12,18,6,7,2,1,10,1001,99,1,26,4,4,6,21,3
27972,2021,12,18,6,11,2,1,9,920,99,2,16,2,2,4,21,3
27973,2021,12,18,6,10,2,1,13,1301,99,1,21,3,3,5,21,3
27974,2021,12,19,7,18,4,3,1,101,12,1,79,11,14,16,19,3
27975,2021,12,19,7,9,2,1,1,108,99,1,45,8,8,10,21,3
27976,2021,12,20,1,6,2,1,1,101,1,1,999,12,16,18,20,3
27977,2021,12,20,1,19,4,3,1,101,7,1,27,4,4,6,21,3
27978,2021,12,20,1,8,2,1,1,101,19,1,59,10,10,12,21,3
27979,2021,12,21,2,18,4,3,1,111,99,2,20,3,3,5,19,3
27980,2021,12,21,2,0,1,1,11,1105,99,1,41,7,7,9,81,3
27981,2021,12,22,3,18,4,3,1,116,99,1,32,5,5,7,20,3
27982,2021,12,23,4,3,1,1,1,115,99,1,32,5,5,7,20,3
27983,2021,12,23,4,8,2,1,1,101,7,1,30,5,5,7,20,3
27984,2021,12,23,4,21,4,3,2,203,99,1,999,12,16,18,20,3
27985,2021,12,24,5,16,3,2,1,101,3,1,29,4,4,6,81,3
27986,2021,12,25,6,19,4,3,1,101,12,1,39,6,6,8,81,3
27987,2021,12,25,6,19,4,3,1,115,99,1,32,5,5,7,81,3
27988,2021,12,25,6,19,4,3,5,504,99,2,51,9,9,11,19,3
27989,2021,12,25,6,17,3,2,16,1617,99,2,48,8,8,10,21,3
27990,2021,12,26,7,7,2,1,1,108,99,1,38,6,6,8,81,3
27991,2021,12,27,1,19,4,3,1,102,99,1,21,3,3,5,81,3
27992,2021,12,27,1,12,3,2,1,109,99,1,33,5,5,7,21,3
27993,2021,12,27,1,16,3,2,10,1001,99,1,29,4,4,6,21,3
27994,2021,12,27,1,11,2,1,11,1107,99,1,74,11,13,15,20,3
27995,2021,12,28,2,18,4,3,1,107,99,2,52,9,9,11,81,3
27996,2021,12,28,2,11,2,1,1,116,99,1,30,5,5,7,20,3
27997,2021,12,28,2,19,4,3,22,2201,99,2,37,6,6,8,81,3
27998,2021,12,28,2,16,3,2,5,511,99,1,25,4,4,6,21,3
27999,2021,12,28,2,0,1,1,13,1301,99,1,29,4,4,6,21,3
28000,2021,12,29,3,11,2,1,1,113,99,1,39,6,6,8,81,3
28001,2021,12,30,4,10,2,1,1,101,5,1,41,7,7,9,19,3
28002,2021,12,31,5,23,4,3,22,2201,99,2,32,5,5,7,81,3
28003,2021,12,31,5,5,1,1,20,2001,99,1,999,12,16,18,81,3
28004,2021,12,31,5,19,4,3,19,1907,99,1,51,9,9,11,20,3
28005,2021,11,1,1,0,1,1,14,1418,99,1,21,3,3,5,30,3
28006,2021,11,2,2,10,2,1,1,101,13,1,19,2,2,4,30,3
28007,2021,11,2,2,16,3,2,5,501,99,1,34,5,5,7,30,3
28008,2021,11,3,3,16,3,2,1,101,2,1,27,4,4,6,30,3
28009,2021,11,3,3,16,3,2,1,101,1,1,53,9,9,11,30,3
28010,2021,11,3,3,18,4,3,1,107,99,1,36,6,6,8,30,3
28011,2021,11,3,3,12,3,2,1,101,11,1,38,6,6,8,30,3
28012,2021,11,3,3,17,3,2,20,2004,99,1,16,2,2,4,30,3
28013,2021,11,3,3,17,3,2,10,1001,99,1,999,12,16,18,30,3
28014,2021,11,4,4,14,3,2,1,101,1,2,26,4,4,6,30,3
28015,2021,11,5,5,11,2,1,16,1607,99,1,38,6,6,8,30,3
28016,2021,11,6,6,17,3,2,1,101,1,2,26,4,4,6,30,3
28017,2021,11,6,6,11,2,1,5,501,99,1,20,3,3,5,30,3
28018,2021,11,6,6,14,3,2,5,501,99,1,28,4,4,6,30,3
28019,2021,11,6,6,17,3,2,6,601,99,1,28,4,4,6,30,3
28020,2021,11,6,6,11,2,1,3,313,99,1,25,4,4,6,30,3
28021,2021,11,9,2,14,3,2,1,101,1,1,49,8,8,10,30,3
28022,2021,11,9,2,13,3,2,1,101,12,2,20,3,3,5,30,3
28023,2021,11,9,2,17,3,2,5,501,99,1,23,3,3,5,30,3
28024,2021,11,10,3,12,3,2,1,101,11,1,38,6,6,8,30,3
28025,2021,11,10,3,11,2,1,1,110,99,1,19,2,2,4,30,3
28026,2021,11,10,3,12,3,2,10,1001,99,1,999,12,16,18,30,3
28027,2021,11,11,4,20,4,3,19,1901,99,1,999,12,16,18,30,3
28028,2021,11,11,4,6,2,1,14,1401,99,1,999,12,16,18,30,3
28029,2021,11,12,5,20,4,3,1,103,99,1,20,3,3,5,30,3
28030,2021,11,12,5,20,4,3,1,101,7,1,23,3,3,5,30,3
28031,2021,11,12,5,21,4,3,3,308,99,1,999,12,16,18,30,3
28032,2021,11,14,7,11,2,1,1,101,6,1,999,12,16,18,30,3
28033,2021,11,14,7,2,1,1,1,108,99,1,24,3,3,5,30,3
28034,2021,11,14,7,19,4,3,5,502,99,1,999,12,16,18,30,3
28035,2021,11,14,7,1,1,1,10,1004,99,1,42,7,7,9,30,3
28036,2021,11,15,1,14,3,2,5,501,99,1,999,12,16,18,30,3
28037,2021,11,15,1,13,3,2,10,1014,99,2,18,2,2,4,30,3
28038,2021,11,15,1,12,3,2,9,920,99,1,999,12,16,18,30,3
28039,2021,11,16,2,16,3,2,1,101,2,1,27,4,4,6,30,3
28040,2021,11,16,2,19,4,3,1,103,99,1,20,3,3,5,30,3
28041,2021,11,16,2,13,3,2,1,101,13,2,20,3,3,5,30,3
28042,2021,11,16,2,11,2,1,9,920,99,1,999,12,16,18,30,3
28043,2021,11,17,3,13,3,2,1,101,6,1,999,12,16,18,30,3
28044,2021,11,17,3,12,3,2,1,114,99,1,21,3,3,5,30,3
28045,2021,11,17,3,11,2,1,9,901,99,2,20,3,3,5,30,3
28046,2021,11,18,4,17,3,2,1,103,99,2,21,3,3,5,30,3
28047,2021,11,18,4,18,4,3,19,1909,99,2,26,4,4,6,30,3
28048,2021,11,19,5,12,3,2,1,101,1,1,29,4,4,6,30,3
28049,2021,11,20,6,9,2,1,1,117,99,2,21,3,3,5,30,3
28050,2021,11,20,6,16,3,2,13,1327,99,2,23,3,3,5,80,3
28051,2021,11,20,6,10,2,1,17,1703,99,2,999,12,16,18,30,3
28052,2021,11,21,7,0,1,1,1,101,1,2,32,5,5,7,30,3
28053,2021,11,21,7,1,1,1,1,101,7,1,25,4,4,6,30,3
28054,2021,11,21,7,10,2,1,1,108,99,2,32,5,5,7,30,3
28055,2021,11,21,7,13,3,2,10,1001,99,2,24,3,3,5,30,3
28056,2021,11,21,7,23,4,3,3,312,99,1,20,3,3,5,30,3
28057,2021,11,22,1,15,3,2,14,1413,99,2,21,3,3,5,30,3
28058,2021,11,23,2,12,3,2,10,1019,99,2,64,11,11,13,30,3
28059,2021,11,23,2,17,3,2,11,1101,99,2,999,12,16,18,30,3
28060,2021,11,24,3,14,3,2,1,101,13,2,19,2,2,4,30,3
28061,2021,11,24,3,14,3,2,21,2101,99,2,32,5,5,7,30,3
28062,2021,11,25,4,14,3,2,1,101,9,2,999,12,16,18,30,3
28063,2021,11,25,4,18,4,3,1,101,12,1,30,5,5,7,30,3
28064,2021,11,25,4,19,4,3,1,108,99,2,45,8,8,10,30,3
28065,2021,11,25,4,0,1,1,12,1209,99,1,52,9,9,11,80,3
28066,2021,11,27,6,20,4,3,12,1202,99,1,42,7,7,9,30,3
28067,2021,11,28,7,23,4,3,1,101,6,1,42,7,7,9,30,3
28068,2021,11,28,7,21,4,3,1,101,19,2,20,3,3,5,30,3
28069,2021,11,15,1,21,4,3,1,101,10,1,999,12,16,18,129,3
28070,2021,12,1,3,18,4,3,20,2001,99,2,24,3,3,5,30,3
28071,2021,12,2,4,8,2,1,1,101,4,1,27,4,4,6,30,3
28072,2021,12,2,4,20,4,3,1,108,99,1,45,8,8,10,30,3
28073,2021,12,3,5,0,1,1,16,1609,99,2,44,7,7,9,30,3
28074,2021,12,4,6,11,2,1,16,1609,99,1,23,3,3,5,30,3
28075,2021,12,5,7,0,1,1,7,710,99,1,23,3,3,5,30,3
28076,2021,12,6,1,19,4,3,4,401,99,2,40,7,7,9,30,3
28077,2021,12,7,2,11,2,1,1,108,99,1,44,7,7,9,30,3
28078,2021,12,7,2,16,3,2,5,501,99,1,999,12,16,18,30,3
28079,2021,12,9,4,15,3,2,5,506,99,1,39,6,6,8,30,3
28080,2021,12,9,4,13,3,2,18,1801,99,2,27,4,4,6,30,3
28081,2021,12,9,4,19,4,3,18,1801,99,1,30,5,5,7,30,3
28082,2021,12,10,5,19,4,3,5,501,99,2,21,3,3,5,30,3
28083,2021,12,10,5,17,3,2,11,1101,99,2,999,12,16,18,30,3
28084,2021,12,10,5,11,2,1,16,1606,99,2,42,7,7,9,30,3
28085,2021,12,11,6,13,3,2,1,101,4,1,22,3,3,5,30,3
28086,2021,12,11,6,15,3,2,1,101,7,1,20,3,3,5,30,3
28087,2021,12,11,6,10,2,1,16,1609,99,2,19,2,2,4,30,3
28088,2021,12,12,7,20,4,3,1,115,99,1,26,4,4,6,30,3
28089,2021,12,12,7,5,1,1,10,1001,99,2,31,5,5,7,30,3
28090,2021,12,13,1,0,1,1,11,1101,99,2,26,4,4,6,30,3
28091,2021,12,14,2,10,2,1,1,101,18,1,23,3,3,5,30,3
28092,2021,12,15,3,6,2,1,1,102,99,2,40,7,7,9,30,3
28093,2021,12,16,4,16,3,2,1,103,99,1,21,3,3,5,30,3
28094,2021,12,16,4,12,3,2,1,108,99,1,999,12,16,18,30,3
28095,2021,12,16,4,8,2,1,5,501,99,2,50,9,9,11,30,3
28096,2021,12,18,6,15,3,2,1,101,12,1,18,2,2,4,30,3
28097,2021,12,19,7,15,3,2,1,101,1,1,34,5,5,7,30,3
28098,2021,12,19,7,22,4,3,1,101,3,1,999,12,16,18,30,3
28099,2021,12,19,7,13,3,2,1,108,99,1,27,4,4,6,30,3
28100,2021,12,19,7,22,4,3,11,1104,99,1,999,12,16,18,30,3
28101,2021,12,21,2,19,4,3,16,1601,99,1,34,5,5,7,80,3
28102,2021,12,22,3,19,4,3,10,1001,99,2,13,1,1,3,30,3
28103,2021,12,22,3,22,4,3,4,401,99,1,999,12,16,18,30,3
28104,2021,12,24,5,9,2,1,1,108,99,2,48,8,8,10,30,3
28105,2021,12,24,5,14,3,2,12,1215,99,2,16,2,2,4,30,3
28106,2021,12,25,6,12,3,2,5,511,99,2,21,3,3,5,30,3
28107,2021,12,26,7,20,4,3,5,501,99,2,22,3,3,5,30,3
28108,2021,12,27,1,14,3,2,1,101,7,2,19,2,2,4,30,3
28109,2021,12,28,2,12,3,2,1,101,3,2,53,9,9,11,30,3
28110,2021,12,28,2,17,3,2,15,1502,99,2,22,3,3,5,30,3
28111,2021,12,28,2,21,4,3,4,407,99,2,999,12,16,18,30,3
28112,2021,12,29,3,13,3,2,1,101,11,1,999,12,16,18,30,3
28113,2021,12,30,4,13,3,2,9,920,99,1,42,7,7,9,30,3
28114,2021,12,31,5,8,2,1,1,101,21,1,38,6,6,8,30,3
28115,2021,12,11,6,15,3,2,3,301,99,1,30,5,5,7,28,3
28116,2021,11,1,1,12,3,2,1,108,99,1,999,12,16,18,71,5
28117,2021,11,1,1,12,3,2,1,108,99,2,22,3,3,5,71,5
28118,2021,11,1,1,12,3,2,22,2214,99,1,19,2,2,4,71,5
28119,2021,11,1,1,14,3,2,22,2214,99,2,17,2,2,4,71,5
28120,2021,11,1,1,8,2,1,20,2004,99,1,25,4,4,6,71,5
28121,2021,11,1,1,19,4,3,19,1901,99,1,14,1,1,3,71,5
28122,2021,11,1,1,23,4,3,15,1508,99,2,16,2,2,4,71,5
28123,2021,11,1,1,23,4,3,4,401,99,2,19,2,2,4,71,5
28124,2021,11,1,1,0,1,1,8,801,99,1,75,11,14,16,71,5
28125,2021,11,1,1,15,3,2,1,101,7,1,26,4,4,6,71,5
28126,2021,11,1,1,13,3,2,1,115,99,2,30,5,5,7,71,5
28127,2021,11,1,1,13,3,2,1,115,99,2,7,1,1,2,71,5
28128,2021,11,1,1,13,3,2,1,115,99,1,5,1,1,2,71,5
28129,2021,11,1,1,13,3,2,18,1804,99,2,5,1,1,2,71,5
28130,2021,11,2,2,20,4,3,1,114,99,2,16,2,2,4,71,5
28131,2021,11,2,2,21,4,3,1,101,19,2,13,1,1,3,71,5
28132,2021,11,2,2,18,4,3,19,1901,99,2,18,2,2,4,71,5
28133,2021,11,2,2,5,1,1,6,602,99,1,72,11,13,15,71,5
28134,2021,11,3,3,0,1,1,1,101,19,2,12,1,1,3,71,5
28135,2021,11,3,3,0,1,1,1,110,99,1,31,5,5,7,71,5
28136,2021,11,3,3,11,2,1,5,511,99,1,20,3,3,5,71,5
28137,2021,11,3,3,10,2,1,16,1607,99,2,13,1,1,3,71,5
28138,2021,11,3,3,15,3,2,16,1602,99,2,14,1,1,3,71,5
28139,2021,11,3,3,19,4,3,4,401,99,1,15,2,2,4,71,5
28140,2021,11,4,4,6,2,1,1,101,24,1,15,2,2,4,71,5
28141,2021,11,4,4,11,2,1,1,114,99,2,12,1,1,3,71,5
28142,2021,11,4,4,9,2,1,1,108,99,1,29,4,4,6,71,5
28143,2021,11,4,4,6,2,1,5,509,99,2,13,1,1,3,71,5
28144,2021,11,4,4,17,3,2,13,1301,99,2,15,2,2,4,71,5
28145,2021,11,4,4,17,3,2,13,1301,99,2,15,2,2,4,71,5
28146,2021,11,4,4,8,2,1,16,1610,99,2,11,1,1,3,71,5
28147,2021,11,4,4,18,4,3,2,207,99,2,29,4,4,6,71,5
28148,2021,11,4,4,8,2,1,4,416,99,2,15,2,2,4,71,5
28149,2021,11,4,4,19,4,3,4,406,99,1,13,1,1,3,71,5
28150,2021,11,5,5,15,3,2,1,101,11,1,74,11,13,15,71,5
28151,2021,11,5,5,19,4,3,1,115,99,2,34,5,5,7,71,5
28152,2021,11,5,5,19,4,3,1,115,99,2,6,1,1,2,71,5
28153,2021,11,5,5,22,4,3,1,108,99,2,33,5,5,7,71,5
28154,2021,11,5,5,8,2,1,8,805,99,2,17,2,2,4,71,5
28155,2021,11,5,5,14,3,2,16,1610,99,2,18,2,2,4,71,5
28156,2021,11,5,5,21,4,3,2,203,99,2,15,2,2,4,71,5
28157,2021,11,5,5,11,2,1,17,1708,99,2,18,2,2,4,71,5
28158,2021,11,5,5,16,3,2,4,415,99,1,21,3,3,5,71,5
28159,2021,11,6,6,14,3,2,1,115,99,2,13,1,1,3,71,5
28160,2021,11,6,6,6,2,1,1,115,99,1,33,5,5,7,71,5
28161,2021,11,6,6,13,3,2,1,108,99,2,15,2,2,4,71,5
28162,2021,11,6,6,8,2,1,1,109,99,1,20,3,3,5,71,5
28163,2021,11,6,6,5,1,1,1,108,99,2,40,7,7,9,71,5
28164,2021,11,6,6,6,2,1,20,2007,99,2,15,2,2,4,71,5
28165,2021,11,6,6,17,3,2,19,1905,99,1,40,7,7,9,71,5
28166,2021,11,6,6,10,2,1,11,1107,99,2,14,1,1,3,71,5
28167,2021,11,6,6,5,1,1,11,1107,99,2,17,2,2,4,71,5
28168,2021,11,7,7,14,3,2,1,101,18,1,25,4,4,6,71,5
28169,2021,11,7,7,13,3,2,1,101,17,2,63,11,11,13,71,5
28170,2021,11,7,7,18,4,3,1,115,99,1,23,3,3,5,71,5
28171,2021,11,7,7,20,4,3,1,115,99,2,17,2,2,4,71,5
28172,2021,11,7,7,5,1,1,19,1901,99,1,76,11,14,16,71,5
28173,2021,11,7,7,8,2,1,5,509,99,1,15,2,2,4,71,5
28174,2021,11,7,7,9,2,1,13,1301,99,2,18,2,2,4,71,5
28175,2021,11,7,7,10,2,1,8,805,99,2,14,1,1,3,71,5
28176,2021,11,7,7,20,4,3,16,1601,99,1,27,4,4,6,71,5
28177,2021,11,7,7,16,3,2,4,403,99,1,26,4,4,6,71,5
28178,2021,11,8,1,8,2,1,1,115,99,2,14,1,1,3,71,5
28179,2021,11,8,1,17,3,2,1,117,99,2,29,4,4,6,71,5
28180,2021,11,8,1,23,4,3,22,2205,99,2,78,11,14,16,71,5
28181,2021,11,8,1,7,2,1,19,1901,99,2,15,2,2,4,71,5
28182,2021,11,8,1,18,4,3,5,509,99,2,6,1,1,2,71,5
28183,2021,11,8,1,17,3,2,13,1302,99,1,24,3,3,5,71,5
28184,2021,11,8,1,16,3,2,16,1601,99,1,999,12,16,18,71,5
28185,2021,11,8,1,16,3,2,16,1601,99,1,2,1,1,1,71,5
28186,2021,11,8,1,12,3,2,4,401,99,2,27,4,4,6,71,5
28187,2021,11,8,1,9,2,1,3,314,99,2,17,2,2,4,71,5
28188,2021,11,8,1,1,1,1,1,108,99,1,36,6,6,8,71,5
28189,2021,11,9,2,12,3,2,1,114,99,2,29,4,4,6,71,5
28190,2021,11,9,2,22,4,3,1,108,99,2,24,3,3,5,71,5
28191,2021,11,9,2,12,3,2,19,1901,99,1,0,1,1,1,71,5
28192,2021,11,9,2,8,2,1,16,1606,99,2,17,2,2,4,71,5
28193,2021,11,9,2,12,3,2,18,1805,99,2,16,2,2,4,71,5
28194,2021,11,9,2,12,3,2,18,1805,99,2,0,1,1,1,71,5
28195,2021,11,9,2,5,1,1,17,1701,99,1,17,2,2,4,71,5
28196,2021,11,9,2,14,3,2,14,1401,99,1,24,3,3,5,71,5
28197,2021,11,9,2,19,4,3,1,108,99,1,47,8,8,10,71,5
28198,2021,11,10,3,6,2,1,1,103,99,2,11,1,1,3,71,5
28199,2021,11,10,3,17,3,2,1,103,99,2,7,1,1,2,71,5
28200,2021,11,10,3,9,2,1,1,117,99,1,11,1,1,3,71,5
28201,2021,11,10,3,18,4,3,4,401,99,1,23,3,3,5,71,5
28202,2021,11,11,4,8,2,1,1,116,99,2,15,2,2,4,71,5
28203,2021,11,11,4,15,3,2,1,108,99,2,11,1,1,3,71,5
28204,2021,11,11,4,13,3,2,9,901,99,2,17,2,2,4,71,5
28205,2021,11,11,4,18,4,3,9,901,99,1,17,2,2,4,71,5
28206,2021,11,11,4,16,3,2,19,1905,99,2,16,2,2,4,71,5
28207,2021,11,11,4,6,2,1,2,201,99,1,20,3,3,5,71,5
28208,2021,11,11,4,6,2,1,2,207,99,1,25,4,4,6,71,5
28209,2021,11,12,5,12,3,2,1,115,99,2,16,2,2,4,71,5
28210,2021,11,12,5,12,3,2,1,115,99,2,2,1,1,1,71,5
28211,2021,11,12,5,17,3,2,1,115,99,1,80,11,15,17,71,5
28212,2021,11,12,5,21,4,3,1,116,99,2,15,2,2,4,71,5
28213,2021,11,12,5,18,4,3,1,109,99,2,10,1,1,3,71,5
28214,2021,11,12,5,16,3,2,11,1105,99,1,16,2,2,4,71,5
28215,2021,11,12,5,17,3,2,15,1508,99,2,14,1,1,3,71,5
28216,2021,11,12,5,17,3,2,4,401,99,1,14,1,1,3,71,5
28217,2021,11,12,5,17,3,2,4,401,99,2,12,1,1,3,71,5
28218,2021,11,12,5,23,4,3,4,401,99,2,16,2,2,4,71,5
28219,2021,11,12,5,13,3,2,2,203,99,2,16,2,2,4,71,5
28220,2021,11,13,6,14,3,2,1,108,99,2,15,2,2,4,71,5
28221,2021,11,13,6,14,3,2,5,504,99,1,17,2,2,4,71,5
28222,2021,11,13,6,17,3,2,11,1106,99,1,16,2,2,4,71,5
28223,2021,11,13,6,10,2,1,19,1901,99,1,28,4,4,6,71,5
28224,2021,11,13,6,18,4,3,18,1805,99,2,13,1,1,3,71,5
28225,2021,11,13,6,15,3,2,18,1804,99,1,39,6,6,8,71,5
28226,2021,11,13,6,19,4,3,17,1707,99,2,17,2,2,4,71,5
28227,2021,11,14,7,17,3,2,1,108,99,2,60,11,11,13,71,5
28228,2021,11,14,7,17,3,2,22,2217,99,2,15,2,2,4,71,5
28229,2021,11,14,7,20,4,3,19,1901,99,2,16,2,2,4,71,5
28230,2021,11,14,7,15,3,2,5,511,99,1,38,6,6,8,71,5
28231,2021,11,14,7,21,4,3,5,511,99,1,35,6,6,8,71,5
28232,2021,11,14,7,9,2,1,9,909,99,2,19,2,2,4,71,5
28233,2021,11,14,7,9,2,1,17,1703,99,2,23,3,3,5,71,5
28234,2021,11,14,7,9,2,1,17,1703,99,2,1,1,1,1,71,5
28235,2021,11,15,1,13,3,2,1,115,99,2,22,3,3,5,71,5
28236,2021,11,10,3,18,4,3,1,110,99,1,6,1,1,2,71,5
28237,2021,11,15,1,19,4,3,19,1905,99,1,20,3,3,5,71,5
28238,2021,11,13,6,17,3,2,5,501,99,2,15,2,2,4,71,5
28239,2021,11,13,6,21,4,3,10,1002,99,1,999,12,16,18,71,5
28240,2021,11,15,1,10,2,1,12,1214,99,2,15,2,2,4,71,5
28241,2021,11,15,1,11,2,1,12,1201,99,2,68,11,12,14,71,5
28242,2021,11,15,1,16,3,2,16,1607,99,2,32,5,5,7,71,5
28243,2021,11,15,1,13,3,2,4,413,99,2,24,3,3,5,71,5
28244,2021,11,15,1,1,1,1,3,312,99,1,12,1,1,3,71,5
28245,2021,11,14,7,10,2,1,3,312,99,1,7,1,1,2,71,5
28246,2021,11,15,1,23,4,3,5,511,99,2,18,2,2,4,71,5
28247,2021,11,15,1,20,4,3,3,308,99,2,17,2,2,4,71,5
28248,2021,11,16,2,12,3,2,1,101,21,2,19,2,2,4,71,5
28249,2021,11,17,3,13,3,2,1,115,99,2,15,2,2,4,71,5
28250,2021,11,16,2,6,2,1,5,501,99,2,13,1,1,3,71,5
28251,2021,11,16,2,12,3,2,5,509,99,2,12,1,1,3,71,5
28252,2021,11,16,2,20,4,3,5,502,99,1,21,3,3,5,71,5
28253,2021,11,16,2,11,2,1,9,911,99,2,14,1,1,3,71,5
28254,2021,11,18,4,17,3,2,1,101,7,2,16,2,2,4,71,5
28255,2021,11,18,4,19,4,3,1,115,99,1,13,1,1,3,71,5
28256,2021,11,18,4,18,4,3,1,115,99,2,17,2,2,4,71,5
28257,2021,11,18,4,17,3,2,15,1508,99,2,21,3,3,5,71,5
28258,2021,11,19,5,15,3,2,19,1901,99,2,15,2,2,4,71,5
28259,2021,11,19,5,9,2,1,10,1013,99,2,20,3,3,5,71,5
28260,2021,11,19,5,13,3,2,10,1008,99,2,36,6,6,8,71,5
28261,2021,11,19,5,2,1,1,10,1002,99,2,16,2,2,4,71,5
28262,2021,11,19,5,10,2,1,7,719,99,1,21,3,3,5,71,5
28263,2021,11,19,5,18,4,3,3,309,99,1,44,7,7,9,71,5
28264,2021,11,20,6,0,1,1,1,101,24,2,16,2,2,4,71,5
28265,2021,11,20,6,10,2,1,1,103,99,1,25,4,4,6,71,5
28266,2021,11,20,6,12,3,2,1,115,99,1,53,9,9,11,71,5
28267,2021,11,20,6,9,2,1,1,115,99,2,13,1,1,3,71,5
28268,2021,11,20,6,9,2,1,1,115,99,1,3,1,1,1,71,5
28269,2021,11,20,6,20,4,3,1,108,99,1,22,3,3,5,71,5
28270,2021,11,20,6,16,3,2,2,203,99,2,16,2,2,4,71,5
28271,2021,11,20,6,12,3,2,14,1403,99,1,72,11,13,15,71,5
28272,2021,11,20,6,8,2,1,4,412,99,2,13,1,1,3,71,5
28273,2021,11,21,7,21,4,3,1,101,24,2,13,1,1,3,71,5
28274,2021,11,21,7,10,2,1,1,115,99,1,21,3,3,5,71,5
28275,2021,11,21,7,10,2,1,1,110,99,2,14,1,1,3,71,5
28276,2021,11,21,7,14,3,2,1,110,99,2,14,1,1,3,71,5
28277,2021,11,21,7,13,3,2,1,108,99,1,17,2,2,4,71,5
28278,2021,11,21,7,16,3,2,1,108,99,2,15,2,2,4,71,5
28279,2021,11,21,7,18,4,3,3,309,99,2,22,3,3,5,71,5
28280,2021,11,22,1,18,4,3,1,115,99,2,20,3,3,5,71,5
28281,2021,11,22,1,12,3,2,1,115,99,1,13,1,1,3,71,5
28282,2021,11,22,1,13,3,2,1,108,99,1,36,6,6,8,71,5
28283,2021,11,22,1,11,2,1,6,608,99,1,30,5,5,7,71,5
28284,2021,11,22,1,11,2,1,6,608,99,1,27,4,4,6,71,5
28285,2021,11,22,1,9,2,1,10,1012,99,2,13,1,1,3,71,5
28286,2021,11,22,1,15,3,2,16,1609,99,1,18,2,2,4,71,5
28287,2021,11,22,1,13,3,2,17,1710,99,2,12,1,1,3,71,5
28288,2021,11,23,2,14,3,2,1,115,99,1,5,1,1,2,71,5
28289,2021,11,23,2,22,4,3,1,115,99,1,42,7,7,9,71,5
28290,2021,11,23,2,9,2,1,1,108,99,2,15,2,2,4,71,5
28291,2021,11,23,2,8,2,1,1,108,99,1,38,6,6,8,71,5
28292,2021,11,23,2,15,3,2,5,514,99,1,31,5,5,7,71,5
28293,2021,11,23,2,15,3,2,5,507,99,2,14,1,1,3,71,5
28294,2021,11,23,2,14,3,2,8,805,99,2,17,2,2,4,71,5
28295,2021,11,23,2,12,3,2,16,1607,99,2,18,2,2,4,71,5
28296,2021,11,23,2,22,4,3,2,207,99,2,23,3,3,5,71,5
28297,2021,11,23,2,22,4,3,2,207,99,2,3,1,1,1,71,5
28298,2021,11,23,2,22,4,3,2,207,99,1,1,1,1,1,71,5
28299,2021,11,24,3,8,2,1,1,113,99,1,37,6,6,8,71,5
28300,2021,11,24,3,14,3,2,22,2201,99,2,16,2,2,4,71,5
28301,2021,11,24,3,7,2,1,19,1904,99,1,45,8,8,10,71,5
28302,2021,11,24,3,17,3,2,8,805,99,2,18,2,2,4,71,5
28303,2021,11,24,3,6,2,1,16,1601,99,1,24,3,3,5,71,5
28304,2021,11,24,3,16,3,2,18,1804,99,2,14,1,1,3,71,5
28305,2021,11,24,3,4,1,1,4,401,99,1,16,2,2,4,71,5
28306,2021,11,25,4,21,4,3,1,114,99,1,30,5,5,7,71,5
28307,2021,11,23,2,11,2,1,1,108,99,1,62,11,11,13,71,5
28308,2021,11,23,2,9,2,1,1,108,99,1,62,11,11,13,71,5
28309,2021,11,25,4,13,3,2,22,2201,99,2,15,2,2,4,71,5
28310,2021,11,24,3,8,2,1,5,502,99,2,39,6,6,8,71,5
28311,2021,11,24,3,8,2,1,5,502,99,1,19,2,2,4,71,5
28312,2021,11,24,3,8,2,1,5,502,99,2,16,2,2,4,71,5
28313,2021,11,24,3,8,2,1,5,502,99,1,14,1,1,3,71,5
28314,2021,11,23,2,13,3,2,17,1710,99,1,30,5,5,7,71,5
28315,2021,11,25,4,9,2,1,14,1420,99,1,16,2,2,4,71,5
28316,2021,11,25,4,9,2,1,14,1420,99,2,13,1,1,3,71,5
28317,2021,11,26,5,18,4,3,1,106,99,2,14,1,1,3,71,5
28318,2021,11,25,4,23,4,3,1,117,99,1,12,1,1,3,71,5
28319,2021,11,26,5,10,2,1,5,511,99,1,23,3,3,5,71,5
28320,2021,11,16,2,20,4,3,11,1106,99,2,16,2,2,4,71,5
28321,2021,11,25,4,19,4,3,8,802,99,2,22,3,3,5,71,5
28322,2021,11,25,4,11,2,1,15,1504,99,2,19,2,2,4,71,5
28323,2021,11,25,4,23,4,3,3,302,99,1,16,2,2,4,71,5
28324,2021,11,25,4,0,1,1,3,301,99,2,15,2,2,4,71,5
28325,2021,11,27,6,18,4,3,1,101,7,2,13,1,1,3,71,5
28326,2021,11,25,4,17,3,2,21,2101,99,2,17,2,2,4,71,5
28327,2021,11,25,4,17,3,2,21,2101,99,2,3,1,1,1,71,5
28328,2021,11,25,4,17,3,2,21,2101,99,2,1,1,1,1,71,5
28329,2021,11,25,4,17,3,2,11,1101,99,2,19,2,2,4,71,5
28330,2021,11,27,6,6,2,1,4,415,99,2,15,2,2,4,71,5
28331,2021,11,28,7,19,4,3,1,101,6,2,63,11,11,13,71,5
28332,2021,11,28,7,13,3,2,1,117,99,2,12,1,1,3,71,5
28333,2021,11,20,6,10,2,1,11,1106,99,2,3,1,1,1,71,5
28334,2021,11,20,6,10,2,1,11,1106,99,2,999,12,16,18,71,5
28335,2021,11,21,7,14,3,2,14,1401,99,2,33,5,5,7,71,5
28336,2021,11,21,7,14,3,2,14,1401,99,2,8,1,1,2,71,5
28337,2021,11,26,5,9,2,1,4,401,99,1,56,10,10,12,71,5
28338,2021,11,27,6,22,4,3,1,101,18,2,23,3,3,5,71,5
28339,2021,11,28,7,5,1,1,1,115,99,2,999,12,16,18,71,5
28340,2021,11,28,7,23,4,3,1,101,19,2,12,1,1,3,71,5
28341,2021,11,28,7,20,4,3,5,502,99,1,17,2,2,4,71,5
28342,2021,11,28,7,17,3,2,15,1504,99,2,20,3,3,5,71,5
28343,2021,11,28,7,17,3,2,15,1504,99,2,4,1,1,1,71,5
28344,2021,11,27,6,17,3,2,2,202,99,1,22,3,3,5,71,5
28345,2021,11,27,6,17,3,2,2,202,99,2,20,3,3,5,71,5
28346,2021,11,28,7,13,3,2,14,1401,99,1,30,5,5,7,71,5
28347,2021,11,29,1,14,3,2,10,1013,99,2,23,3,3,5,71,5
28348,2021,11,29,1,11,2,1,11,1107,99,1,15,2,2,4,71,5
28349,2021,11,29,1,11,2,1,8,804,99,2,17,2,2,4,71,5
28350,2021,12,1,3,23,4,3,1,117,99,1,17,2,2,4,71,5
28351,2021,12,1,3,6,2,1,1,117,99,1,19,2,2,4,71,5
28352,2021,12,1,3,19,4,3,1,116,99,2,16,2,2,4,71,5
28353,2021,12,1,3,23,4,3,1,117,99,1,34,5,5,7,71,5
28354,2021,12,1,3,12,3,2,1,115,99,2,14,1,1,3,71,5
28355,2021,12,1,3,11,2,1,11,1105,99,2,16,2,2,4,71,5
28356,2021,12,1,3,3,1,1,13,1324,99,1,15,2,2,4,71,5
28357,2021,12,1,3,9,2,1,16,1601,99,2,16,2,2,4,71,5
28358,2021,12,1,3,9,2,1,16,1601,99,2,0,1,1,1,71,5
28359,2021,12,2,4,19,4,3,1,101,6,2,14,1,1,3,71,5
28360,2021,12,2,4,19,4,3,1,101,6,2,12,1,1,3,71,5
28361,2021,12,2,4,21,4,3,1,101,21,2,16,2,2,4,71,5
28362,2021,12,2,4,17,3,2,1,115,99,2,14,1,1,3,71,5
28363,2021,12,2,4,17,3,2,1,115,99,1,11,1,1,3,71,5
28364,2021,12,2,4,1,1,1,11,1102,99,2,15,2,2,4,71,5
28365,2021,12,3,5,15,3,2,1,101,15,1,35,6,6,8,71,5
28366,2021,12,3,5,6,2,1,1,108,99,2,32,5,5,7,71,5
28367,2021,12,3,5,10,2,1,1,108,99,1,84,11,15,17,71,5
28368,2021,12,3,5,7,2,1,22,2217,99,2,21,3,3,5,71,5
28369,2021,12,3,5,16,3,2,17,1709,99,1,21,3,3,5,71,5
28370,2021,12,3,5,11,2,1,3,301,99,2,14,1,1,3,71,5
28371,2021,12,4,6,13,3,2,1,106,99,1,88,11,15,17,71,5
28372,2021,12,4,6,12,3,2,1,103,99,2,17,2,2,4,71,5
28373,2021,12,4,6,12,3,2,1,103,99,2,1,1,1,1,71,5
28374,2021,12,4,6,20,4,3,1,115,99,2,15,2,2,4,71,5
28375,2021,12,4,6,17,3,2,11,1106,99,1,65,11,12,14,71,5
28376,2021,12,4,6,15,3,2,15,1501,99,1,18,2,2,4,71,5
28377,2021,12,4,6,16,3,2,17,1703,99,1,14,1,1,3,71,5
28378,2021,12,5,7,16,3,2,1,114,99,2,34,5,5,7,71,5
28379,2021,12,5,7,16,3,2,1,114,99,1,14,1,1,3,71,5
28380,2021,12,5,7,16,3,2,1,114,99,1,11,1,1,3,71,5
28381,2021,12,5,7,16,3,2,1,114,99,1,6,1,1,2,71,5
28382,2021,12,5,7,22,4,3,20,2007,99,2,15,2,2,4,71,5
28383,2021,12,5,7,22,4,3,20,2007,99,2,15,2,2,4,71,5
28384,2021,12,5,7,15,3,2,15,1501,99,2,10,1,1,3,71,5
28385,2021,12,5,7,6,2,1,4,415,99,1,44,7,7,9,71,5
28386,2021,12,6,1,12,3,2,1,101,21,2,16,2,2,4,71,5
28387,2021,12,6,1,17,3,2,1,115,99,2,17,2,2,4,71,5
28388,2021,12,6,1,17,3,2,1,114,99,2,16,2,2,4,71,5
28389,2021,12,6,1,14,3,2,1,108,99,2,21,3,3,5,71,5
28390,2021,12,6,1,14,3,2,1,108,99,1,1,1,1,1,71,5
28391,2021,12,6,1,19,4,3,20,2006,99,1,51,9,9,11,71,5
28392,2021,12,6,1,17,3,2,10,1008,99,1,38,6,6,8,71,5
28393,2021,12,6,1,15,3,2,2,207,99,1,52,9,9,11,71,5
28394,2021,12,7,2,17,3,2,1,115,99,1,13,1,1,3,71,5
28395,2021,12,7,2,4,1,1,1,109,99,2,16,2,2,4,71,5
28396,2021,12,7,2,11,2,1,1,108,99,1,28,4,4,6,71,5
28397,2021,12,7,2,11,2,1,1,108,99,1,16,2,2,4,71,5
28398,2021,12,7,2,15,3,2,13,1324,99,2,14,1,1,3,71,5
28399,2021,12,7,2,15,3,2,13,1324,99,2,0,1,1,1,71,5
28400,2021,12,7,2,5,1,1,3,310,99,2,15,2,2,4,71,5
28401,2021,12,8,3,16,3,2,1,110,99,2,14,1,1,3,71,5
28402,2021,12,8,3,7,2,1,1,108,99,1,31,5,5,7,71,5
28403,2021,12,8,3,18,4,3,22,2213,99,2,1,1,1,1,71,5
28404,2021,12,8,3,15,3,2,19,1903,99,2,5,1,1,2,71,5
28405,2021,12,8,3,15,3,2,19,1903,99,2,4,1,1,1,71,5
28406,2021,12,8,3,16,3,2,19,1911,99,1,15,2,2,4,71,5
28407,2021,12,8,3,17,3,2,5,511,99,1,26,4,4,6,71,5
28408,2021,12,8,3,7,2,1,5,502,99,1,65,11,12,14,71,5
28409,2021,12,8,3,7,2,1,5,501,99,1,14,1,1,3,71,5
28410,2021,12,8,3,11,2,1,10,1010,99,1,17,2,2,4,71,5
28411,2021,12,8,3,18,4,3,18,1805,99,2,21,3,3,5,71,5
28412,2021,12,9,4,16,3,2,1,110,99,2,19,2,2,4,71,5
28413,2021,12,5,7,10,2,1,1,108,99,2,20,3,3,5,71,5
28414,2021,12,5,7,10,2,1,1,108,99,2,1,1,1,1,71,5
28415,2021,12,9,4,14,3,2,19,1905,99,2,17,2,2,4,71,5
28416,2021,12,8,3,21,4,3,10,1019,99,2,9,1,1,2,71,5
28417,2021,12,8,3,21,4,3,10,1019,99,1,7,1,1,2,71,5
28418,2021,12,8,3,21,4,3,10,1019,99,1,4,1,1,1,71,5
28419,2021,12,1,3,20,4,3,10,1002,99,2,15,2,2,4,71,5
28420,2021,12,9,4,12,3,2,17,1708,99,2,47,8,8,10,71,5
28421,2021,12,9,4,16,3,2,14,1415,99,1,29,4,4,6,71,5
28422,2021,12,9,4,21,4,3,22,2213,99,1,15,2,2,4,71,5
28423,2021,12,9,4,11,2,1,1,101,7,2,15,2,2,4,71,5
28424,2021,12,9,4,1,1,1,1,115,99,1,15,2,2,4,71,5
28425,2021,12,10,5,23,4,3,1,114,99,2,16,2,2,4,71,5
28426,2021,12,10,5,23,4,3,1,114,99,1,12,1,1,3,71,5
28427,2021,12,8,3,16,3,2,1,110,99,1,28,4,4,6,71,5
28428,2021,12,8,3,20,4,3,10,1008,99,1,43,7,7,9,71,5
28429,2021,12,1,3,11,2,1,4,414,99,1,40,7,7,9,71,5
28430,2021,12,11,6,13,3,2,5,509,99,1,13,1,1,3,71,5
28431,2021,12,10,5,18,4,3,16,1615,99,2,17,2,2,4,71,5
28432,2021,12,11,6,16,3,2,15,1504,99,2,20,3,3,5,71,5
28433,2021,12,4,6,20,4,3,2,207,99,1,42,7,7,9,71,5
28434,2021,12,9,4,10,2,1,17,1706,99,2,16,2,2,4,71,5
28435,2021,12,10,5,23,4,3,3,316,99,2,14,1,1,3,71,5
28436,2021,12,11,6,20,4,3,3,304,99,1,14,1,1,3,71,5
28437,2021,12,11,6,2,1,1,1,101,7,2,16,2,2,4,71,5
28438,2021,12,11,6,18,4,3,1,114,99,1,16,2,2,4,71,5
28439,2021,12,11,6,19,4,3,1,115,99,1,19,2,2,4,71,5
28440,2021,12,11,6,23,4,3,1,115,99,2,15,2,2,4,71,5
28441,2021,12,11,6,22,4,3,22,2213,99,2,42,7,7,9,71,5
28442,2021,12,11,6,22,4,3,22,2213,99,1,12,1,1,3,71,5
28443,2021,12,12,7,16,3,2,16,1605,99,2,11,1,1,3,71,5
28444,2021,12,11,6,6,2,1,15,1504,99,1,64,11,11,13,71,5
28445,2021,12,12,7,14,3,2,11,1106,99,2,17,2,2,4,71,5
28446,2021,12,13,1,9,2,1,2,207,99,2,59,10,10,12,71,5
28447,2021,12,13,1,11,2,1,18,1804,99,1,87,11,15,17,71,5
28448,2021,12,13,1,17,3,2,17,1710,99,1,17,2,2,4,71,5
28449,2021,12,13,1,6,2,1,14,1401,99,2,31,5,5,7,71,5
28450,2021,12,13,1,6,2,1,14,1401,99,2,7,1,1,2,71,5
28451,2021,12,13,1,6,2,1,14,1401,99,2,3,1,1,1,71,5
28452,2021,12,13,1,6,2,1,14,1401,99,2,1,1,1,1,71,5
28453,2021,12,10,5,15,3,2,7,706,99,1,42,7,7,9,71,5
28454,2021,12,12,7,12,3,2,4,407,99,2,14,1,1,3,71,5
28455,2021,12,11,6,6,2,1,3,310,99,2,31,5,5,7,71,5
28456,2021,12,11,6,13,3,2,15,1504,99,1,16,2,2,4,71,5
28457,2021,12,14,2,19,4,3,1,115,99,1,14,1,1,3,71,5
28458,2021,12,14,2,23,4,3,1,108,99,2,17,2,2,4,71,5
28459,2021,12,11,6,19,4,3,14,1405,99,2,17,2,2,4,71,5
28460,2021,12,15,3,18,4,3,1,103,99,2,59,10,10,12,71,5
28461,2021,12,14,2,13,3,2,4,402,99,2,26,4,4,6,71,5
28462,2021,12,15,3,19,4,3,4,404,99,1,62,11,11,13,71,5
28463,2021,12,16,4,17,3,2,1,115,99,2,12,1,1,3,71,5
28464,2021,12,16,4,7,2,1,1,115,99,1,32,5,5,7,71,5
28465,2021,12,16,4,18,4,3,1,115,99,2,15,2,2,4,71,5
28466,2021,12,16,4,7,2,1,1,108,99,2,0,1,1,1,71,5
28467,2021,12,16,4,8,2,1,1,108,99,2,24,3,3,5,71,5
28468,2021,12,16,4,14,3,2,1,109,99,2,13,1,1,3,71,5
28469,2021,12,16,4,20,4,3,19,1901,99,1,13,1,1,3,71,5
28470,2021,12,16,4,19,4,3,2,206,99,2,14,1,1,3,71,5
28471,2021,12,16,4,17,3,2,18,1803,99,2,14,1,1,3,71,5
28472,2021,12,16,4,13,3,2,18,1804,99,2,14,1,1,3,71,5
28473,2021,12,17,5,17,3,2,1,115,99,1,23,3,3,5,71,5
28474,2021,12,17,5,21,4,3,1,114,99,1,44,7,7,9,71,5
28475,2021,12,17,5,13,3,2,1,110,99,2,17,2,2,4,71,5
28476,2021,12,17,5,6,2,1,5,511,99,1,28,4,4,6,71,5
28477,2021,12,17,5,18,4,3,11,1101,99,2,18,2,2,4,71,5
28478,2021,12,17,5,8,2,1,17,1705,99,1,12,1,1,3,71,5
28479,2021,12,17,5,10,2,1,17,1705,99,2,12,1,1,3,71,5
28480,2021,12,17,5,20,4,3,7,707,99,2,1,1,1,1,71,5
28481,2021,12,17,5,10,2,1,4,416,99,1,16,2,2,4,71,5
28482,2021,12,17,5,14,3,2,3,302,99,1,19,2,2,4,71,5
28483,2021,12,18,6,16,3,2,1,114,99,1,20,3,3,5,71,5
28484,2021,12,18,6,18,4,3,5,502,99,1,4,1,1,1,71,5
28485,2021,12,18,6,15,3,2,4,401,99,1,2,1,1,1,71,5
28486,2021,12,18,6,16,3,2,3,312,99,2,13,1,1,3,71,5
28487,2021,12,19,7,18,4,3,1,115,99,2,75,11,14,16,71,5
28488,2021,12,19,7,11,2,1,1,108,99,1,70,11,13,15,71,5
28489,2021,12,19,7,10,2,1,15,1501,99,2,24,3,3,5,71,5
28490,2021,12,19,7,10,2,1,15,1501,99,1,5,1,1,2,71,5
28491,2021,12,19,7,10,2,1,15,1501,99,1,3,1,1,1,71,5
28492,2021,12,19,7,21,4,3,4,412,99,2,38,6,6,8,71,5
28493,2021,12,20,1,1,1,1,1,114,99,1,15,2,2,4,71,5
28494,2021,12,20,1,11,2,1,1,108,99,1,74,11,13,15,71,5
28495,2021,12,20,1,11,2,1,1,108,99,2,18,2,2,4,71,5
28496,2021,12,20,1,11,2,1,11,1101,99,2,40,7,7,9,71,5
28497,2021,12,20,1,16,3,2,17,1705,99,2,15,2,2,4,71,5
28498,2021,12,20,1,8,2,1,7,701,99,2,17,2,2,4,71,5
28499,2021,12,20,1,21,4,3,3,309,99,2,16,2,2,4,71,5
28500,2021,12,21,2,7,2,1,1,116,99,2,17,2,2,4,71,5
28501,2021,12,21,2,22,4,3,1,108,99,2,34,5,5,7,71,5
28502,2021,12,21,2,16,3,2,1,108,99,2,13,1,1,3,71,5
28503,2021,12,21,2,20,4,3,22,2204,99,1,42,7,7,9,71,5
28504,2021,12,21,2,14,3,2,20,2003,99,1,19,2,2,4,71,5
28505,2021,12,21,2,3,1,1,8,801,99,2,15,2,2,4,71,5
28506,2021,12,21,2,12,3,2,17,1710,99,2,12,1,1,3,71,5
28507,2021,12,22,3,16,3,2,1,108,99,1,24,3,3,5,71,5
28508,2021,12,22,3,11,2,1,1,108,99,2,33,5,5,7,71,5
28509,2021,12,22,3,16,3,2,2,203,99,2,29,4,4,6,71,5
28510,2021,12,22,3,18,4,3,4,415,99,1,23,3,3,5,71,5
28511,2021,12,22,3,17,3,2,22,2201,99,1,45,8,8,10,71,5
28512,2021,12,22,3,11,2,1,9,901,99,2,51,9,9,11,71,5
28513,2021,12,24,5,14,3,2,1,101,18,1,15,2,2,4,71,5
28514,2021,12,24,5,16,3,2,1,115,99,2,15,2,2,4,71,5
28515,2021,12,24,5,15,3,2,1,101,21,1,57,10,10,12,71,5
28516,2021,12,24,5,11,2,1,1,112,99,1,28,4,4,6,71,5
28517,2021,12,24,5,19,4,3,19,1905,99,2,17,2,2,4,71,5
28518,2021,12,24,5,17,3,2,9,921,99,2,24,3,3,5,71,5
28519,2021,12,24,5,17,3,2,9,921,99,1,4,1,1,1,71,5
28520,2021,12,25,6,20,4,3,1,101,14,2,18,2,2,4,71,5
28521,2021,12,23,4,16,3,2,1,108,99,1,23,3,3,5,71,5
28522,2021,12,23,4,22,4,3,19,1903,99,1,17,2,2,4,71,5
28523,2021,12,25,6,13,3,2,5,502,99,2,46,8,8,10,71,5
28524,2021,12,23,4,10,2,1,9,901,99,2,30,5,5,7,71,5
28525,2021,12,25,6,9,2,1,9,920,99,2,13,1,1,3,71,5
28526,2021,12,23,4,10,2,1,7,716,99,2,38,6,6,8,71,5
28527,2021,12,23,4,10,2,1,7,716,99,2,6,1,1,2,71,5
28528,2021,12,23,4,10,2,1,7,716,99,2,4,1,1,1,71,5
28529,2021,12,20,1,23,4,3,4,401,99,1,19,2,2,4,71,5
28530,2021,12,24,5,15,3,2,1,101,12,2,18,2,2,4,71,5
28531,2021,12,25,6,20,4,3,1,117,99,2,15,2,2,4,71,5
28532,2021,12,16,4,17,3,2,1,115,99,2,67,11,12,14,71,5
28533,2021,12,25,6,19,4,3,15,1503,99,2,17,2,2,4,71,5
28534,2021,12,26,7,4,1,1,2,205,99,2,15,2,2,4,71,5
28535,2021,12,26,7,21,4,3,2,205,99,2,17,2,2,4,71,5
28536,2021,12,25,6,21,4,3,17,1712,99,1,16,2,2,4,71,5
28537,2021,12,26,7,19,4,3,4,411,99,2,15,2,2,4,71,5
28538,2021,12,24,5,8,2,1,1,114,99,2,14,1,1,3,71,5
28539,2021,12,26,7,23,4,3,1,117,99,2,15,2,2,4,71,5
28540,2021,12,24,5,7,2,1,15,1501,99,2,14,1,1,3,71,5
28541,2021,12,27,1,10,2,1,15,1501,99,2,16,2,2,4,71,5
28542,2021,12,26,7,0,1,1,4,401,99,2,16,2,2,4,71,5
28543,2021,12,20,1,14,3,2,3,302,99,1,38,6,6,8,71,5
28544,2021,12,28,2,12,3,2,1,102,99,1,42,7,7,9,71,5
28545,2021,12,27,1,14,3,2,1,117,99,2,15,2,2,4,71,5
28546,2021,12,26,7,10,2,1,1,117,99,1,24,3,3,5,71,5
28547,2021,12,26,7,10,2,1,19,1901,99,1,18,2,2,4,71,5
28548,2021,12,26,7,11,2,1,10,1010,99,1,27,4,4,6,71,5
28549,2021,12,28,2,19,4,3,9,919,99,1,44,7,7,9,71,5
28550,2021,12,28,2,19,4,3,9,919,99,1,44,7,7,9,71,5
28551,2021,12,26,7,12,3,2,2,201,99,2,15,2,2,4,71,5
28552,2021,12,26,7,6,2,1,17,1707,99,2,17,2,2,4,71,5
28553,2021,12,26,7,6,2,1,17,1707,99,1,2,1,1,1,71,5
28554,2021,12,26,7,21,4,3,17,1701,99,2,15,2,2,4,71,5
28555,2021,12,28,2,22,4,3,17,1705,99,2,13,1,1,3,71,5
28556,2021,12,23,4,17,3,2,14,1401,99,2,38,6,6,8,71,5
28557,2021,12,23,4,17,3,2,14,1401,99,2,10,1,1,3,71,5
28558,2021,12,23,4,17,3,2,14,1401,99,1,7,1,1,2,71,5
28559,2021,12,27,1,21,4,3,1,101,18,2,23,3,3,5,71,5
28560,2021,12,27,1,13,3,2,5,502,99,2,13,1,1,3,71,5
28561,2021,12,28,2,16,3,2,15,1501,99,2,14,1,1,3,71,5
28562,2021,12,27,1,20,4,3,17,1707,99,2,999,12,16,18,71,5
28563,2021,12,30,4,13,3,2,1,101,6,1,26,4,4,6,71,5
28564,2021,12,30,4,17,3,2,1,110,99,1,29,4,4,6,71,5
28565,2021,12,30,4,11,2,1,13,1301,99,2,16,2,2,4,71,5
28566,2021,12,31,5,17,3,2,1,101,7,2,17,2,2,4,71,5
28567,2021,12,31,5,1,1,1,1,115,99,2,15,2,2,4,71,5
28568,2021,12,31,5,8,2,1,20,2005,99,1,35,6,6,8,71,5
28569,2021,12,31,5,99,5,4,8,801,99,2,23,3,3,5,71,5
28570,2021,12,31,5,99,5,4,8,801,99,2,3,1,1,1,71,5
28571,2021,12,31,5,6,2,1,18,1804,99,2,13,1,1,3,71,5
28572,2021,12,31,5,14,3,2,4,406,99,2,16,2,2,4,71,5
28573,2021,11,1,1,0,1,1,1,101,1,1,36,6,6,8,24,3
28574,2021,11,1,1,19,4,3,1,101,1,1,25,4,4,6,79,3
28575,2021,11,1,1,18,4,3,1,101,13,1,37,6,6,8,79,3
28576,2021,11,1,1,9,2,1,1,101,10,1,22,3,3,5,79,3
28577,2021,11,1,1,23,4,3,1,115,99,1,42,7,7,9,24,3
28578,2021,11,1,1,8,2,1,1,114,99,1,20,3,3,5,79,3
28579,2021,11,1,1,14,3,2,1,116,99,2,28,4,4,6,24,3
28580,2021,11,1,1,20,4,3,1,116,99,1,40,7,7,9,79,3
28581,2021,11,1,1,17,3,2,1,108,99,1,29,4,4,6,79,3
28582,2021,11,1,1,6,2,1,5,501,99,2,31,5,5,7,24,3
28583,2021,11,1,1,21,4,3,5,501,99,1,40,7,7,9,79,3
28584,2021,11,1,1,17,3,2,5,507,99,1,50,9,9,11,79,3
28585,2021,11,1,1,7,2,1,10,1010,99,1,29,4,4,6,79,3
28586,2021,11,1,1,16,3,2,18,1804,99,2,23,3,3,5,24,3
28587,2021,11,1,1,18,4,3,17,1703,99,1,33,5,5,7,24,3
28588,2021,11,1,1,17,3,2,3,314,99,1,34,5,5,7,24,3
28589,2021,11,1,1,12,3,2,1,101,19,1,57,10,10,12,79,3
28590,2021,11,1,1,11,2,1,5,502,99,2,19,2,2,4,24,3
28591,2021,11,1,1,20,4,3,1,101,12,1,23,3,3,5,24,3
28592,2021,11,1,1,10,2,1,1,114,99,1,40,7,7,9,79,3
28593,2021,11,2,2,7,2,1,1,115,99,1,28,4,4,6,79,3
28594,2021,11,2,2,19,4,3,1,101,12,1,23,3,3,5,24,3
28595,2021,11,2,2,19,4,3,1,101,12,1,25,4,4,6,24,3
28596,2021,11,2,2,13,3,2,1,115,99,1,20,3,3,5,79,3
28597,2021,11,2,2,19,4,3,1,115,99,1,25,4,4,6,24,3
28598,2021,11,2,2,5,1,1,1,108,99,1,26,4,4,6,79,3
28599,2021,11,2,2,18,4,3,10,1008,99,1,23,3,3,5,24,3
28600,2021,11,2,2,7,2,1,5,509,99,1,23,3,3,5,24,3
28601,2021,11,2,2,6,2,1,5,505,99,1,62,11,11,13,24,3
28602,2021,11,3,3,21,4,3,1,101,6,1,21,3,3,5,24,3
28603,2021,11,3,3,23,4,3,1,108,99,1,33,5,5,7,79,3
28604,2021,11,3,3,14,3,2,1,101,6,1,25,4,4,6,79,3
28605,2021,11,3,3,19,4,3,1,101,18,1,32,5,5,7,79,3
28606,2021,11,3,3,22,4,3,1,101,18,1,27,4,4,6,24,3
28607,2021,11,3,3,5,1,1,1,101,9,1,21,3,3,5,24,3
28608,2021,11,3,3,15,3,2,1,101,1,1,29,4,4,6,79,3
28609,2021,11,4,4,4,1,1,1,101,7,1,25,4,4,6,24,3
28610,2021,11,4,4,9,2,1,1,101,12,1,40,7,7,9,24,3
28611,2021,11,4,4,1,1,1,1,102,99,2,33,5,5,7,24,3
28612,2021,11,4,4,3,1,1,1,101,11,1,28,4,4,6,24,3
28613,2021,11,4,4,22,4,3,19,1903,99,1,35,6,6,8,79,3
28614,2021,11,4,4,1,1,1,5,505,99,1,60,11,11,13,79,3
28615,2021,11,4,4,4,1,1,5,501,99,1,18,2,2,4,24,3
28616,2021,11,4,4,12,3,2,5,505,99,1,38,6,6,8,24,3
28617,2021,11,4,4,20,4,3,1,108,99,1,28,4,4,6,79,3
28618,2021,11,4,4,20,4,3,18,1804,99,1,44,7,7,9,79,3
28619,2021,11,4,4,22,4,3,1,101,7,1,28,4,4,6,79,3
28620,2021,11,5,5,9,2,1,1,101,1,1,21,3,3,5,79,3
28621,2021,11,5,5,6,2,1,1,101,7,1,65,11,12,14,79,3
28622,2021,11,5,5,9,2,1,1,101,14,1,23,3,3,5,79,3
28623,2021,11,5,5,16,3,2,1,101,7,1,18,2,2,4,79,3
28624,2021,11,5,5,20,4,3,1,114,99,1,46,8,8,10,79,3
28625,2021,11,5,5,1,1,1,1,108,99,1,26,4,4,6,24,3
28626,2021,11,5,5,20,4,3,1,101,19,1,23,3,3,5,79,3
28627,2021,11,5,5,11,2,1,5,501,99,1,37,6,6,8,24,3
28628,2021,11,5,5,19,4,3,5,509,99,1,23,3,3,5,24,3
28629,2021,11,5,5,20,4,3,5,501,99,1,37,6,6,8,24,3
28630,2021,11,5,5,20,4,3,4,416,99,1,31,5,5,7,79,3
28631,2021,11,5,5,19,4,3,5,501,99,1,39,6,6,8,24,3
28632,2021,11,5,5,19,4,3,5,501,99,1,39,6,6,8,79,3
28633,2021,11,5,5,23,4,3,3,312,99,1,25,4,4,6,24,3
28634,2021,11,6,6,9,2,1,1,101,17,2,31,5,5,7,79,3
28635,2021,11,6,6,10,2,1,1,101,12,1,23,3,3,5,24,3
28636,2021,11,6,6,21,4,3,1,101,7,2,26,4,4,6,79,3
28637,2021,11,6,6,16,3,2,1,114,99,1,25,4,4,6,79,3
28638,2021,11,6,6,0,1,1,1,108,99,1,19,2,2,4,79,3
28639,2021,11,6,6,20,4,3,1,108,99,1,24,3,3,5,24,3
28640,2021,11,6,6,17,3,2,5,509,99,1,45,8,8,10,24,3
28641,2021,11,6,6,14,3,2,5,501,99,1,27,4,4,6,79,3
28642,2021,11,6,6,21,4,3,5,501,99,1,34,5,5,7,79,3
28643,2021,11,6,6,7,2,1,18,1804,99,2,34,5,5,7,24,3
28644,2021,11,6,6,18,4,3,1,114,99,1,27,4,4,6,24,3
28645,2021,11,7,7,20,4,3,1,101,10,1,21,3,3,5,79,3
28646,2021,11,7,7,2,1,1,1,115,99,1,34,5,5,7,79,3
28647,2021,11,7,7,2,1,1,1,101,7,2,31,5,5,7,79,3
28648,2021,11,7,7,13,3,2,1,114,99,1,41,7,7,9,79,3
28649,2021,11,7,7,11,2,1,13,1301,99,1,55,10,10,12,24,3
28650,2021,11,7,7,20,4,3,4,403,99,1,33,5,5,7,79,3
28651,2021,11,7,7,15,3,2,1,101,18,1,28,4,4,6,79,3
28652,2021,11,7,7,11,2,1,1,114,99,1,22,3,3,5,79,3
28653,2021,11,7,7,20,4,3,5,501,99,1,39,6,6,8,24,3
28654,2021,11,8,1,16,3,2,1,101,5,1,45,8,8,10,79,3
28655,2021,11,8,1,20,4,3,1,101,10,2,22,3,3,5,24,3
28656,2021,11,8,1,16,3,2,1,115,99,1,59,10,10,12,79,3
28657,2021,11,8,1,20,4,3,1,114,99,1,21,3,3,5,24,3
28658,2021,11,8,1,20,4,3,1,117,99,1,27,4,4,6,24,3
28659,2021,11,8,1,5,1,1,5,501,99,1,23,3,3,5,24,3
28660,2021,11,8,1,9,2,1,5,502,99,1,21,3,3,5,24,3
28661,2021,11,8,1,18,4,3,5,501,99,1,46,8,8,10,79,3
28662,2021,11,8,1,8,2,1,5,503,99,1,23,3,3,5,79,3
28663,2021,11,8,1,20,4,3,5,502,99,1,24,3,3,5,79,3
28664,2021,11,8,1,21,4,3,4,401,99,1,51,9,9,11,79,3
28665,2021,11,8,1,13,3,2,1,101,4,1,30,5,5,7,79,3
28666,2021,11,8,1,23,4,3,4,401,99,1,32,5,5,7,79,3
28667,2021,11,9,2,21,4,3,1,101,7,1,22,3,3,5,79,3
28668,2021,11,9,2,19,4,3,1,101,17,1,25,4,4,6,79,3
28669,2021,11,9,2,17,3,2,1,101,10,1,29,4,4,6,79,3
28670,2021,11,9,2,7,2,1,1,101,10,1,19,2,2,4,79,3
28671,2021,11,9,2,9,2,1,1,101,12,1,23,3,3,5,79,3
28672,2021,11,9,2,17,3,2,1,115,99,1,24,3,3,5,79,3
28673,2021,11,9,2,20,4,3,1,101,19,1,23,3,3,5,79,3
28674,2021,11,9,2,20,4,3,22,2201,99,1,20,3,3,5,24,3
28675,2021,11,9,2,19,4,3,5,501,99,2,41,7,7,9,24,3
28676,2021,11,9,2,16,3,2,11,1108,99,2,20,3,3,5,24,3
28677,2021,11,9,2,20,4,3,1,109,99,1,19,2,2,4,24,3
28678,2021,11,9,2,8,2,1,5,501,99,1,39,6,6,8,24,3
28679,2021,11,9,2,23,4,3,10,1010,99,2,42,7,7,9,79,3
28680,2021,11,9,2,21,4,3,1,101,18,1,37,6,6,8,79,3
28681,2021,11,9,2,19,4,3,1,106,99,2,32,5,5,7,79,3
28682,2021,11,9,2,23,4,3,1,101,11,1,23,3,3,5,24,3
28683,2021,11,10,3,13,3,2,1,101,13,2,32,5,5,7,79,3
28684,2021,11,10,3,14,3,2,1,101,5,1,36,6,6,8,79,3
28685,2021,11,10,3,20,4,3,1,115,99,1,42,7,7,9,79,3
28686,2021,11,10,3,16,3,2,18,1804,99,1,27,4,4,6,79,3
28687,2021,11,10,3,10,2,1,1,115,99,1,28,4,4,6,79,3
28688,2021,11,10,3,11,2,1,1,101,7,1,30,5,5,7,24,3
28689,2021,11,10,3,17,3,2,1,110,99,1,35,6,6,8,79,3
28690,2021,11,10,3,23,4,3,1,108,99,1,20,3,3,5,24,3
28691,2021,11,10,3,20,4,3,4,401,99,2,30,5,5,7,24,3
28692,2021,11,10,3,12,3,2,1,101,18,1,34,5,5,7,24,3
28693,2021,11,10,3,11,2,1,1,101,1,1,34,5,5,7,24,3
28694,2021,11,10,3,4,1,1,13,1301,99,1,32,5,5,7,24,3
28695,2021,11,10,3,22,4,3,1,101,3,1,22,3,3,5,24,3
28696,2021,11,11,4,4,1,1,1,101,10,1,25,4,4,6,24,3
28697,2021,11,11,4,4,1,1,1,114,99,1,26,4,4,6,79,3
28698,2021,11,11,4,23,4,3,5,505,99,1,38,6,6,8,79,3
28699,2021,11,11,4,5,1,1,1,101,11,2,22,3,3,5,79,3
28700,2021,11,11,4,21,4,3,1,115,99,1,21,3,3,5,79,3
28701,2021,11,11,4,20,4,3,1,101,14,1,19,2,2,4,79,3
28702,2021,11,12,5,11,2,1,1,101,10,1,24,3,3,5,79,3
28703,2021,11,12,5,7,2,1,1,101,12,1,26,4,4,6,79,3
28704,2021,11,12,5,15,3,2,1,114,99,1,30,5,5,7,79,3
28705,2021,11,12,5,13,3,2,1,108,99,1,23,3,3,5,79,3
28706,2021,11,12,5,13,3,2,1,108,99,1,26,4,4,6,24,3
28707,2021,11,12,5,10,2,1,5,501,99,1,30,5,5,7,79,3
28708,2021,11,12,5,15,3,2,5,502,99,1,63,11,11,13,24,3
28709,2021,11,12,5,23,4,3,1,115,99,1,26,4,4,6,24,3
28710,2021,11,12,5,19,4,3,1,101,6,1,32,5,5,7,24,3
28711,2021,11,12,5,23,4,3,5,501,99,1,41,7,7,9,24,3
28712,2021,11,12,5,12,3,2,20,2002,99,1,29,4,4,6,79,3
28713,2021,11,12,5,18,4,3,1,101,1,1,31,5,5,7,79,3
28714,2021,11,13,6,19,4,3,1,101,1,1,22,3,3,5,24,3
28715,2021,11,13,6,8,2,1,1,101,13,1,32,5,5,7,79,3
28716,2021,11,13,6,17,3,2,1,115,99,1,57,10,10,12,79,3
28717,2021,11,13,6,15,3,2,1,108,99,1,25,4,4,6,79,3
28718,2021,11,13,6,16,3,2,1,108,99,1,25,4,4,6,24,3
28719,2021,11,13,6,13,3,2,20,2001,99,1,33,5,5,7,79,3
28720,2021,11,13,6,5,1,1,5,501,99,1,48,8,8,10,79,3
28721,2021,11,13,6,7,2,1,18,1804,99,2,36,6,6,8,79,3
28722,2021,11,13,6,0,1,1,17,1701,99,1,41,7,7,9,79,3
28723,2021,11,13,6,16,3,2,18,1804,99,1,23,3,3,5,79,3
28724,2021,11,13,6,20,4,3,18,1804,99,1,34,5,5,7,79,3
28725,2021,11,13,6,19,4,3,18,1801,99,1,52,9,9,11,79,3
28726,2021,11,13,6,23,4,3,17,1701,99,1,20,3,3,5,79,3
28727,2021,11,13,6,21,4,3,3,301,99,1,25,4,4,6,79,3
28728,2021,11,13,6,18,4,3,14,1401,99,1,24,3,3,5,79,3
28729,2021,11,13,6,23,4,3,1,114,99,1,40,7,7,9,79,3
28730,2021,11,14,7,8,2,1,1,114,99,2,48,8,8,10,79,3
28731,2021,11,14,7,15,3,2,1,101,19,1,25,4,4,6,24,3
28732,2021,11,14,7,5,1,1,5,501,99,2,45,8,8,10,24,3
28733,2021,11,14,7,13,3,2,5,509,99,1,35,6,6,8,24,3
28734,2021,11,14,7,13,3,2,5,509,99,1,43,7,7,9,24,3
28735,2021,11,14,7,16,3,2,14,1412,99,1,34,5,5,7,79,3
28736,2021,11,14,7,19,4,3,4,401,99,2,21,3,3,5,79,3
28737,2021,11,14,7,14,3,2,1,114,99,1,24,3,3,5,79,3
28738,2021,11,14,7,11,2,1,5,501,99,1,27,4,4,6,79,3
28739,2021,11,14,7,18,4,3,9,901,99,1,31,5,5,7,79,3
28740,2021,11,14,7,12,3,2,5,501,99,1,21,3,3,5,24,3
28741,2021,11,14,7,23,4,3,1,116,99,1,23,3,3,5,24,3
28742,2021,11,14,7,22,4,3,10,1002,99,1,33,5,5,7,79,3
28743,2021,11,14,7,0,1,1,11,1101,99,1,17,2,2,4,24,3
28744,2021,11,15,1,5,1,1,1,101,18,1,47,8,8,10,24,3
28745,2021,11,15,1,19,4,3,1,101,6,1,19,2,2,4,79,3
28746,2021,11,15,1,8,2,1,1,101,18,1,37,6,6,8,79,3
28747,2021,11,15,1,10,2,1,1,101,10,1,34,5,5,7,79,3
28748,2021,11,15,1,18,4,3,1,101,5,1,46,8,8,10,79,3
28749,2021,11,15,1,5,1,1,1,101,12,1,28,4,4,6,24,3
28750,2021,11,15,1,14,3,2,1,115,99,1,27,4,4,6,24,3
28751,2021,11,15,1,3,1,1,1,108,99,1,36,6,6,8,24,3
28752,2021,11,15,1,11,2,1,1,108,99,1,28,4,4,6,24,3
28753,2021,11,15,1,7,2,1,1,101,4,1,38,6,6,8,79,3
28754,2021,11,15,1,12,3,2,1,101,4,2,23,3,3,5,79,3
28755,2021,11,15,1,21,4,3,1,107,99,1,20,3,3,5,79,3
28756,2021,11,15,1,20,4,3,1,101,14,1,31,5,5,7,79,3
28757,2021,11,15,1,7,2,1,3,303,99,2,31,5,5,7,79,3
28758,2021,11,15,1,18,4,3,1,115,99,2,33,5,5,7,24,3
28759,2021,11,16,2,1,1,1,1,101,12,1,24,3,3,5,24,3
28760,2021,11,16,2,3,1,1,1,101,12,2,27,4,4,6,24,3
28761,2021,11,16,2,19,4,3,1,101,12,1,33,5,5,7,24,3
28762,2021,11,16,2,6,2,1,1,115,99,1,21,3,3,5,79,3
28763,2021,11,16,2,19,4,3,1,114,99,1,26,4,4,6,79,3
28764,2021,11,16,2,6,2,1,5,501,99,1,34,5,5,7,79,3
28765,2021,11,16,2,20,4,3,10,1003,99,1,24,3,3,5,79,3
28766,2021,11,16,2,11,2,1,15,1504,99,2,39,6,6,8,79,3
28767,2021,11,16,2,8,2,1,18,1801,99,2,49,8,8,10,24,3
28768,2021,11,16,2,20,4,3,1,101,17,1,26,4,4,6,24,3
28769,2021,11,16,1,11,2,1,5,501,99,2,25,4,4,6,24,3
28770,2021,11,16,2,22,4,3,1,101,21,1,30,5,5,7,79,3
28771,2021,11,16,2,10,2,1,1,117,99,1,23,3,3,5,79,3
28772,2021,11,16,2,20,4,3,5,506,99,1,32,5,5,7,24,3
28773,2021,11,16,2,11,2,1,18,1804,99,2,44,7,7,9,24,3
28774,2021,11,16,2,20,4,3,4,403,99,1,35,6,6,8,79,3
28775,2021,11,16,2,10,2,1,1,101,9,1,42,7,7,9,79,3
28776,2021,11,16,2,7,2,1,1,101,4,1,26,4,4,6,79,3
28777,2021,11,16,2,20,4,3,1,101,6,1,29,4,4,6,79,3
28778,2021,11,17,3,10,2,1,1,105,99,1,22,3,3,5,79,3
28779,2021,11,17,3,4,1,1,1,101,13,1,23,3,3,5,24,3
28780,2021,11,17,3,15,3,2,1,101,12,1,999,12,16,18,79,3
28781,2021,11,17,3,12,3,2,1,101,7,1,28,4,4,6,79,3
28782,2021,11,17,3,20,4,3,1,115,99,1,28,4,4,6,79,3
28783,2021,11,17,3,14,3,2,1,108,99,1,22,3,3,5,24,3
28784,2021,11,17,3,18,4,3,5,507,99,1,19,2,2,4,24,3
28785,2021,11,17,3,18,4,3,5,502,99,1,22,3,3,5,79,3
28786,2021,11,17,3,22,4,3,5,501,99,1,27,4,4,6,79,3
28787,2021,11,17,3,7,2,1,1,102,99,1,31,5,5,7,79,3
28788,2021,11,17,3,8,2,1,5,501,99,1,45,8,8,10,79,3
28789,2021,11,17,3,14,3,2,6,601,99,2,69,11,12,14,79,3
28790,2021,11,17,3,7,2,1,3,301,99,1,32,5,5,7,79,3
28791,2021,11,17,3,6,2,1,5,501,99,1,33,5,5,7,24,3
28792,2021,11,18,4,19,4,3,1,115,99,1,35,6,6,8,79,3
28793,2021,11,18,4,16,3,2,1,116,99,1,27,4,4,6,79,3
28794,2021,11,18,4,20,4,3,1,108,99,1,59,10,10,12,79,3
28795,2021,11,18,4,20,4,3,1,108,99,1,21,3,3,5,24,3
28796,2021,11,18,4,8,2,1,5,510,99,1,18,2,2,4,79,3
28797,2021,11,18,4,8,2,1,1,101,9,1,37,6,6,8,24,3
28798,2021,11,19,5,16,3,2,1,113,99,1,27,4,4,6,79,3
28799,2021,11,19,5,14,3,2,1,101,5,1,52,9,9,11,79,3
28800,2021,11,19,5,6,2,1,5,501,99,2,40,7,7,9,24,3
28801,2021,11,19,5,4,1,1,5,502,99,1,19,2,2,4,24,3
28802,2021,11,19,5,10,2,1,10,1002,99,1,44,7,7,9,79,3
28803,2021,11,19,5,12,3,2,3,312,99,2,24,3,3,5,79,3
28804,2021,11,19,5,23,4,3,1,108,99,1,32,5,5,7,79,3
28805,2021,11,19,5,15,3,2,5,509,99,1,22,3,3,5,79,3
28806,2021,11,19,5,21,4,3,5,501,99,1,25,4,4,6,79,3
28807,2021,11,20,6,3,1,1,1,101,7,1,27,4,4,6,24,3
28808,2021,11,20,6,4,1,1,1,114,99,1,24,3,3,5,79,3
28809,2021,11,20,6,23,4,3,1,101,13,1,26,4,4,6,79,3
28810,2021,11,20,6,17,3,2,1,115,99,1,25,4,4,6,79,3
28811,2021,11,20,6,10,2,1,20,2001,99,1,27,4,4,6,79,3
28812,2021,11,20,6,15,3,2,16,1604,99,1,22,3,3,5,79,3
28813,2021,11,20,6,22,4,3,21,2106,99,1,30,5,5,7,79,3
28814,2021,11,20,6,23,4,3,5,505,99,1,21,3,3,5,24,3
28815,2021,11,20,6,18,4,3,5,506,99,1,33,5,5,7,24,3
28816,2021,11,20,6,21,4,3,6,602,99,1,31,5,5,7,79,3
28817,2021,11,20,6,21,4,3,1,109,99,1,52,9,9,11,79,3
28818,2021,11,21,7,7,2,1,1,101,21,1,34,5,5,7,79,3
28819,2021,11,21,7,21,4,3,1,101,12,1,32,5,5,7,79,3
28820,2021,11,21,7,20,4,3,1,103,99,1,19,2,2,4,79,3
28821,2021,11,21,7,19,4,3,19,1905,99,1,21,3,3,5,24,3
28822,2021,11,21,7,5,1,1,5,501,99,1,30,5,5,7,24,3
28823,2021,11,21,7,20,4,3,5,510,99,1,51,9,9,11,24,3
28824,2021,11,21,7,19,4,3,5,501,99,1,28,4,4,6,24,3
28825,2021,11,21,7,15,3,2,17,1706,99,2,27,4,4,6,79,3
28826,2021,11,21,7,20,4,3,17,1701,99,1,19,2,2,4,79,3
28827,2021,11,21,7,9,2,1,4,407,99,1,31,5,5,7,79,3
28828,2021,11,21,7,17,3,2,1,116,99,1,21,3,3,5,79,3
28829,2021,11,21,7,23,4,3,1,108,99,2,28,4,4,6,79,3
28830,2021,11,21,7,20,4,3,1,110,99,1,35,6,6,8,79,3
28831,2021,11,21,7,20,4,3,1,108,99,1,22,3,3,5,79,3
28832,2021,11,21,7,0,1,1,5,501,99,1,28,4,4,6,79,3
28833,2021,11,21,7,16,3,2,6,602,99,2,34,5,5,7,79,3
28834,2021,11,21,7,22,4,3,1,117,99,1,29,4,4,6,24,3
28835,2021,11,22,1,12,3,2,1,101,12,1,21,3,3,5,79,3
28836,2021,11,22,1,21,4,3,1,101,7,1,23,3,3,5,24,3
28837,2021,11,22,1,13,3,2,1,105,99,2,55,10,10,12,79,3
28838,2021,11,22,1,6,2,1,1,101,10,2,45,8,8,10,24,3
28839,2021,11,22,1,20,4,3,1,102,99,1,26,4,4,6,79,3
28840,2021,11,22,1,18,4,3,1,114,99,2,38,6,6,8,79,3
28841,2021,11,22,1,16,3,2,1,108,99,1,39,6,6,8,79,3
28842,2021,11,22,1,5,1,1,5,501,99,1,22,3,3,5,24,3
28843,2021,11,22,1,10,2,1,1,101,12,1,27,4,4,6,79,3
28844,2021,11,22,1,17,3,2,3,301,99,1,44,7,7,9,79,3
28845,2021,11,23,2,20,4,3,1,114,99,1,26,4,4,6,79,3
28846,2021,11,23,2,5,1,1,5,501,99,2,24,3,3,5,24,3
28847,2021,11,23,2,23,4,3,5,501,99,1,21,3,3,5,24,3
28848,2021,11,23,2,4,1,1,5,501,99,2,22,3,3,5,24,3
28849,2021,11,23,2,5,1,1,5,501,99,1,26,4,4,6,24,3
28850,2021,11,23,2,12,3,2,5,501,99,2,36,6,6,8,79,3
28851,2021,11,23,2,10,2,1,11,1107,99,2,25,4,4,6,79,3
28852,2021,11,23,2,21,4,3,1,108,99,1,999,12,16,18,24,3
28853,2021,11,23,2,23,4,3,1,101,18,2,23,3,3,5,79,3
28854,2021,11,23,2,21,4,3,1,114,99,1,20,3,3,5,79,3
28855,2021,11,23,2,22,4,3,1,108,99,1,23,3,3,5,79,3
28856,2021,11,23,2,20,4,3,4,401,99,1,22,3,3,5,79,3
28857,2021,11,23,2,9,2,1,1,101,4,1,35,6,6,8,79,3
28858,2021,11,23,2,21,4,3,5,501,99,1,33,5,5,7,24,3
28859,2021,11,23,2,13,3,2,5,504,99,1,38,6,6,8,79,3
28860,2021,11,24,3,8,2,1,1,101,13,1,28,4,4,6,79,3
28861,2021,11,24,3,15,3,2,1,101,10,1,22,3,3,5,79,3
28862,2021,11,24,3,4,1,1,5,501,99,1,22,3,3,5,24,3
28863,2021,11,24,3,19,4,3,10,1002,99,2,22,3,3,5,24,3
28864,2021,11,24,3,20,4,3,10,1002,99,1,20,3,3,5,24,3
28865,2021,11,24,3,20,4,3,13,1301,99,1,20,3,3,5,79,3
28866,2021,11,24,3,18,4,3,2,208,99,1,21,3,3,5,79,3
28867,2021,11,24,3,8,2,1,14,1401,99,1,24,3,3,5,79,3
28868,2021,11,24,3,9,2,1,1,101,9,1,23,3,3,5,79,3
28869,2021,11,24,3,8,2,1,1,114,99,1,29,4,4,6,79,3
28870,2021,11,24,3,23,4,3,5,509,99,1,25,4,4,6,79,3
28871,2021,11,24,3,19,4,3,1,101,25,1,31,5,5,7,24,3
28872,2021,11,25,4,6,2,1,1,106,99,1,34,5,5,7,79,3
28873,2021,11,25,4,11,2,1,1,101,14,1,46,8,8,10,79,3
28874,2021,11,25,4,16,3,2,1,101,13,1,26,4,4,6,79,3
28875,2021,11,25,4,10,2,1,1,101,11,2,25,4,4,6,79,3
28876,2021,11,25,4,5,1,1,1,101,12,1,42,7,7,9,79,3
28877,2021,11,25,4,5,1,1,5,505,99,1,29,4,4,6,24,3
28878,2021,11,25,4,17,3,2,11,1101,99,1,36,6,6,8,79,3
28879,2021,11,25,4,20,4,3,1,101,15,1,21,3,3,5,24,3
28880,2021,11,26,5,12,3,2,1,101,4,2,25,4,4,6,79,3
28881,2021,11,26,5,16,3,2,1,101,13,1,20,3,3,5,79,3
28882,2021,11,26,5,16,3,2,1,101,12,1,23,3,3,5,24,3
28883,2021,11,26,5,18,4,3,1,101,19,1,29,4,4,6,24,3
28884,2021,11,26,5,5,1,1,5,501,99,1,31,5,5,7,24,3
28885,2021,11,26,5,5,1,1,5,505,99,1,24,3,3,5,79,3
28886,2021,11,26,5,12,3,2,5,501,99,1,24,3,3,5,24,3
28887,2021,11,26,5,19,4,3,5,501,99,2,19,2,2,4,24,3
28888,2021,11,26,5,0,1,1,5,505,99,1,46,8,8,10,24,3
28889,2021,11,26,5,20,4,3,5,502,99,1,23,3,3,5,79,3
28890,2021,11,26,5,12,3,2,6,601,99,1,26,4,4,6,79,3
28891,2021,11,26,5,23,4,3,1,101,7,1,38,6,6,8,24,3
28892,2021,11,26,5,23,4,3,1,108,99,1,45,8,8,10,24,3
28893,2021,11,26,5,18,4,3,17,1707,99,1,19,2,2,4,24,3
28894,2021,11,26,5,19,4,3,18,1801,99,2,25,4,4,6,24,3
28895,2021,11,26,5,23,4,3,11,1101,99,1,48,8,8,10,24,3
28896,2021,11,26,5,23,4,3,11,1101,99,1,25,4,4,6,24,3
28897,2021,11,26,5,23,4,3,1,108,99,1,20,3,3,5,24,3
28898,2021,11,27,6,12,3,2,1,101,13,1,27,4,4,6,24,3
28899,2021,11,27,6,4,1,1,1,101,12,2,32,5,5,7,24,3
28900,2021,11,27,6,22,4,3,1,115,99,1,39,6,6,8,24,3
28901,2021,11,27,6,17,3,2,5,513,99,1,53,9,9,11,24,3
28902,2021,11,27,6,18,4,3,18,1804,99,1,49,8,8,10,24,3
28903,2021,11,27,6,4,1,1,17,1703,99,1,66,11,12,14,79,3
28904,2021,11,27,6,22,4,3,5,501,99,2,38,6,6,8,79,3
28905,2021,11,27,6,21,4,3,1,116,99,1,33,5,5,7,24,3
28906,2021,11,28,7,11,2,1,1,101,18,1,42,7,7,9,79,3
28907,2021,11,28,7,13,3,2,1,101,13,1,35,6,6,8,79,3
28908,2021,11,28,7,18,4,3,1,101,5,1,36,6,6,8,79,3
28909,2021,11,28,7,5,1,1,1,101,12,2,32,5,5,7,79,3
28910,2021,11,28,7,15,3,2,5,501,99,2,24,3,3,5,79,3
28911,2021,11,28,7,6,2,1,11,1101,99,1,35,6,6,8,79,3
28912,2021,11,28,7,10,2,1,2,201,99,1,48,8,8,10,79,3
28913,2021,11,28,7,13,3,2,18,1801,99,1,38,6,6,8,79,3
28914,2021,11,28,7,18,4,3,18,1801,99,2,19,2,2,4,79,3
28915,2021,11,28,7,4,1,1,1,108,99,1,23,3,3,5,79,3
28916,2021,11,28,7,16,3,2,3,310,99,1,51,9,9,11,79,3
28917,2021,11,28,7,21,4,3,1,115,99,1,22,3,3,5,79,3
28918,2021,11,28,7,19,4,3,1,108,99,1,23,3,3,5,24,3
28919,2021,11,28,7,20,4,3,1,101,17,1,25,4,4,6,24,3
28920,2021,11,28,7,8,2,1,5,501,99,1,25,4,4,6,79,3
28921,2021,11,29,1,5,1,1,1,101,12,1,21,3,3,5,24,3
28922,2021,11,29,1,13,3,2,1,101,7,1,22,3,3,5,79,3
28923,2021,11,29,1,17,3,2,1,117,99,1,26,4,4,6,79,3
28924,2021,11,29,1,10,2,1,10,1008,99,1,31,5,5,7,24,3
28925,2021,11,29,1,19,4,3,4,413,99,1,20,3,3,5,79,3
28926,2021,11,29,1,19,4,3,4,413,99,1,21,3,3,5,79,3
28927,2021,11,29,1,15,3,2,4,413,99,1,26,4,4,6,79,3
28928,2021,11,29,1,20,4,3,5,501,99,1,22,3,3,5,24,3
28929,2021,11,29,1,23,4,3,3,312,99,2,31,5,5,7,79,3
28930,2021,11,29,1,5,1,1,5,502,99,1,29,4,4,6,79,3
28931,2021,11,30,2,12,3,2,6,612,99,1,32,5,5,7,24,3
28932,2021,11,30,2,12,3,2,1,101,7,1,27,4,4,6,79,3
28933,2021,11,30,2,19,4,3,1,108,99,1,20,3,3,5,79,3
28934,2021,11,30,2,19,4,3,5,501,99,1,22,3,3,5,24,3
28935,2021,12,1,3,10,2,1,1,101,8,1,32,5,5,7,79,3
28936,2021,12,1,3,6,2,1,1,101,4,1,23,3,3,5,79,3
28937,2021,12,1,3,21,4,3,1,101,18,1,35,6,6,8,79,3
28938,2021,12,1,3,19,4,3,1,101,18,1,25,4,4,6,24,3
28939,2021,12,1,3,14,3,2,1,101,6,1,20,3,3,5,79,3
28940,2021,12,1,3,7,2,1,1,101,18,1,20,3,3,5,79,3
28941,2021,12,1,3,4,1,1,1,101,11,1,999,12,16,18,24,3
28942,2021,12,1,3,22,4,3,1,117,99,1,33,5,5,7,24,3
28943,2021,12,1,3,21,4,3,1,117,99,1,25,4,4,6,24,3
28944,2021,12,1,3,17,3,2,1,115,99,2,30,5,5,7,79,3
28945,2021,12,1,3,5,1,1,5,505,99,1,24,3,3,5,24,3
28946,2021,12,1,3,13,3,2,5,501,99,2,31,5,5,7,24,3
28947,2021,12,1,3,19,4,3,5,511,99,1,29,4,4,6,79,3
28948,2021,12,1,3,19,4,3,5,506,99,1,31,5,5,7,24,3
28949,2021,12,1,3,23,4,3,5,513,99,1,34,5,5,7,24,3
28950,2021,12,1,3,12,3,2,5,501,99,1,37,6,6,8,24,3
28951,2021,12,1,3,5,1,1,11,1102,99,1,27,4,4,6,79,3
28952,2021,12,1,3,11,2,1,3,303,99,2,67,11,12,14,79,3
28953,2021,12,1,3,10,2,1,3,314,99,2,27,4,4,6,79,3
28954,2021,12,2,4,7,2,1,1,101,9,1,21,3,3,5,79,3
28955,2021,12,2,4,16,3,2,1,101,3,1,41,7,7,9,24,3
28956,2021,12,2,4,9,2,1,1,101,9,1,31,5,5,7,24,3
28957,2021,12,2,4,9,2,1,1,101,10,1,38,6,6,8,79,3
28958,2021,12,2,4,3,1,1,1,101,12,1,24,3,3,5,24,3
28959,2021,12,2,4,7,2,1,1,101,12,1,28,4,4,6,79,3
28960,2021,12,2,4,19,4,3,1,116,99,2,24,3,3,5,79,3
28961,2021,12,2,4,20,4,3,1,115,99,1,25,4,4,6,79,3
28962,2021,12,2,4,14,3,2,1,108,99,1,999,12,16,18,24,3
28963,2021,12,2,4,16,3,2,1,108,99,1,32,5,5,7,79,3
28964,2021,12,2,4,1,1,1,5,501,99,2,34,5,5,7,24,3
28965,2021,12,2,4,9,2,1,5,506,99,1,31,5,5,7,24,3
28966,2021,12,2,4,18,4,3,5,502,99,1,28,4,4,6,24,3
28967,2021,12,2,4,15,3,2,5,505,99,1,23,3,3,5,24,3
28968,2021,12,2,4,10,2,1,5,510,99,1,43,7,7,9,79,3
28969,2021,12,2,4,19,4,3,4,414,99,1,29,4,4,6,79,3
28970,2021,12,2,4,12,3,2,3,301,99,1,45,8,8,10,79,3
28971,2021,12,3,5,5,1,1,1,101,8,1,24,3,3,5,24,3
28972,2021,12,3,5,4,1,1,1,101,13,1,27,4,4,6,24,3
28973,2021,12,3,5,0,1,1,1,102,99,1,35,6,6,8,79,3
28974,2021,12,3,5,0,1,1,1,102,99,1,35,6,6,8,79,3
28975,2021,12,3,5,15,3,2,1,114,99,1,20,3,3,5,79,3
28976,2021,12,3,5,17,3,2,1,115,99,2,42,7,7,9,79,3
28977,2021,12,3,5,20,4,3,1,108,99,1,30,5,5,7,79,3
28978,2021,12,3,5,10,2,1,22,2201,99,1,31,5,5,7,79,3
28979,2021,12,3,5,12,3,2,21,2106,99,1,31,5,5,7,24,3
28980,2021,12,3,5,19,4,3,20,2009,99,1,29,4,4,6,79,3
28981,2021,12,3,5,12,3,2,5,506,99,1,43,7,7,9,24,3
28982,2021,12,3,5,9,2,1,5,501,99,1,18,2,2,4,79,3
28983,2021,12,3,5,17,3,2,5,501,99,2,31,5,5,7,79,3
28984,2021,12,3,5,13,3,2,5,505,99,1,34,5,5,7,24,3
28985,2021,12,3,5,15,3,2,16,1601,99,1,22,3,3,5,24,3
28986,2021,12,3,5,18,4,3,3,301,99,1,19,2,2,4,79,3
28987,2021,12,4,6,21,4,3,1,106,99,1,34,5,5,7,79,3
28988,2021,12,4,6,18,4,3,1,101,21,1,28,4,4,6,79,3
28989,2021,12,4,6,0,1,1,1,115,99,1,21,3,3,5,79,3
28990,2021,12,4,6,22,4,3,1,114,99,2,29,4,4,6,79,3
28991,2021,12,4,6,11,2,1,1,116,99,1,50,9,9,11,79,3
28992,2021,12,4,6,19,4,3,5,502,99,1,24,3,3,5,79,3
28993,2021,12,4,6,22,4,3,18,1801,99,1,26,4,4,6,79,3
28994,2021,12,5,7,19,4,3,1,101,13,1,22,3,3,5,79,3
28995,2021,12,5,7,0,1,1,1,101,7,1,33,5,5,7,79,3
28996,2021,12,5,7,17,3,2,1,101,21,1,38,6,6,8,79,3
28997,2021,12,5,7,3,1,1,1,110,99,1,21,3,3,5,79,3
28998,2021,12,5,7,12,3,2,1,108,99,1,28,4,4,6,24,3
28999,2021,12,5,7,18,4,3,1,108,99,1,24,3,3,5,79,3
29000,2021,12,5,7,16,3,2,1,108,99,1,33,5,5,7,24,3
29001,2021,12,5,7,19,4,3,19,1905,99,1,39,6,6,8,24,3
29002,2021,12,5,7,12,3,2,19,1901,99,1,35,6,6,8,24,3
29003,2021,12,5,7,18,4,3,17,1701,99,1,31,5,5,7,79,3
29004,2021,12,5,7,21,4,3,4,401,99,1,24,3,3,5,79,3
29005,2021,12,6,1,21,4,3,1,105,99,1,23,3,3,5,24,3
29006,2021,12,6,1,10,2,1,1,101,10,1,21,3,3,5,79,3
29007,2021,12,6,1,5,1,1,1,101,12,1,25,4,4,6,24,3
29008,2021,12,6,1,17,3,2,1,108,99,1,24,3,3,5,79,3
29009,2021,12,6,1,6,2,1,5,502,99,1,50,9,9,11,79,3
29010,2021,12,6,1,6,2,1,5,501,99,1,21,3,3,5,24,3
29011,2021,12,6,1,21,4,3,5,501,99,1,33,5,5,7,24,3
29012,2021,12,6,1,12,3,2,11,1105,99,1,66,11,12,14,79,3
29013,2021,12,6,1,18,4,3,18,1804,99,1,19,2,2,4,24,3
29014,2021,12,6,1,10,2,1,17,1712,99,2,31,5,5,7,79,3
29015,2021,12,6,1,12,3,2,3,301,99,2,67,11,12,14,79,3
29016,2021,12,7,2,22,4,3,1,105,99,1,24,3,3,5,24,3
29017,2021,12,7,2,7,2,1,1,102,99,1,25,4,4,6,79,3
29018,2021,12,7,2,22,4,3,1,101,12,1,21,3,3,5,79,3
29019,2021,12,7,2,17,3,2,1,115,99,1,23,3,3,5,79,3
29020,2021,12,7,2,6,2,1,1,108,99,1,27,4,4,6,79,3
29021,2021,12,7,2,17,3,2,1,108,99,1,24,3,3,5,24,3
29022,2021,12,7,2,20,4,3,1,108,99,1,32,5,5,7,24,3
29023,2021,12,7,2,23,4,3,1,101,19,1,61,11,11,13,79,3
29024,2021,12,7,2,17,3,2,5,502,99,1,25,4,4,6,79,3
29025,2021,12,7,2,18,4,3,5,501,99,2,22,3,3,5,24,3
29026,2021,12,8,3,4,1,1,1,101,8,1,41,7,7,9,79,3
29027,2021,12,8,3,5,1,1,1,101,4,1,999,12,16,18,24,3
29028,2021,12,8,3,18,4,3,1,101,18,1,32,5,5,7,24,3
29029,2021,12,8,3,12,3,2,1,101,13,1,23,3,3,5,79,3
29030,2021,12,8,3,11,2,1,1,101,11,1,28,4,4,6,24,3
29031,2021,12,8,3,5,1,1,1,101,12,1,26,4,4,6,24,3
29032,2021,12,8,3,15,3,2,1,114,99,1,46,8,8,10,79,3
29033,2021,12,8,3,3,1,1,1,108,99,2,34,5,5,7,24,3
29034,2021,12,8,3,3,1,1,1,108,99,1,19,2,2,4,24,3
29035,2021,12,8,3,5,1,1,1,108,99,1,22,3,3,5,79,3
29036,2021,12,8,3,5,1,1,5,502,99,1,24,3,3,5,79,3
29037,2021,12,8,3,23,4,3,17,1703,99,1,52,9,9,11,79,3
29038,2021,12,9,4,6,2,1,1,101,4,1,999,12,16,18,79,3
29039,2021,12,9,4,13,3,2,1,101,11,1,38,6,6,8,24,3
29040,2021,12,9,4,8,2,1,1,108,99,1,21,3,3,5,24,3
29041,2021,12,9,4,19,4,3,1,108,99,1,23,3,3,5,79,3
29042,2021,12,9,4,9,2,1,5,502,99,2,27,4,4,6,79,3
29043,2021,12,9,4,19,4,3,5,506,99,1,30,5,5,7,24,3
29044,2021,12,9,4,4,1,1,9,920,99,1,38,6,6,8,79,3
29045,2021,12,9,4,17,3,2,18,1804,99,1,25,4,4,6,79,3
29046,2021,12,9,4,8,2,1,4,401,99,1,39,6,6,8,79,3
29047,2021,12,9,4,21,4,3,3,302,99,2,37,6,6,8,79,3
29048,2021,12,10,5,8,2,1,1,101,9,1,25,4,4,6,79,3
29049,2021,12,10,5,2,1,1,1,101,25,1,22,3,3,5,79,3
29050,2021,12,10,5,4,1,1,1,106,99,2,39,6,6,8,79,3
29051,2021,12,10,5,8,2,1,1,101,15,1,23,3,3,5,24,3
29052,2021,12,10,5,19,4,3,1,114,99,1,25,4,4,6,79,3
29053,2021,12,10,5,21,4,3,1,116,99,2,23,3,3,5,79,3
29054,2021,12,10,5,23,4,3,1,108,99,1,27,4,4,6,79,3
29055,2021,12,10,5,6,2,1,5,501,99,1,29,4,4,6,24,3
29056,2021,12,10,5,7,2,1,5,509,99,1,23,3,3,5,24,3
29057,2021,12,10,5,14,3,2,13,1301,99,1,38,6,6,8,79,3
29058,2021,12,10,5,23,4,3,3,303,99,2,31,5,5,7,79,3
29059,2021,12,11,6,17,3,2,1,101,1,1,28,4,4,6,24,3
29060,2021,12,11,6,4,1,1,1,101,11,1,38,6,6,8,24,3
29061,2021,12,11,6,5,1,1,1,101,11,1,19,2,2,4,24,3
29062,2021,12,11,6,4,1,1,1,101,12,1,21,3,3,5,24,3
29063,2021,12,11,6,5,1,1,1,101,7,1,27,4,4,6,24,3
29064,2021,12,11,6,5,1,1,1,115,99,1,22,3,3,5,24,3
29065,2021,12,11,6,23,4,3,1,114,99,1,33,5,5,7,24,3
29066,2021,12,11,6,22,4,3,1,108,99,2,38,6,6,8,24,3
29067,2021,12,11,6,20,4,3,5,501,99,1,23,3,3,5,79,3
29068,2021,12,11,6,19,4,3,9,920,99,2,37,6,6,8,79,3
29069,2021,12,12,7,6,2,1,1,101,3,1,33,5,5,7,79,3
29070,2021,12,12,7,21,4,3,1,101,12,1,26,4,4,6,24,3
29071,2021,12,12,7,23,4,3,1,110,99,1,26,4,4,6,79,3
29072,2021,12,12,7,20,4,3,1,108,99,2,26,4,4,6,79,3
29073,2021,12,12,7,21,4,3,1,108,99,2,25,4,4,6,24,3
29074,2021,12,12,7,19,4,3,5,503,99,1,57,10,10,12,24,3
29075,2021,12,12,7,5,1,1,5,501,99,2,36,6,6,8,24,3
29076,2021,12,12,7,20,4,3,5,502,99,1,27,4,4,6,79,3
29077,2021,12,12,7,19,4,3,5,501,99,1,30,5,5,7,79,3
29078,2021,12,12,7,20,4,3,5,501,99,1,31,5,5,7,79,3
29079,2021,12,12,7,6,2,1,10,1008,99,1,33,5,5,7,79,3
29080,2021,12,12,7,9,2,1,2,201,99,1,62,11,11,13,79,3
29081,2021,12,12,7,14,3,2,2,208,99,2,21,3,3,5,79,3
29082,2021,12,12,7,7,2,1,4,406,99,1,22,3,3,5,79,3
29083,2021,12,12,7,15,3,2,3,314,99,2,37,6,6,8,79,3
29084,2021,12,13,1,0,1,1,1,101,18,1,48,8,8,10,24,3
29085,2021,12,13,1,21,4,3,1,101,17,1,20,3,3,5,79,3
29086,2021,12,13,1,23,4,3,1,101,18,1,30,5,5,7,79,3
29087,2021,12,13,1,5,1,1,1,101,18,1,37,6,6,8,79,3
29088,2021,12,13,1,5,1,1,1,101,13,1,32,5,5,7,24,3
29089,2021,12,13,1,4,1,1,1,101,7,1,26,4,4,6,24,3
29090,2021,12,13,1,15,3,2,5,509,99,1,20,3,3,5,24,3
29091,2021,12,13,1,21,4,3,5,509,99,1,27,4,4,6,79,3
29092,2021,12,13,1,22,4,3,5,501,99,1,19,2,2,4,79,3
29093,2021,12,13,1,19,4,3,5,509,99,1,34,5,5,7,79,3
29094,2021,12,13,1,17,3,2,5,507,99,1,24,3,3,5,79,3
29095,2021,12,13,1,21,4,3,5,502,99,1,24,3,3,5,79,3
29096,2021,12,13,1,19,4,3,3,302,99,1,51,9,9,11,79,3
29097,2021,12,14,2,10,2,1,1,101,9,1,32,5,5,7,79,3
29098,2021,12,14,2,8,2,1,1,101,1,1,47,8,8,10,79,3
29099,2021,12,14,2,9,2,1,1,101,18,1,19,2,2,4,24,3
29100,2021,12,14,2,18,4,3,1,101,18,1,21,3,3,5,79,3
29101,2021,12,14,2,21,4,3,1,101,11,1,31,5,5,7,79,3
29102,2021,12,14,2,6,2,1,1,115,99,1,30,5,5,7,79,3
29103,2021,12,14,2,17,3,2,1,117,99,1,47,8,8,10,79,3
29104,2021,12,14,2,23,4,3,1,108,99,1,44,7,7,9,24,3
29105,2021,12,14,2,13,3,2,1,108,99,1,29,4,4,6,24,3
29106,2021,12,14,2,9,2,1,5,501,99,1,22,3,3,5,24,3
29107,2021,12,14,2,10,2,1,5,501,99,2,38,6,6,8,79,3
29108,2021,12,14,2,19,4,3,5,501,99,1,46,8,8,10,24,3
29109,2021,12,14,2,23,4,3,2,201,99,1,30,5,5,7,79,3
29110,2021,12,14,2,20,4,3,14,1408,99,1,34,5,5,7,79,3
29111,2021,12,14,2,18,4,3,4,404,99,1,46,8,8,10,79,3
29112,2021,12,15,3,8,2,1,1,101,18,1,58,10,10,12,79,3
29113,2021,12,15,3,13,3,2,1,101,7,1,27,4,4,6,79,3
29114,2021,12,15,3,21,4,3,1,101,12,1,29,4,4,6,79,3
29115,2021,12,15,3,22,4,3,1,115,99,1,19,2,2,4,24,3
29116,2021,12,15,3,9,2,1,1,115,99,1,20,3,3,5,79,3
29117,2021,12,15,3,18,4,3,1,101,19,1,27,4,4,6,79,3
29118,2021,12,15,3,7,2,1,5,501,99,1,21,3,3,5,79,3
29119,2021,12,15,3,3,1,1,11,1105,99,1,26,4,4,6,79,3
29120,2021,12,15,3,7,2,1,9,920,99,1,19,2,2,4,79,3
29121,2021,12,15,3,11,2,1,9,914,99,1,37,6,6,8,79,3
29122,2021,12,16,4,8,2,1,1,101,1,1,19,2,2,4,79,3
29123,2021,12,16,4,6,2,1,1,101,6,1,56,10,10,12,79,3
29124,2021,12,16,4,15,3,2,1,101,18,1,24,3,3,5,79,3
29125,2021,12,16,4,22,4,3,1,101,13,1,22,3,3,5,79,3
29126,2021,12,16,4,20,4,3,1,114,99,1,26,4,4,6,79,3
29127,2021,12,16,4,10,2,1,1,108,99,1,23,3,3,5,24,3
29128,2021,12,16,4,19,4,3,1,101,19,1,23,3,3,5,79,3
29129,2021,12,16,4,21,4,3,19,1901,99,1,21,3,3,5,79,3
29130,2021,12,16,4,11,2,1,5,501,99,1,999,12,16,18,79,3
29131,2021,12,16,4,5,1,1,5,501,99,1,21,3,3,5,24,3
29132,2021,12,16,4,7,2,1,5,501,99,1,23,3,3,5,24,3
29133,2021,12,16,4,21,4,3,5,502,99,1,29,4,4,6,79,3
29134,2021,12,16,4,18,4,3,10,1012,99,1,20,3,3,5,24,3
29135,2021,12,16,4,14,3,2,18,1803,99,1,59,10,10,12,79,3
29136,2021,12,17,5,3,1,1,1,101,6,2,44,7,7,9,79,3
29137,2021,12,17,5,3,1,1,1,101,6,2,44,7,7,9,79,3
29138,2021,12,17,5,10,2,1,1,101,6,1,30,5,5,7,24,3
29139,2021,12,17,5,0,1,1,1,101,13,1,30,5,5,7,24,3
29140,2021,12,17,5,18,4,3,1,103,99,1,39,6,6,8,79,3
29141,2021,12,17,5,7,2,1,1,115,99,2,21,3,3,5,79,3
29142,2021,12,17,5,16,3,2,5,510,99,1,66,11,12,14,24,3
29143,2021,12,17,5,14,3,2,5,501,99,1,35,6,6,8,79,3
29144,2021,12,17,5,23,4,3,5,501,99,1,30,5,5,7,79,3
29145,2021,12,17,5,17,3,2,6,602,99,1,46,8,8,10,79,3
29146,2021,12,17,5,3,1,1,15,1501,99,1,29,4,4,6,79,3
29147,2021,12,17,5,10,2,1,4,407,99,1,21,3,3,5,24,3
29148,2021,12,17,5,14,3,2,3,302,99,2,21,3,3,5,79,3
29149,2021,12,17,5,19,4,3,1,103,99,1,24,3,3,5,24,3
29150,2021,12,18,6,10,2,1,1,101,12,1,21,3,3,5,24,3
29151,2021,12,18,6,5,1,1,1,101,9,1,32,5,5,7,24,3
29152,2021,12,18,6,21,4,3,1,115,99,1,32,5,5,7,24,3
29153,2021,12,18,6,19,4,3,1,114,99,1,28,4,4,6,79,3
29154,2021,12,18,6,22,4,3,1,115,99,1,26,4,4,6,79,3
29155,2021,12,18,6,16,3,2,1,114,99,1,47,8,8,10,79,3
29156,2021,12,18,6,5,1,1,1,108,99,2,26,4,4,6,79,3
29157,2021,12,18,6,3,1,1,1,108,99,1,30,5,5,7,79,3
29158,2021,12,18,6,21,4,3,5,501,99,1,19,2,2,4,79,3
29159,2021,12,18,6,14,3,2,4,403,99,1,32,5,5,7,79,3
29160,2021,12,18,6,20,4,3,1,101,17,1,29,4,4,6,24,3
29161,2021,12,19,7,7,2,1,1,101,12,1,28,4,4,6,79,3
29162,2021,12,19,7,0,1,1,1,115,99,1,28,4,4,6,24,3
29163,2021,12,19,7,13,3,2,1,116,99,1,40,7,7,9,24,3
29164,2021,12,19,7,12,3,2,20,2001,99,1,25,4,4,6,79,3
29165,2021,12,19,7,12,3,2,13,1301,99,1,21,3,3,5,79,3
29166,2021,12,19,7,21,4,3,16,1609,99,1,22,3,3,5,79,3
29167,2021,12,19,7,12,3,2,4,401,99,1,44,7,7,9,79,3
29168,2021,12,20,1,17,3,2,1,101,11,1,35,6,6,8,24,3
29169,2021,12,20,1,21,4,3,1,115,99,1,19,2,2,4,24,3
29170,2021,12,20,1,10,2,1,1,101,7,1,33,5,5,7,79,3
29171,2021,12,20,1,19,4,3,1,115,99,1,30,5,5,7,79,3
29172,2021,12,20,1,21,4,3,1,117,99,1,25,4,4,6,79,3
29173,2021,12,20,1,16,3,2,5,509,99,1,36,6,6,8,24,3
29174,2021,12,20,1,18,4,3,5,509,99,1,47,8,8,10,24,3
29175,2021,12,20,1,18,4,3,5,509,99,1,36,6,6,8,24,3
29176,2021,12,20,1,7,2,1,1,101,4,1,48,8,8,10,79,3
29177,2021,12,20,1,12,3,2,1,101,4,1,51,9,9,11,79,3
29178,2021,12,20,1,23,4,3,1,101,13,1,36,6,6,8,24,3
29179,2021,12,21,2,5,1,1,1,115,99,1,29,4,4,6,24,3
29180,2021,12,21,2,13,3,2,1,108,99,2,34,5,5,7,24,3
29181,2021,12,21,2,14,3,2,19,1909,99,1,36,6,6,8,79,3
29182,2021,12,21,2,5,1,1,5,501,99,1,51,9,9,11,24,3
29183,2021,12,21,2,15,3,2,5,507,99,1,21,3,3,5,24,3
29184,2021,12,21,2,20,4,3,5,509,99,1,32,5,5,7,24,3
29185,2021,12,21,2,10,2,1,11,1101,99,1,55,10,10,12,79,3
29186,2021,12,21,2,10,2,1,11,1106,99,1,23,3,3,5,79,3
29187,2021,12,21,2,17,3,2,4,401,99,1,21,3,3,5,79,3
29188,2021,12,21,2,20,4,3,1,101,8,1,30,5,5,7,24,3
29189,2021,12,21,2,19,4,3,10,1001,99,1,19,2,2,4,24,3
29190,2021,12,22,3,22,4,3,1,101,18,1,37,6,6,8,79,3
29191,2021,12,22,3,8,2,1,1,101,10,1,23,3,3,5,79,3
29192,2021,12,22,3,11,2,1,5,501,99,1,33,5,5,7,24,3
29193,2021,12,22,3,16,3,2,1,101,13,1,31,5,5,7,24,3
29194,2021,12,22,3,5,1,1,1,115,99,1,27,4,4,6,79,3
29195,2021,12,22,3,21,4,3,1,115,99,1,33,5,5,7,79,3
29196,2021,12,22,3,18,4,3,1,101,19,1,49,8,8,10,79,3
29197,2021,12,22,3,20,4,3,1,108,99,1,28,4,4,6,79,3
29198,2021,12,22,3,20,4,3,5,511,99,1,29,4,4,6,24,3
29199,2021,12,22,3,20,4,3,5,501,99,1,32,5,5,7,79,3
29200,2021,12,22,3,5,1,1,10,1001,99,1,36,6,6,8,24,3
29201,2021,12,22,3,13,3,2,2,206,99,1,43,7,7,9,24,3
29202,2021,12,22,3,14,3,2,17,1705,99,1,27,4,4,6,79,3
29203,2021,12,22,3,4,1,1,1,101,8,1,27,4,4,6,24,3
29204,2021,12,22,3,19,4,3,3,302,99,1,45,8,8,10,79,3
29205,2021,12,23,4,4,1,1,1,101,18,2,22,3,3,5,79,3
29206,2021,12,23,4,16,3,2,1,101,18,1,19,2,2,4,79,3
29207,2021,12,23,4,7,2,1,1,101,3,1,33,5,5,7,79,3
29208,2021,12,23,4,1,1,1,1,102,99,1,27,4,4,6,79,3
29209,2021,12,23,4,3,1,1,1,101,11,1,24,3,3,5,24,3
29210,2021,12,23,4,20,4,3,1,115,99,2,24,3,3,5,79,3
29211,2021,12,23,4,21,4,3,1,114,99,1,20,3,3,5,79,3
29212,2021,12,23,4,23,4,3,1,115,99,1,39,6,6,8,79,3
29213,2021,12,23,4,6,2,1,1,108,99,2,21,3,3,5,24,3
29214,2021,12,23,4,5,1,1,1,108,99,1,27,4,4,6,79,3
29215,2021,12,23,4,13,3,2,5,501,99,1,44,7,7,9,24,3
29216,2021,12,23,4,18,4,3,5,501,99,2,18,2,2,4,24,3
29217,2021,12,23,4,19,4,3,5,511,99,1,22,3,3,5,24,3
29218,2021,12,23,4,16,3,2,18,1804,99,1,24,3,3,5,79,3
29219,2021,12,23,4,8,2,1,10,1001,99,1,38,6,6,8,79,3
29220,2021,12,23,4,15,3,2,10,1008,99,1,71,11,13,15,79,3
29221,2021,12,23,4,23,4,3,1,115,99,1,39,6,6,8,79,3
29222,2021,12,24,5,20,4,3,1,101,18,2,54,9,9,11,79,3
29223,2021,12,24,5,4,1,1,1,101,5,1,23,3,3,5,24,3
29224,2021,12,24,5,0,1,1,1,101,7,2,32,5,5,7,79,3
29225,2021,12,24,5,4,1,1,1,101,7,1,25,4,4,6,24,3
29226,2021,12,24,5,12,3,2,1,115,99,1,25,4,4,6,24,3
29227,2021,12,24,5,16,3,2,1,101,19,1,25,4,4,6,79,3
29228,2021,12,24,5,22,4,3,1,108,99,2,22,3,3,5,24,3
29229,2021,12,24,5,21,4,3,1,101,19,1,33,5,5,7,79,3
29230,2021,12,24,5,1,1,1,1,108,99,1,47,8,8,10,24,3
29231,2021,12,24,5,12,3,2,5,511,99,1,31,5,5,7,24,3
29232,2021,12,24,5,13,3,2,5,502,99,1,37,6,6,8,79,3
29233,2021,12,24,5,16,3,2,5,505,99,1,47,8,8,10,24,3
29234,2021,12,24,5,11,2,1,5,501,99,1,43,7,7,9,24,3
29235,2021,12,24,5,22,4,3,5,511,99,1,20,3,3,5,79,3
29236,2021,12,24,5,19,4,3,5,501,99,1,38,6,6,8,79,3
29237,2021,12,25,6,6,2,1,1,101,7,1,25,4,4,6,79,3
29238,2021,12,25,6,20,4,3,1,101,19,1,29,4,4,6,79,3
29239,2021,12,25,6,7,2,1,1,101,19,1,32,5,5,7,79,3
29240,2021,12,25,6,21,4,3,5,502,99,1,23,3,3,5,79,3
29241,2021,12,25,6,19,4,3,5,501,99,1,31,5,5,7,79,3
29242,2021,12,25,6,21,4,3,5,501,99,1,21,3,3,5,79,3
29243,2021,12,25,6,1,1,1,11,1101,99,1,22,3,3,5,79,3
29244,2021,12,25,6,20,4,3,9,902,99,1,30,5,5,7,79,3
29245,2021,12,25,6,21,4,3,2,208,99,1,33,5,5,7,79,3
29246,2021,12,25,6,7,2,1,18,1804,99,1,21,3,3,5,24,3
29247,2021,12,25,6,7,2,1,18,1803,99,1,56,10,10,12,79,3
29248,2021,12,25,6,6,2,1,4,401,99,1,22,3,3,5,79,3
29249,2021,12,25,6,21,4,3,1,101,9,1,24,3,3,5,24,3
29250,2021,12,25,6,13,3,2,4,412,99,1,19,2,2,4,79,3
29251,2021,12,26,7,16,3,2,1,101,11,1,44,7,7,9,79,3
29252,2021,12,26,7,14,3,2,1,108,99,1,25,4,4,6,79,3
29253,2021,12,26,7,21,4,3,5,505,99,1,29,4,4,6,24,3
29254,2021,12,26,7,20,4,3,5,502,99,1,31,5,5,7,79,3
29255,2021,12,26,7,9,2,1,10,1010,99,1,38,6,6,8,79,3
29256,2021,12,26,7,20,4,3,18,1804,99,1,21,3,3,5,24,3
29257,2021,12,26,7,23,4,3,4,413,99,1,28,4,4,6,79,3
29258,2021,12,27,1,18,4,3,1,101,6,1,25,4,4,6,79,3
29259,2021,12,27,1,14,3,2,1,115,99,1,19,2,2,4,79,3
29260,2021,12,27,1,4,1,1,5,506,99,1,33,5,5,7,24,3
29261,2021,12,27,1,4,1,1,5,501,99,1,19,2,2,4,24,3
29262,2021,12,27,1,16,3,2,5,514,99,1,24,3,3,5,24,3
29263,2021,12,27,1,19,4,3,5,501,99,1,28,4,4,6,79,3
29264,2021,12,27,1,6,2,1,2,208,99,1,31,5,5,7,79,3
29265,2021,12,27,1,8,2,1,4,416,99,1,24,3,3,5,79,3
29266,2021,12,27,2,8,2,1,1,101,9,1,32,5,5,7,79,3
29267,2021,12,28,2,8,2,1,1,101,9,1,23,3,3,5,79,3
29268,2021,12,28,2,18,4,3,1,101,13,1,22,3,3,5,79,3
29269,2021,12,28,2,5,1,1,1,101,11,1,38,6,6,8,24,3
29270,2021,12,28,2,4,1,1,1,101,12,1,24,3,3,5,24,3
29271,2021,12,28,2,20,4,3,1,115,99,1,33,5,5,7,79,3
29272,2021,12,28,2,6,2,1,1,108,99,2,24,3,3,5,79,3
29273,2021,12,28,2,15,3,2,1,101,4,1,43,7,7,9,79,3
29274,2021,12,28,2,17,3,2,5,502,99,1,40,7,7,9,79,3
29275,2021,12,28,2,19,4,3,5,510,99,1,48,8,8,10,24,3
29276,2021,12,28,2,19,4,3,5,510,99,1,31,5,5,7,24,3
29277,2021,12,28,2,22,4,3,1,108,99,1,26,4,4,6,79,3
29278,2021,12,28,2,20,4,3,1,108,99,1,26,4,4,6,79,3
29279,2021,12,28,2,1,1,1,3,312,99,1,27,4,4,6,79,3
29280,2021,12,28,2,4,1,1,10,1001,99,1,20,3,3,5,79,3
29281,2021,12,29,3,19,4,3,1,101,18,1,28,4,4,6,79,3
29282,2021,12,29,3,14,3,2,1,101,7,1,20,3,3,5,24,3
29283,2021,12,29,3,16,3,2,1,101,11,2,40,7,7,9,79,3
29284,2021,12,29,3,0,1,1,1,114,99,1,31,5,5,7,79,3
29285,2021,12,29,3,5,1,1,1,114,99,1,30,5,5,7,24,3
29286,2021,12,29,3,18,4,3,1,114,99,1,23,3,3,5,24,3
29287,2021,12,29,3,13,3,2,19,1901,99,1,45,8,8,10,79,3
29288,2021,12,29,3,20,4,3,5,501,99,1,36,6,6,8,24,3
29289,2021,12,29,3,17,3,2,18,1804,99,1,24,3,3,5,79,3
29290,2021,12,29,3,19,4,3,4,406,99,1,49,8,8,10,79,3
29291,2021,12,30,4,20,4,3,1,101,6,1,24,3,3,5,79,3
29292,2021,12,30,4,21,4,3,1,108,99,1,32,5,5,7,79,3
29293,2021,12,30,4,19,4,3,5,502,99,1,28,4,4,6,24,3
29294,2021,12,30,4,10,2,1,5,501,99,1,40,7,7,9,79,3
29295,2021,12,30,4,18,4,3,5,501,99,1,21,3,3,5,79,3
29296,2021,12,30,4,4,1,1,10,1001,99,1,29,4,4,6,24,3
29297,2021,12,30,4,4,1,1,10,1001,99,1,54,9,9,11,79,3
29298,2021,12,30,4,10,2,1,2,201,99,1,35,6,6,8,79,3
29299,2021,12,30,4,19,4,3,1,115,99,1,29,4,4,6,79,3
29300,2021,12,30,4,4,1,1,5,501,99,1,33,5,5,7,24,3
29301,2021,12,30,4,18,4,3,5,509,99,1,25,4,4,6,79,3
29302,2021,12,31,5,19,4,3,1,101,17,1,26,4,4,6,79,3
29303,2021,12,31,5,20,4,3,1,105,99,1,45,8,8,10,79,3
29304,2021,12,31,5,16,3,2,1,101,19,2,32,5,5,7,79,3
29305,2021,12,31,5,18,4,3,1,108,99,1,41,7,7,9,79,3
29306,2021,12,31,5,23,4,3,1,101,19,1,23,3,3,5,79,3
29307,2021,12,31,5,7,2,1,20,2001,99,1,22,3,3,5,79,3
29308,2021,12,31,5,8,2,1,5,501,99,2,21,3,3,5,24,3
29309,2021,11,1,1,20,4,3,20,2011,99,2,9,1,1,2,68,7
29310,2021,11,2,2,19,4,3,10,1006,99,2,49,8,8,10,68,7
29311,2021,11,2,2,23,4,3,9,904,99,2,13,1,1,3,68,7
29312,2021,11,2,2,21,4,3,17,1713,99,2,5,1,1,2,68,7
29313,2021,11,3,3,23,4,3,7,713,99,2,12,1,1,3,68,7
29314,2021,11,4,4,18,4,3,1,101,11,2,25,4,4,6,68,7
29315,2021,11,5,5,8,2,1,1,101,12,2,11,1,1,3,68,7
29316,2021,11,5,5,17,3,2,5,503,99,2,26,4,4,6,68,7
29317,2021,11,6,6,6,2,1,14,1401,99,2,9,1,1,2,68,7
29318,2021,11,7,7,19,4,3,1,115,99,2,999,12,16,18,68,7
29319,2021,11,8,1,9,2,1,1,101,11,2,20,3,3,5,68,7
29320,2021,11,8,1,10,2,1,17,1706,99,2,14,1,1,3,68,7
29321,2021,11,9,2,14,3,2,1,108,99,2,15,2,2,4,68,7
29322,2021,11,9,2,14,3,2,13,1301,99,2,52,9,9,11,68,7
29323,2021,11,10,3,17,3,2,21,2101,99,2,20,3,3,5,68,7
29324,2021,11,11,4,21,4,3,11,1101,99,2,17,2,2,4,68,7
29325,2021,11,12,5,11,2,1,16,1607,99,2,14,1,1,3,68,7
29326,2021,11,19,5,7,2,1,1,113,99,2,41,7,7,9,68,7
29327,2021,11,21,7,20,4,3,1,103,99,2,13,1,1,3,68,7
29328,2021,11,21,7,3,1,1,16,1602,99,2,15,2,2,4,68,7
29329,2021,11,22,1,20,4,3,5,514,99,2,13,1,1,3,68,7
29330,2021,11,24,3,19,4,3,1,107,99,1,14,1,1,3,68,7
29331,2021,11,24,3,19,4,3,7,717,99,2,18,2,2,4,68,7
29332,2021,11,24,3,19,4,3,7,717,99,2,999,12,16,18,68,7
29333,2021,11,25,4,20,4,3,1,101,18,2,15,2,2,4,68,7
29334,2021,11,26,5,21,4,3,1,101,1,2,32,5,5,7,68,7
29335,2021,11,26,5,15,3,2,5,511,99,2,24,3,3,5,68,7
29336,2021,11,27,6,18,4,3,1,116,99,2,17,2,2,4,68,7
29337,2021,11,27,6,2,1,1,5,501,99,2,17,2,2,4,68,7
29338,2021,12,3,5,12,3,2,1,101,1,2,18,2,2,4,68,7
29339,2021,12,4,6,1,1,1,1,114,99,2,29,4,4,6,68,7
29340,2021,12,4,6,18,4,3,8,803,99,2,13,1,1,3,68,7
29341,2021,12,4,6,20,4,3,4,401,99,2,13,1,1,3,68,7
29342,2021,12,4,6,19,4,3,4,413,99,2,5,1,1,2,68,7
29343,2021,12,4,6,19,4,3,4,413,99,2,5,1,1,2,68,7
29344,2021,12,4,6,19,4,3,4,413,99,2,2,1,1,1,68,7
29345,2021,12,5,7,0,1,1,5,505,99,2,15,2,2,4,68,7
29346,2021,12,5,7,18,4,3,16,1601,99,2,21,3,3,5,68,7
29347,2021,12,5,7,18,4,3,16,1601,99,2,20,3,3,5,68,7
29348,2021,12,7,2,14,3,2,13,1326,99,2,40,7,7,9,68,7
29349,2021,12,7,2,11,2,1,15,1504,99,2,9,1,1,2,68,7
29350,2021,12,7,2,14,3,2,7,713,99,2,15,2,2,4,68,7
29351,2021,12,9,4,20,4,3,1,101,7,2,20,3,3,5,68,7
29352,2021,12,10,5,0,1,1,16,1608,99,2,15,2,2,4,68,7
29353,2021,12,12,7,3,1,1,14,1420,99,2,5,1,1,2,68,7
29354,2021,12,13,1,21,4,3,1,101,6,1,66,11,12,14,68,7
29355,2021,12,13,1,12,3,2,1,114,99,2,12,1,1,3,68,7
29356,2021,12,13,1,11,2,1,10,1003,99,2,65,11,12,14,68,7
29357,2021,12,14,3,22,4,3,1,108,99,2,23,3,3,5,68,7
29358,2021,12,15,3,10,2,1,1,101,12,2,26,4,4,6,68,7
29359,2021,12,15,3,23,4,3,1,108,99,2,13,1,1,3,68,7
29360,2021,12,15,3,21,4,3,12,1211,99,2,9,1,1,2,68,7
29361,2021,12,20,1,7,2,1,9,904,99,2,12,1,1,3,68,7
29362,2021,12,20,1,4,1,1,13,1301,99,2,12,1,1,3,68,7
29363,2021,12,21,2,15,3,2,11,1105,99,2,43,7,7,9,68,7
29364,2021,12,22,3,19,4,3,9,909,99,2,17,2,2,4,68,7
29365,2021,12,24,5,8,2,1,14,1420,99,2,4,1,1,1,68,7
29366,2021,12,25,6,15,3,2,1,108,99,2,25,4,4,6,68,7
29367,2021,12,25,6,11,2,1,21,2101,99,2,13,1,1,3,68,7
29368,2021,12,26,7,20,4,3,1,116,99,2,11,1,1,3,68,7
29369,2021,12,27,1,11,2,1,3,301,99,2,11,1,1,3,68,7
29370,2021,12,29,3,20,4,3,13,1325,99,2,17,2,2,4,68,7
29371,2021,11,1,1,18,4,3,1,101,21,1,40,7,7,9,83,3
29372,2021,11,1,1,3,1,1,1,115,99,1,34,5,5,7,83,3
29373,2021,11,1,1,19,4,3,1,108,99,1,23,3,3,5,22,3
29374,2021,11,1,1,13,3,2,15,1507,99,2,51,9,9,11,83,3
29375,2021,11,1,1,23,4,3,3,309,99,1,34,5,5,7,83,3
29376,2021,11,1,1,10,2,1,3,301,99,2,54,9,9,11,83,3
29377,2021,11,2,2,14,3,2,1,101,4,1,40,7,7,9,22,3
29378,2021,11,2,2,16,3,2,1,101,6,1,90,11,15,17,83,3
29379,2021,11,2,2,11,2,1,1,101,12,2,42,7,7,9,22,3
29380,2021,11,2,2,5,1,1,1,101,12,2,24,3,3,5,83,3
29381,2021,11,2,2,18,4,3,1,101,11,1,58,10,10,12,83,3
29382,2021,11,2,2,19,4,3,1,101,12,2,30,5,5,7,83,3
29383,2021,11,2,2,21,4,3,1,101,12,1,30,5,5,7,22,3
29384,2021,11,2,2,17,3,2,5,511,99,1,58,10,10,12,22,3
29385,2021,11,2,2,3,1,1,4,415,99,1,28,4,4,6,22,3
29386,2021,11,2,2,2,1,1,1,101,9,1,54,9,9,11,83,3
29387,2021,11,3,3,14,3,2,1,101,6,1,40,7,7,9,83,3
29388,2021,11,3,3,14,3,2,2,208,99,1,24,3,3,5,22,3
29389,2021,11,3,3,20,4,3,1,108,99,1,34,5,5,7,22,3
29390,2021,11,4,4,12,3,2,1,101,3,1,28,4,4,6,22,3
29391,2021,11,4,4,18,4,3,1,113,99,1,40,7,7,9,22,3
29392,2021,11,4,4,22,4,3,1,101,16,1,56,10,10,12,83,3
29393,2021,11,4,4,6,2,1,1,101,12,1,49,8,8,10,22,3
29394,2021,11,4,4,20,4,3,1,101,11,2,28,4,4,6,83,3
29395,2021,11,4,4,17,3,2,1,101,21,1,38,6,6,8,83,3
29396,2021,11,4,4,6,2,1,1,116,99,2,43,7,7,9,83,3
29397,2021,11,4,4,15,3,2,19,1901,99,1,47,8,8,10,22,3
29398,2021,11,4,4,20,4,3,5,511,99,1,61,11,11,13,22,3
29399,2021,11,5,5,22,4,3,1,101,10,1,26,4,4,6,22,3
29400,2021,11,5,5,10,2,1,4,407,99,1,43,7,7,9,83,3
29401,2021,11,5,5,5,1,1,1,101,19,1,36,6,6,8,83,3
29402,2021,11,6,6,8,2,1,1,101,5,1,43,7,7,9,83,3
29403,2021,11,6,6,17,3,2,1,108,99,1,33,5,5,7,83,3
29404,2021,11,6,6,21,4,3,1,115,99,2,28,4,4,6,83,3
29405,2021,11,6,6,21,4,3,1,108,99,2,34,5,5,7,83,3
29406,2021,11,6,6,21,4,3,1,108,99,1,30,5,5,7,22,3
29407,2021,11,7,7,8,2,1,1,108,99,1,65,11,12,14,83,3
29408,2021,11,7,7,22,4,3,2,201,99,1,40,7,7,9,22,3
29409,2021,11,7,7,17,3,2,1,101,5,1,32,5,5,7,22,3
29410,2021,11,7,7,7,2,1,1,116,99,1,51,9,9,11,83,3
29411,2021,11,8,1,8,2,1,1,101,18,2,49,8,8,10,83,3
29412,2021,11,8,1,8,2,1,1,101,6,2,51,9,9,11,83,3
29413,2021,11,8,1,7,2,1,3,303,99,1,33,5,5,7,83,3
29414,2021,11,8,1,20,4,3,1,115,99,1,29,4,4,6,22,3
29415,2021,11,8,1,22,4,3,1,101,10,1,36,6,6,8,22,3
29416,2021,11,9,2,3,1,1,1,101,12,1,30,5,5,7,83,3
29417,2021,11,9,2,12,3,2,1,101,11,2,36,6,6,8,22,3
29418,2021,11,9,2,21,4,3,1,101,18,1,27,4,4,6,83,3
29419,2021,11,9,2,21,4,3,1,101,18,1,37,6,6,8,83,3
29420,2021,11,9,2,20,4,3,1,101,12,1,34,5,5,7,22,3
29421,2021,11,9,2,12,3,2,1,108,99,2,52,9,9,11,22,3
29422,2021,11,9,2,19,4,3,1,108,99,2,40,7,7,9,22,3
29423,2021,11,9,2,19,4,3,4,403,99,1,45,8,8,10,22,3
29424,2021,11,10,3,5,1,1,1,102,99,1,42,7,7,9,22,3
29425,2021,11,10,3,20,4,3,21,2107,99,1,22,3,3,5,83,3
29426,2021,11,10,3,12,3,2,4,401,99,1,24,3,3,5,22,3
29427,2021,11,10,3,19,4,3,1,101,7,1,21,3,3,5,83,3
29428,2021,11,11,4,14,3,2,1,101,1,1,32,5,5,7,83,3
29429,2021,11,11,4,8,2,1,1,101,7,1,54,9,9,11,83,3
29430,2021,11,11,4,14,3,2,1,101,7,1,36,6,6,8,83,3
29431,2021,11,11,4,20,4,3,1,108,99,1,25,4,4,6,22,3
29432,2021,11,11,4,4,1,1,1,115,99,1,34,5,5,7,83,3
29433,2021,11,11,4,16,3,2,5,501,99,1,28,4,4,6,22,3
29434,2021,11,11,4,13,3,2,5,502,99,1,70,11,13,15,22,3
29435,2021,11,11,4,12,3,2,1,108,99,1,24,3,3,5,83,3
29436,2021,11,11,4,10,2,1,1,115,99,1,40,7,7,9,83,3
29437,2021,11,11,4,7,2,1,1,101,9,1,34,5,5,7,83,3
29438,2021,11,12,5,17,3,2,1,101,12,1,23,3,3,5,22,3
29439,2021,11,12,5,18,4,3,1,101,12,2,34,5,5,7,22,3
29440,2021,11,12,5,1,1,1,1,115,99,2,48,8,8,10,83,3
29441,2021,11,12,5,17,3,2,5,511,99,1,49,8,8,10,22,3
29442,2021,11,12,5,19,4,3,5,501,99,1,53,9,9,11,83,3
29443,2021,11,12,5,15,3,2,2,201,99,1,38,6,6,8,22,3
29444,2021,11,12,5,14,3,2,1,101,3,1,58,10,10,12,83,3
29445,2021,11,13,6,8,2,1,1,101,12,1,50,9,9,11,83,3
29446,2021,11,13,6,16,3,2,3,301,99,1,36,6,6,8,83,3
29447,2021,11,14,7,14,3,2,1,101,7,1,53,9,9,11,22,3
29448,2021,11,14,7,15,3,2,1,101,19,1,38,6,6,8,83,3
29449,2021,11,14,7,15,3,2,9,901,99,1,21,3,3,5,83,3
29450,2021,11,14,7,18,4,3,2,207,99,1,37,6,6,8,83,3
29451,2021,11,14,7,1,1,1,10,1001,99,1,42,7,7,9,22,3
29452,2021,11,15,1,6,2,1,1,115,99,1,47,8,8,10,83,3
29453,2021,11,15,1,7,2,1,1,101,7,1,39,6,6,8,83,3
29454,2021,11,15,1,4,1,1,1,101,11,1,57,10,10,12,22,3
29455,2021,11,15,1,23,4,3,1,101,11,1,35,6,6,8,22,3
29456,2021,11,16,2,8,2,1,1,101,8,1,28,4,4,6,22,3
29457,2021,11,16,2,8,2,1,1,101,5,1,49,8,8,10,83,3
29458,2021,11,16,2,7,2,1,1,115,99,2,44,7,7,9,83,3
29459,2021,11,16,2,21,4,3,14,1401,99,1,29,4,4,6,83,3
29460,2021,11,16,2,19,4,3,1,101,7,2,43,7,7,9,83,3
29461,2021,11,16,2,21,4,3,1,117,99,1,23,3,3,5,83,3
29462,2021,11,16,2,5,1,1,5,501,99,1,52,9,9,11,83,3
29463,2021,11,16,2,15,3,2,6,608,99,1,37,6,6,8,22,3
29464,2021,11,17,3,2,1,1,1,101,7,1,50,9,9,11,83,3
29465,2021,11,17,3,5,1,1,5,511,99,1,65,11,12,14,22,3
29466,2021,11,17,3,10,2,1,9,920,99,1,69,11,12,14,83,3
29467,2021,11,17,3,10,2,1,4,415,99,1,28,4,4,6,22,3
29468,2021,11,17,3,18,4,3,1,117,99,1,41,7,7,9,22,3
29469,2021,11,17,3,8,2,1,1,115,99,2,34,5,5,7,83,3
29470,2021,11,17,3,6,2,1,1,108,99,1,24,3,3,5,83,3
29471,2021,11,18,4,17,3,2,1,101,18,2,39,6,6,8,83,3
29472,2021,11,18,4,20,4,3,1,101,15,1,27,4,4,6,83,3
29473,2021,11,18,4,10,2,1,1,115,99,1,54,9,9,11,22,3
29474,2021,11,18,4,22,4,3,1,101,12,1,31,5,5,7,83,3
29475,2021,11,18,4,10,2,1,5,502,99,1,44,7,7,9,83,3
29476,2021,11,18,4,11,2,1,5,513,99,1,37,6,6,8,83,3
29477,2021,11,18,4,16,3,2,5,501,99,1,45,8,8,10,83,3
29478,2021,11,18,4,16,3,2,5,501,99,1,45,8,8,10,83,3
29479,2021,11,18,4,18,4,3,5,501,99,1,48,8,8,10,22,3
29480,2021,11,19,5,21,4,3,1,101,18,1,45,8,8,10,83,3
29481,2021,11,19,5,11,2,1,1,101,15,1,43,7,7,9,83,3
29482,2021,11,19,5,12,3,2,1,101,1,1,37,6,6,8,83,3
29483,2021,11,20,6,9,2,1,1,101,11,1,38,6,6,8,83,3
29484,2021,11,20,6,15,3,2,1,108,99,1,34,5,5,7,83,3
29485,2021,11,20,6,5,1,1,3,308,99,1,45,8,8,10,83,3
29486,2021,11,20,6,10,2,1,3,303,99,1,24,3,3,5,83,3
29487,2021,11,20,6,21,4,3,1,101,12,2,23,3,3,5,83,3
29488,2021,11,21,7,6,2,1,1,115,99,1,50,9,9,11,83,3
29489,2021,11,21,7,17,3,2,1,108,99,2,31,5,5,7,83,3
29490,2021,11,21,7,18,4,3,1,108,99,2,38,6,6,8,83,3
29491,2021,11,21,7,4,1,1,1,117,99,2,32,5,5,7,83,3
29492,2021,11,21,7,15,3,2,1,101,3,1,44,7,7,9,22,3
29493,2021,11,22,1,10,2,1,1,101,10,1,24,3,3,5,22,3
29494,2021,11,22,1,13,3,2,1,101,10,1,23,3,3,5,22,3
29495,2021,11,22,1,11,2,1,1,117,99,1,20,3,3,5,83,3
29496,2021,11,22,1,4,1,1,20,2001,99,1,45,8,8,10,22,3
29497,2021,11,22,1,11,2,1,2,207,99,1,50,9,9,11,83,3
29498,2021,11,22,1,13,3,2,3,315,99,1,999,12,16,18,83,3
29499,2021,11,23,2,15,3,2,1,101,5,1,33,5,5,7,83,3
29500,2021,11,23,2,3,1,1,1,101,5,2,62,11,11,13,83,3
29501,2021,11,23,2,20,4,3,19,1905,99,1,39,6,6,8,22,3
29502,2021,11,23,2,11,2,1,13,1301,99,1,31,5,5,7,22,3
29503,2021,11,23,2,6,2,1,3,301,99,1,59,10,10,12,22,3
29504,2021,11,24,3,13,3,2,1,101,10,1,36,6,6,8,22,3
29505,2021,11,24,3,20,4,3,1,101,11,1,52,9,9,11,83,3
29506,2021,11,24,3,10,2,1,1,108,99,1,43,7,7,9,83,3
29507,2021,11,24,3,5,1,1,1,108,99,2,37,6,6,8,22,3
29508,2021,11,24,3,21,4,3,11,1101,99,1,19,2,2,4,83,3
29509,2021,11,24,3,8,2,1,4,416,99,1,27,4,4,6,83,3
29510,2021,11,24,3,22,4,3,1,108,99,1,52,9,9,11,83,3
29511,2021,11,24,3,9,2,1,1,101,9,2,42,7,7,9,83,3
29512,2021,11,25,4,0,1,1,1,101,18,1,48,8,8,10,83,3
29513,2021,11,25,4,21,4,3,1,115,99,1,20,3,3,5,22,3
29514,2021,11,25,4,10,2,1,1,101,11,2,44,7,7,9,83,3
29515,2021,11,25,4,20,4,3,1,115,99,1,33,5,5,7,83,3
29516,2021,11,25,4,14,3,2,1,114,99,1,36,6,6,8,83,3
29517,2021,11,25,4,11,2,1,5,507,99,1,37,6,6,8,83,3
29518,2021,11,26,5,20,4,3,1,108,99,1,39,6,6,8,22,3
29519,2021,11,26,5,12,3,2,1,101,21,1,39,6,6,8,83,3
29520,2021,11,26,5,11,2,1,1,115,99,1,27,4,4,6,83,3
29521,2021,11,27,6,11,2,1,1,101,12,1,52,9,9,11,22,3
29522,2021,11,27,6,5,1,1,1,117,99,1,49,8,8,10,83,3
29523,2021,11,27,6,9,2,1,1,101,19,1,33,5,5,7,83,3
29524,2021,11,27,6,0,1,1,5,511,99,1,50,9,9,11,22,3
29525,2021,11,27,6,1,1,1,10,1002,99,1,55,10,10,12,22,3
29526,2021,11,27,6,21,4,3,1,101,21,1,64,11,11,13,83,3
29527,2021,11,27,6,22,4,3,4,406,99,1,59,10,10,12,83,3
29528,2021,11,27,6,15,3,2,1,114,99,1,33,5,5,7,83,3
29529,2021,11,28,7,5,1,1,1,115,99,1,56,10,10,12,83,3
29530,2021,11,28,7,7,2,1,11,1109,99,1,45,8,8,10,83,3
29531,2021,11,28,7,12,3,2,3,308,99,1,25,4,4,6,83,3
29532,2021,11,28,7,20,4,3,14,1401,99,1,55,10,10,12,83,3
29533,2021,11,29,1,17,3,2,1,115,99,1,26,4,4,6,22,3
29534,2021,11,29,1,1,1,1,10,1002,99,1,40,7,7,9,83,3
29535,2021,11,29,1,23,4,3,1,101,18,1,52,9,9,11,83,3
29536,2021,11,29,1,16,3,2,1,101,7,2,25,4,4,6,22,3
29537,2021,11,29,1,9,2,1,3,308,99,1,52,9,9,11,83,3
29538,2021,11,30,2,6,2,1,1,115,99,1,41,7,7,9,22,3
29539,2021,11,30,2,12,3,2,1,116,99,1,41,7,7,9,22,3
29540,2021,11,30,2,1,1,1,3,301,99,1,44,7,7,9,83,3
29541,2021,12,1,3,7,2,1,1,101,1,2,32,5,5,7,83,3
29542,2021,12,1,3,6,2,1,1,101,12,1,33,5,5,7,22,3
29543,2021,12,1,3,21,4,3,1,101,7,1,51,9,9,11,83,3
29544,2021,12,1,3,23,4,3,1,101,7,1,59,10,10,12,83,3
29545,2021,12,1,3,20,4,3,1,114,99,1,44,7,7,9,83,3
29546,2021,12,1,3,18,4,3,1,108,99,2,49,8,8,10,83,3
29547,2021,12,1,3,23,4,3,1,108,99,1,40,7,7,9,83,3
29548,2021,12,1,3,8,2,1,5,511,99,1,68,11,12,14,22,3
29549,2021,12,1,3,9,2,1,5,511,99,1,26,4,4,6,83,3
29550,2021,12,1,3,17,3,2,3,304,99,1,45,8,8,10,83,3
29551,2021,12,2,4,7,2,1,1,101,5,1,27,4,4,6,83,3
29552,2021,12,2,4,21,4,3,1,101,13,1,30,5,5,7,83,3
29553,2021,12,2,4,2,1,1,1,101,7,1,46,8,8,10,22,3
29554,2021,12,2,4,17,3,2,1,101,7,2,47,8,8,10,83,3
29555,2021,12,2,4,22,4,3,1,101,11,1,33,5,5,7,22,3
29556,2021,12,2,4,9,2,1,1,101,7,2,32,5,5,7,83,3
29557,2021,12,2,4,11,2,1,1,114,99,1,51,9,9,11,22,3
29558,2021,12,2,4,14,3,2,1,115,99,1,38,6,6,8,83,3
29559,2021,12,2,4,14,3,2,1,108,99,1,46,8,8,10,83,3
29560,2021,12,2,4,22,4,3,1,108,99,1,38,6,6,8,22,3
29561,2021,12,2,4,19,4,3,5,501,99,2,37,6,6,8,83,3
29562,2021,12,3,5,10,2,1,1,101,3,1,32,5,5,7,22,3
29563,2021,12,3,5,6,2,1,1,101,13,1,48,8,8,10,83,3
29564,2021,12,3,5,8,2,1,1,101,14,1,25,4,4,6,83,3
29565,2021,12,3,5,20,4,3,1,101,11,1,32,5,5,7,22,3
29566,2021,12,3,5,6,2,1,1,115,99,1,25,4,4,6,22,3
29567,2021,12,3,5,19,4,3,1,108,99,2,50,9,9,11,83,3
29568,2021,12,3,5,6,2,1,4,401,99,1,28,4,4,6,83,3
29569,2021,12,3,5,20,4,3,3,312,99,1,18,2,2,4,83,3
29570,2021,12,4,6,6,2,1,1,101,14,1,45,8,8,10,83,3
29571,2021,12,4,6,11,2,1,1,101,14,1,26,4,4,6,83,3
29572,2021,12,4,6,5,1,1,1,110,99,2,57,10,10,12,83,3
29573,2021,12,4,6,9,2,1,19,1905,99,2,39,6,6,8,22,3
29574,2021,12,4,6,8,2,1,5,501,99,1,37,6,6,8,83,3
29575,2021,12,4,6,2,1,1,16,1601,99,2,48,8,8,10,83,3
29576,2021,12,4,6,18,4,3,3,309,99,1,44,7,7,9,83,3
29577,2021,12,5,7,0,1,1,1,115,99,1,31,5,5,7,83,3
29578,2021,12,6,1,21,4,3,1,108,99,1,25,4,4,6,22,3
29579,2021,12,6,1,22,4,3,1,108,99,1,34,5,5,7,83,3
29580,2021,12,6,1,3,1,1,6,614,99,1,58,10,10,12,83,3
29581,2021,12,7,2,11,2,1,1,101,17,1,32,5,5,7,22,3
29582,2021,12,7,2,21,4,3,1,108,99,1,36,6,6,8,22,3
29583,2021,12,7,2,9,2,1,5,501,99,1,40,7,7,9,83,3
29584,2021,12,7,2,20,4,3,10,1010,99,1,30,5,5,7,83,3
29585,2021,12,7,2,9,2,1,2,207,99,2,52,9,9,11,22,3
29586,2021,12,7,2,9,2,1,4,414,99,1,20,3,3,5,83,3
29587,2021,12,7,2,19,4,3,3,304,99,1,33,5,5,7,83,3
29588,2021,12,8,3,11,2,1,1,101,13,1,20,3,3,5,83,3
29589,2021,12,8,3,13,3,2,1,102,99,1,21,3,3,5,22,3
29590,2021,12,8,3,23,4,3,1,101,7,1,35,6,6,8,83,3
29591,2021,12,8,3,15,3,2,1,114,99,1,59,10,10,12,22,3
29592,2021,12,8,3,19,4,3,1,108,99,1,46,8,8,10,22,3
29593,2021,12,8,3,19,4,3,19,1910,99,1,35,6,6,8,22,3
29594,2021,12,9,4,10,2,1,1,101,9,2,999,12,16,18,22,3
29595,2021,12,9,4,11,2,1,1,101,11,1,23,3,3,5,22,3
29596,2021,12,9,4,6,2,1,5,502,99,1,32,5,5,7,83,3
29597,2021,12,9,4,20,4,3,5,501,99,1,63,11,11,13,22,3
29598,2021,12,9,4,18,4,3,5,501,99,1,41,7,7,9,22,3
29599,2021,12,9,4,3,1,1,4,415,99,1,30,5,5,7,83,3
29600,2021,12,9,4,5,1,1,4,401,99,1,56,10,10,12,83,3
29601,2021,12,9,4,23,4,3,4,406,99,1,33,5,5,7,83,3
29602,2021,12,10,5,12,3,2,1,101,9,1,31,5,5,7,22,3
29603,2021,12,10,5,8,2,1,1,101,9,1,22,3,3,5,83,3
29604,2021,12,10,5,4,1,1,1,101,18,2,55,10,10,12,83,3
29605,2021,12,10,5,20,4,3,1,101,13,1,31,5,5,7,22,3
29606,2021,12,10,5,23,4,3,1,108,99,1,25,4,4,6,22,3
29607,2021,12,11,6,15,3,2,15,1507,99,1,37,6,6,8,22,3
29608,2021,12,12,7,6,2,1,1,101,18,1,54,9,9,11,83,3
29609,2021,12,12,7,22,4,3,1,108,99,2,55,10,10,12,83,3
29610,2021,12,12,7,11,2,1,11,1101,99,1,30,5,5,7,83,3
29611,2021,12,12,7,14,3,2,9,901,99,1,999,12,16,18,83,3
29612,2021,12,12,7,23,4,3,3,301,99,1,37,6,6,8,83,3
29613,2021,12,13,1,20,4,3,1,104,99,1,20,3,3,5,83,3
29614,2021,12,13,1,23,4,3,2,208,99,1,34,5,5,7,22,3
29615,2021,12,14,2,23,4,3,1,101,5,1,31,5,5,7,83,3
29616,2021,12,14,2,6,2,1,1,101,21,1,36,6,6,8,83,3
29617,2021,12,14,2,3,1,1,1,115,99,1,48,8,8,10,83,3
29618,2021,12,14,2,5,1,1,1,108,99,1,29,4,4,6,22,3
29619,2021,12,14,2,8,2,1,5,501,99,1,27,4,4,6,83,3
29620,2021,12,14,2,20,4,3,2,201,99,1,67,11,12,14,83,3
29621,2021,12,14,2,9,2,1,14,1406,99,1,28,4,4,6,22,3
29622,2021,12,15,3,8,2,1,1,101,18,1,60,11,11,13,83,3
29623,2021,12,15,3,3,1,1,1,101,12,1,30,5,5,7,83,3
29624,2021,12,15,3,4,1,1,1,108,99,1,44,7,7,9,83,3
29625,2021,12,16,4,14,3,2,1,101,2,2,33,5,5,7,83,3
29626,2021,12,16,4,18,4,3,10,1008,99,1,53,9,9,11,83,3
29627,2021,12,16,4,14,3,2,9,920,99,1,50,9,9,11,83,3
29628,2021,12,16,4,17,3,2,4,414,99,2,20,3,3,5,22,3
29629,2021,12,16,4,3,1,1,3,313,99,1,42,7,7,9,83,3
29630,2021,12,16,4,23,4,3,3,312,99,1,51,9,9,11,83,3
29631,2021,12,16,4,14,3,2,1,115,99,1,25,4,4,6,83,3
29632,2021,12,16,4,17,3,2,1,115,99,1,30,5,5,7,83,3
29633,2021,12,17,5,17,3,2,1,105,99,1,33,5,5,7,83,3
29634,2021,12,17,5,14,3,2,1,101,10,1,41,7,7,9,83,3
29635,2021,12,17,5,22,4,3,1,101,7,1,27,4,4,6,83,3
29636,2021,12,17,5,11,2,1,1,101,12,1,22,3,3,5,83,3
29637,2021,12,17,5,8,2,1,1,114,99,1,52,9,9,11,83,3
29638,2021,12,17,5,11,2,1,1,115,99,1,42,7,7,9,83,3
29639,2021,12,17,5,21,4,3,1,110,99,1,34,5,5,7,22,3
29640,2021,12,17,5,4,1,1,1,108,99,1,19,2,2,4,22,3
29641,2021,12,17,5,18,4,3,1,108,99,1,45,8,8,10,83,3
29642,2021,12,18,6,4,1,1,1,101,25,1,35,6,6,8,83,3
29643,2021,12,18,6,11,2,1,1,116,99,1,18,2,2,4,22,3
29644,2021,12,19,7,21,4,3,1,115,99,1,21,3,3,5,83,3
29645,2021,12,19,7,23,4,3,1,115,99,1,31,5,5,7,83,3
29646,2021,12,19,7,12,3,2,1,115,99,1,28,4,4,6,83,3
29647,2021,12,19,7,23,4,3,5,501,99,1,50,9,9,11,22,3
29648,2021,12,20,1,8,2,1,1,101,11,1,35,6,6,8,22,3
29649,2021,12,20,1,20,4,3,1,101,7,2,44,7,7,9,83,3
29650,2021,12,21,2,9,2,1,1,101,13,2,28,4,4,6,83,3
29651,2021,12,21,2,7,2,1,1,101,5,1,44,7,7,9,83,3
29652,2021,12,21,2,4,1,1,1,101,12,1,21,3,3,5,83,3
29653,2021,12,21,2,13,3,2,1,101,12,1,50,9,9,11,22,3
29654,2021,12,21,2,7,2,1,1,117,99,1,26,4,4,6,22,3
29655,2021,12,21,2,11,2,1,1,108,99,1,45,8,8,10,22,3
29656,2021,12,21,2,11,2,1,5,501,99,2,49,8,8,10,83,3
29657,2021,12,21,2,7,2,1,3,302,99,1,25,4,4,6,83,3
29658,2021,12,21,2,21,4,3,1,108,99,1,30,5,5,7,22,3
29659,2021,12,22,3,13,3,2,1,101,3,2,999,12,16,18,83,3
29660,2021,12,22,3,22,4,3,1,101,13,1,31,5,5,7,83,3
29661,2021,12,22,3,12,3,2,1,108,99,2,46,8,8,10,83,3
29662,2021,12,23,4,12,3,2,1,113,99,2,41,7,7,9,22,3
29663,2021,12,23,4,22,4,3,1,101,7,1,21,3,3,5,22,3
29664,2021,12,23,4,5,1,1,1,115,99,1,26,4,4,6,22,3
29665,2021,12,23,4,6,2,1,3,309,99,1,51,9,9,11,83,3
29666,2021,12,24,5,8,2,1,1,101,6,1,30,5,5,7,83,3
29667,2021,12,24,5,5,1,1,1,117,99,1,42,7,7,9,83,3
29668,2021,12,24,5,17,3,2,11,1102,99,1,26,4,4,6,22,3
29669,2021,12,25,6,7,2,1,1,106,99,1,32,5,5,7,83,3
29670,2021,12,27,1,11,2,1,1,101,1,1,51,9,9,11,83,3
29671,2021,12,27,1,14,3,2,1,101,25,1,20,3,3,5,83,3
29672,2021,12,27,1,20,4,3,1,117,99,1,41,7,7,9,83,3
29673,2021,12,28,2,5,1,1,1,101,12,1,46,8,8,10,22,3
29674,2021,12,28,2,12,3,2,1,101,7,1,41,7,7,9,83,3
29675,2021,12,28,2,12,3,2,1,101,11,2,45,8,8,10,22,3
29676,2021,12,28,3,19,4,3,3,301,99,1,60,11,11,13,83,3
29677,2021,12,28,2,20,4,3,1,114,99,1,31,5,5,7,83,3
29678,2021,12,28,2,21,4,3,1,101,18,1,25,4,4,6,83,3
29679,2021,12,28,2,8,2,1,5,502,99,1,65,11,12,14,22,3
29680,2021,12,29,3,0,1,1,1,101,18,1,42,7,7,9,83,3
29681,2021,12,29,3,9,2,1,1,101,21,2,42,7,7,9,83,3
29682,2021,12,29,3,21,4,3,1,108,99,1,38,6,6,8,83,3
29683,2021,12,29,3,15,3,2,1,101,7,2,29,4,4,6,83,3
29684,2021,12,30,4,7,2,1,1,115,99,1,38,6,6,8,83,3
29685,2021,12,30,4,16,3,2,1,101,19,1,35,6,6,8,83,3
29686,2021,12,30,4,17,3,2,1,108,99,1,35,6,6,8,83,3
29687,2021,12,30,4,8,2,1,19,1905,99,1,76,11,14,16,83,3
29688,2021,12,30,4,8,2,1,19,1905,99,1,76,11,14,16,83,3
29689,2021,12,30,4,4,1,1,5,501,99,1,54,9,9,11,83,3
29690,2021,12,31,5,11,2,1,1,101,17,1,24,3,3,5,22,3
29691,2021,12,31,5,16,3,2,4,401,99,2,62,11,11,13,83,3
29692,2021,11,1,1,2,1,1,1,101,16,1,21,3,3,5,1,1
29693,2021,11,1,1,21,4,3,1,101,16,1,19,2,2,4,1,1
29694,2021,11,1,1,20,4,3,22,2201,99,1,58,10,10,12,1,1
29695,2021,11,1,1,13,3,2,11,1107,99,1,31,5,5,7,1,1
29696,2021,11,1,1,10,2,1,9,917,99,1,21,3,3,5,1,1
29697,2021,11,1,1,16,3,2,13,1312,99,1,42,7,7,9,1,1
29698,2021,11,1,1,1,1,1,1,101,3,1,21,3,3,5,8,2
29699,2021,11,1,1,4,1,1,1,101,4,2,31,5,5,7,8,2
29700,2021,11,1,1,21,4,3,1,108,99,1,42,7,7,9,8,2
29701,2021,11,1,1,14,3,2,22,2213,99,1,25,4,4,6,7,2
29702,2021,11,1,1,10,2,1,5,501,99,1,999,12,16,18,8,2
29703,2021,11,1,1,9,2,1,10,1010,99,2,22,3,3,5,7,2
29704,2021,11,1,1,18,4,3,12,1215,99,1,19,2,2,4,9,2
29705,2021,11,1,1,16,3,2,13,1312,99,1,44,7,7,9,7,2
29706,2021,11,2,2,13,3,2,1,101,16,1,28,4,4,6,1,1
29707,2021,11,2,2,13,3,2,1,101,16,1,36,6,6,8,2,1
29708,2021,11,2,2,19,4,3,1,103,99,1,19,2,2,4,1,1
29709,2021,11,2,2,19,4,3,1,103,99,1,18,2,2,4,1,1
29710,2021,11,2,2,19,4,3,1,103,99,1,48,8,8,10,1,1
29711,2021,11,2,2,15,3,2,5,506,99,1,19,2,2,4,1,1
29712,2021,11,2,2,21,4,3,17,1708,99,1,20,3,3,5,1,1
29713,2021,11,2,2,14,3,2,1,101,1,1,39,6,6,8,7,2
29714,2021,11,2,2,19,4,3,1,103,99,1,40,7,7,9,7,2
29715,2021,11,2,2,20,4,3,1,103,99,1,32,5,5,7,7,2
29716,2021,11,2,2,14,3,2,1,101,11,1,15,2,2,4,7,2
29717,2021,11,2,2,14,3,2,1,101,11,1,26,4,4,6,7,2
29718,2021,11,2,2,17,3,2,1,101,12,1,15,2,2,4,7,2
29719,2021,11,2,2,15,3,2,5,506,99,1,14,1,1,3,7,2
29720,2021,11,2,2,15,3,2,4,411,99,1,21,3,3,5,7,2
29721,2021,11,3,3,7,2,1,1,101,12,1,31,5,5,7,1,1
29722,2021,11,3,3,21,4,3,5,509,99,2,15,2,2,4,1,1
29723,2021,11,3,3,14,3,2,1,101,10,1,35,6,6,8,7,2
29724,2021,11,3,3,0,1,1,9,913,99,1,33,5,5,7,8,2
29725,2021,11,3,3,23,4,3,1,108,99,1,30,5,5,7,7,2
29726,2021,11,4,4,18,4,3,1,101,1,1,33,5,5,7,1,1
29727,2021,11,4,4,15,3,2,1,101,12,2,60,11,11,13,1,1
29728,2021,11,4,4,20,4,3,20,2001,99,1,49,8,8,10,1,1
29729,2021,11,4,4,20,4,3,20,2001,99,1,47,8,8,10,1,1
29730,2021,11,4,4,7,2,1,19,1901,99,1,33,5,5,7,1,1
29731,2021,11,4,4,3,1,1,6,608,99,1,23,3,3,5,2,1
29732,2021,11,4,4,20,4,3,18,1804,99,1,62,11,11,13,1,1
29733,2021,11,4,4,19,4,3,1,115,99,1,28,4,4,6,7,2
29734,2021,11,4,4,0,1,1,1,108,99,1,28,4,4,6,7,2
29735,2021,11,4,4,20,4,3,20,2001,99,1,16,2,2,4,7,2
29736,2021,11,4,4,22,4,3,5,501,99,1,22,3,3,5,7,2
29737,2021,11,5,5,23,4,3,1,107,99,1,26,4,4,6,5,1
29738,2021,11,5,5,9,2,1,1,101,18,1,55,10,10,12,1,1
29739,2021,11,5,5,13,3,2,1,101,6,1,34,5,5,7,1,1
29740,2021,11,5,5,15,3,2,1,101,21,1,16,2,2,4,1,1
29741,2021,11,5,5,23,4,3,1,101,12,1,28,4,4,6,1,1
29742,2021,11,5,5,15,3,2,1,101,1,2,47,8,8,10,9,2
29743,2021,11,5,5,18,4,3,1,101,9,2,14,1,1,3,8,2
29744,2021,11,5,5,23,4,3,21,2102,99,1,47,8,8,10,9,2
29745,2021,11,5,5,4,1,1,5,506,99,1,21,3,3,5,7,2
29746,2021,11,5,5,22,4,3,6,604,99,1,51,9,9,11,1,1
29747,2021,11,6,6,5,1,1,1,101,1,1,30,5,5,7,1,1
29748,2021,11,6,6,11,2,1,1,101,9,1,23,3,3,5,1,1
29749,2021,11,6,6,17,3,2,1,102,99,1,34,5,5,7,1,1
29750,2021,11,6,6,17,3,2,1,102,99,1,33,5,5,7,1,1
29751,2021,11,6,6,21,4,3,1,113,99,1,39,6,6,8,1,1
29752,2021,11,6,6,5,1,1,1,101,12,1,16,2,2,4,5,1
29753,2021,11,6,6,7,2,1,1,115,99,2,18,2,2,4,1,1
29754,2021,11,6,6,7,2,1,1,115,99,2,14,1,1,3,1,1
29755,2021,11,6,6,19,4,3,11,1101,99,1,17,2,2,4,3,1
29756,2021,11,6,6,18,4,3,9,901,99,1,30,5,5,7,1,1
29757,2021,11,6,6,18,4,3,9,901,99,1,44,7,7,9,1,1
29758,2021,11,6,6,18,4,3,9,901,99,1,50,9,9,11,1,1
29759,2021,11,6,6,3,1,1,1,101,1,1,29,4,4,6,7,2
29760,2021,11,6,6,7,2,1,1,101,4,1,64,11,11,13,9,2
29761,2021,11,6,6,15,3,2,1,101,18,1,70,11,13,15,9,2
29762,2021,11,6,6,18,4,3,1,103,99,1,22,3,3,5,7,2
29763,2021,11,6,6,18,4,3,1,103,99,1,19,2,2,4,7,2
29764,2021,11,6,6,18,4,3,1,103,99,1,17,2,2,4,7,2
29765,2021,11,6,6,19,4,3,1,110,99,2,51,9,9,11,9,2
29766,2021,11,6,6,13,3,2,22,2201,99,1,23,3,3,5,7,2
29767,2021,11,6,6,20,4,3,6,602,99,1,44,7,7,9,7,2
29768,2021,11,6,6,18,4,3,9,901,99,1,36,6,6,8,7,2
29769,2021,11,7,7,9,2,1,1,101,18,1,31,5,5,7,2,1
29770,2021,11,7,7,7,2,1,1,102,99,1,29,4,4,6,1,1
29771,2021,11,7,7,7,2,1,1,102,99,1,26,4,4,6,1,1
29772,2021,11,7,7,15,3,2,1,108,99,1,25,4,4,6,1,1
29773,2021,11,7,7,15,3,2,1,108,99,2,22,3,3,5,1,1
29774,2021,11,7,7,7,2,1,21,2101,99,1,17,2,2,4,1,1
29775,2021,11,7,7,7,2,1,21,2101,99,1,19,2,2,4,1,1
29776,2021,11,7,7,23,4,3,19,1905,99,1,22,3,3,5,1,1
29777,2021,11,7,7,5,1,1,5,501,99,1,20,3,3,5,1,1
29778,2021,11,7,7,19,4,3,5,509,99,1,24,3,3,5,1,1
29779,2021,11,7,7,13,3,2,9,921,99,1,39,6,6,8,1,1
29780,2021,11,7,7,0,1,1,7,719,99,1,30,5,5,7,3,1
29781,2021,11,7,7,18,4,3,1,107,99,1,22,3,3,5,7,2
29782,2021,11,7,7,23,4,3,19,1905,99,1,40,7,7,9,7,2
29783,2021,11,7,7,17,3,2,15,1502,99,1,31,5,5,7,9,2
29784,2021,11,8,1,19,4,3,1,101,6,2,34,5,5,7,1,1
29785,2021,11,8,1,19,4,3,1,101,18,1,30,5,5,7,1,1
29786,2021,11,8,1,13,3,2,1,116,99,2,18,2,2,4,1,1
29787,2021,11,8,1,4,1,1,11,1109,99,1,39,6,6,8,1,1
29788,2021,11,8,1,10,2,1,2,205,99,1,47,8,8,10,1,1
29789,2021,11,8,1,17,3,2,18,1805,99,1,18,2,2,4,1,1
29790,2021,11,8,1,19,4,3,1,101,1,1,16,2,2,4,7,2
29791,2021,11,8,1,19,4,3,1,101,18,1,25,4,4,6,7,2
29792,2021,11,8,1,4,1,1,11,1109,99,1,20,3,3,5,7,2
29793,2021,11,8,1,20,4,3,17,1712,99,1,25,4,4,6,7,2
29794,2021,11,8,1,20,4,3,17,1712,99,1,26,4,4,6,7,2
29795,2021,11,9,2,18,4,3,1,101,18,1,36,6,6,8,1,1
29796,2021,11,9,2,18,4,3,1,103,99,1,19,2,2,4,1,1
29797,2021,11,9,2,10,2,1,1,101,7,1,999,12,16,18,2,1
29798,2021,11,9,2,20,4,3,19,1908,99,1,66,11,12,14,1,1
29799,2021,11,9,2,16,3,2,5,509,99,1,30,5,5,7,1,1
29800,2021,11,9,2,18,4,3,1,101,18,1,25,4,4,6,7,2
29801,2021,11,9,2,11,2,1,1,108,99,1,42,7,7,9,7,2
29802,2021,11,9,2,22,4,3,1,108,99,1,22,3,3,5,7,2
29803,2021,11,9,2,22,4,3,1,107,99,1,29,4,4,6,5,1
29804,2021,11,10,3,18,4,3,1,101,1,1,40,7,7,9,2,1
29805,2021,11,10,3,15,3,2,1,107,99,1,40,7,7,9,1,1
29806,2021,11,10,3,9,2,1,1,101,16,1,15,2,2,4,1,1
29807,2021,11,10,3,8,2,1,1,106,99,1,28,4,4,6,5,1
29808,2021,11,10,3,2,1,1,1,103,99,1,50,9,9,11,3,1
29809,2021,11,10,3,23,4,3,1,101,5,1,40,7,7,9,5,1
29810,2021,11,10,3,12,3,2,1,101,7,1,32,5,5,7,1,1
29811,2021,11,10,3,9,2,1,1,115,99,2,26,4,4,6,5,1
29812,2021,11,10,3,9,2,1,1,115,99,1,28,4,4,6,5,1
29813,2021,11,10,3,15,3,2,1,107,99,1,36,6,6,8,7,2
29814,2021,11,10,3,22,4,3,1,115,99,2,37,6,6,8,8,2
29815,2021,11,10,3,21,4,3,1,108,99,1,10,1,1,3,8,2
29816,2021,11,10,3,19,4,3,1,101,11,1,33,5,5,7,8,2
29817,2021,11,11,4,12,3,2,1,101,4,1,40,7,7,9,2,1
29818,2021,11,11,4,4,1,1,1,114,99,1,50,9,9,11,1,1
29819,2021,11,11,4,12,3,2,20,2001,99,1,41,7,7,9,1,1
29820,2021,11,11,4,4,1,1,5,501,99,1,44,7,7,9,1,1
29821,2021,11,11,4,12,3,2,1,101,4,1,31,5,5,7,8,2
29822,2021,11,11,4,11,2,1,1,101,1,1,32,5,5,7,7,2
29823,2021,11,11,4,17,3,2,1,101,13,2,30,5,5,7,7,2
29824,2021,11,11,4,17,3,2,1,101,13,2,17,2,2,4,7,2
29825,2021,11,11,4,11,2,1,1,108,99,2,32,5,5,7,8,2
29826,2021,11,11,4,4,1,1,4,406,99,1,14,1,1,3,7,2
29827,2021,11,12,5,21,4,3,1,103,99,1,999,12,16,18,2,1
29828,2021,11,12,5,13,3,2,1,101,7,1,28,4,4,6,1,1
29829,2021,11,12,5,13,3,2,1,101,7,1,23,3,3,5,1,1
29830,2021,11,12,5,13,3,2,1,101,7,1,26,4,4,6,1,1
29831,2021,11,12,5,19,4,3,1,108,99,1,999,12,16,18,1,1
29832,2021,11,12,5,20,4,3,1,108,99,1,23,3,3,5,1,1
29833,2021,11,12,5,19,4,3,1,110,99,1,15,2,2,4,1,1
29834,2021,11,12,5,10,2,1,20,2001,99,1,999,12,16,18,1,1
29835,2021,11,12,5,12,3,2,5,502,99,1,39,6,6,8,1,1
29836,2021,11,12,5,14,3,2,5,502,99,1,39,6,6,8,1,1
29837,2021,11,12,5,18,4,3,5,509,99,1,24,3,3,5,1,1
29838,2021,11,12,5,19,4,3,11,1106,99,1,57,10,10,12,2,1
29839,2021,11,12,5,22,4,3,3,302,99,1,39,6,6,8,1,1
29840,2021,11,12,5,22,4,3,3,302,99,2,30,5,5,7,1,1
29841,2021,11,12,5,18,4,3,6,601,99,1,28,4,4,6,1,1
29842,2021,11,12,5,17,3,2,1,101,1,1,27,4,4,6,7,2
29843,2021,11,12,5,21,4,3,1,103,99,1,20,3,3,5,7,2
29844,2021,11,12,5,21,4,3,1,101,7,1,23,3,3,5,8,2
29845,2021,11,12,5,20,4,3,1,108,99,1,28,4,4,6,7,2
29846,2021,11,12,5,20,4,3,1,108,99,1,36,6,6,8,7,2
29847,2021,11,12,5,10,2,1,1,108,99,1,41,7,7,9,7,2
29848,2021,11,12,5,18,4,3,5,509,99,1,25,4,4,6,7,2
29849,2021,11,12,5,18,4,3,5,509,99,1,33,5,5,7,7,2
29850,2021,11,12,5,16,3,2,13,1306,99,1,48,8,8,10,7,2
29851,2021,11,13,6,15,3,2,1,101,24,1,22,3,3,5,1,1
29852,2021,11,13,6,15,3,2,1,101,24,1,40,7,7,9,1,1
29853,2021,11,13,6,10,2,1,1,101,5,2,93,11,15,17,3,1
29854,2021,11,13,6,10,2,1,1,101,5,2,67,11,12,14,3,1
29855,2021,11,13,6,1,1,1,1,101,7,1,21,3,3,5,1,1
29856,2021,11,13,6,10,2,1,1,116,99,2,42,7,7,9,1,1
29857,2021,11,13,6,10,2,1,1,116,99,1,47,8,8,10,1,1
29858,2021,11,13,6,21,4,3,1,114,99,1,28,4,4,6,1,1
29859,2021,11,13,6,14,3,2,11,1109,99,1,17,2,2,4,1,1
29860,2021,11,13,6,23,4,3,9,917,99,1,18,2,2,4,1,1
29861,2021,11,13,6,12,3,2,17,1712,99,1,32,5,5,7,1,1
29862,2021,11,13,6,0,1,1,14,1415,99,1,52,9,9,11,1,1
29863,2021,11,13,6,18,4,3,17,1705,99,1,46,8,8,10,1,1
29864,2021,11,13,6,23,4,3,1,101,1,2,6,1,1,2,7,2
29865,2021,11,13,6,10,2,1,1,116,99,1,40,7,7,9,7,2
29866,2021,11,13,6,19,4,3,1,115,99,1,22,3,3,5,7,2
29867,2021,11,13,6,21,4,3,1,114,99,1,43,7,7,9,8,2
29868,2021,11,13,6,14,3,2,11,1109,99,1,40,7,7,9,7,2
29869,2021,11,14,7,1,1,1,1,106,99,1,19,2,2,4,2,1
29870,2021,11,14,7,14,3,2,22,2201,99,1,35,6,6,8,2,1
29871,2021,11,14,7,5,1,1,5,503,99,1,47,8,8,10,1,1
29872,2021,11,14,7,17,3,2,5,501,99,1,26,4,4,6,1,1
29873,2021,11,14,7,17,3,2,5,501,99,1,48,8,8,10,1,1
29874,2021,11,14,7,18,4,3,5,513,99,1,17,2,2,4,1,1
29875,2021,11,14,7,11,2,1,2,204,99,1,60,11,11,13,1,1
29876,2021,11,14,7,11,2,1,18,1804,99,2,19,2,2,4,2,1
29877,2021,11,14,7,21,4,3,18,1801,99,1,23,3,3,5,1,1
29878,2021,11,14,7,12,3,2,17,1705,99,1,32,5,5,7,1,1
29879,2021,11,14,7,23,4,3,1,101,5,1,26,4,4,6,7,2
29880,2021,11,14,7,8,2,1,1,101,5,1,24,3,3,5,8,2
29881,2021,11,14,7,18,4,3,1,115,99,1,22,3,3,5,8,2
29882,2021,11,14,7,20,4,3,1,108,99,1,28,4,4,6,7,2
29883,2021,11,14,7,0,1,1,1,108,99,1,24,3,3,5,8,2
29884,2021,11,14,7,19,4,3,21,2101,99,1,22,3,3,5,7,2
29885,2021,11,14,7,8,2,1,10,1001,99,1,60,11,11,13,7,2
29886,2021,11,14,7,8,2,1,4,408,99,2,29,4,4,6,7,2
29887,2021,11,14,7,22,4,3,1,101,1,1,25,4,4,6,9,2
29888,2021,11,15,1,7,2,1,1,115,99,1,29,4,4,6,1,1
29889,2021,11,15,1,17,3,2,1,114,99,1,27,4,4,6,1,1
29890,2021,11,15,1,1,1,1,20,2001,99,1,30,5,5,7,1,1
29891,2021,11,15,1,19,4,3,19,1901,99,1,31,5,5,7,1,1
29892,2021,11,15,1,1,1,1,18,1805,99,1,30,5,5,7,1,1
29893,2021,11,15,1,18,4,3,17,1712,99,1,35,6,6,8,2,1
29894,2021,11,15,1,21,4,3,1,101,6,1,23,3,3,5,7,2
29895,2021,11,15,1,9,2,1,1,113,99,1,22,3,3,5,7,2
29896,2021,11,15,1,7,2,1,1,115,99,2,999,12,16,18,7,2
29897,2021,11,15,1,13,3,2,22,2202,99,1,25,4,4,6,7,2
29898,2021,11,15,1,14,3,2,9,901,99,1,29,4,4,6,7,2
29899,2021,11,15,1,14,3,2,15,1505,99,1,34,5,5,7,7,2
29900,2021,11,15,1,1,1,1,14,1401,99,1,51,9,9,11,7,2
29901,2021,11,15,1,21,4,3,4,416,99,1,16,2,2,4,7,2
29902,2021,11,15,1,20,4,3,3,314,99,1,15,2,2,4,8,2
29903,2021,11,16,2,20,4,3,1,106,99,1,19,2,2,4,1,1
29904,2021,11,16,2,6,2,1,1,101,12,1,25,4,4,6,1,1
29905,2021,11,16,2,20,4,3,1,115,99,2,45,8,8,10,2,1
29906,2021,11,16,2,10,2,1,19,1905,99,1,999,12,16,18,1,1
29907,2021,11,16,2,15,3,2,1,101,21,2,14,1,1,3,7,2
29908,2021,11,16,2,20,4,3,1,115,99,2,25,4,4,6,8,2
29909,2021,11,16,2,20,4,3,1,115,99,1,28,4,4,6,8,2
29910,2021,11,16,2,20,4,3,1,115,99,1,23,3,3,5,8,2
29911,2021,11,16,2,17,3,2,22,2206,99,1,38,6,6,8,7,2
29912,2021,11,16,2,17,3,2,22,2206,99,1,22,3,3,5,7,2
29913,2021,11,16,2,19,4,3,5,509,99,1,28,4,4,6,7,2
29914,2021,11,16,2,12,3,2,1,117,99,2,999,12,16,18,9,2
29915,2021,11,17,3,20,4,3,1,101,7,1,35,6,6,8,1,1
29916,2021,11,17,3,22,4,3,1,115,99,1,26,4,4,6,1,1
29917,2021,11,17,3,22,4,3,1,108,99,1,25,4,4,6,1,1
29918,2021,11,17,3,11,2,1,12,1230,99,1,30,5,5,7,1,1
29919,2021,11,17,3,4,1,1,1,101,7,1,28,4,4,6,7,2
29920,2021,11,17,3,6,2,1,5,503,99,1,33,5,5,7,7,2
29921,2021,11,17,3,12,3,2,10,1001,99,1,27,4,4,6,7,2
29922,2021,11,17,3,0,1,1,16,1602,99,1,26,4,4,6,7,2
29923,2021,11,17,3,21,4,3,4,401,99,1,23,3,3,5,9,2
29924,2021,11,17,3,3,1,1,1,101,12,1,27,4,4,6,7,2
29925,2021,11,17,3,22,4,3,1,108,99,1,20,3,3,5,9,2
29926,2021,11,17,3,11,2,1,18,1803,99,2,29,4,4,6,9,2
29927,2021,11,18,4,18,4,3,1,115,99,2,42,7,7,9,1,1
29928,2021,11,18,4,16,3,2,1,116,99,1,22,3,3,5,1,1
29929,2021,11,18,4,16,3,2,1,101,19,1,22,3,3,5,1,1
29930,2021,11,18,4,18,4,3,1,108,99,2,999,12,16,18,1,1
29931,2021,11,18,4,20,4,3,21,2106,99,2,40,7,7,9,2,1
29932,2021,11,18,4,22,4,3,19,1901,99,2,31,5,5,7,1,1
29933,2021,11,18,4,5,1,1,5,506,99,1,35,6,6,8,1,1
29934,2021,11,18,4,19,4,3,5,513,99,1,26,4,4,6,1,1
29935,2021,11,18,4,0,1,1,12,1201,99,1,22,3,3,5,1,1
29936,2021,11,18,4,18,4,3,1,115,99,1,24,3,3,5,1,1
29937,2021,11,18,4,18,4,3,1,115,99,1,28,4,4,6,1,1
29938,2021,11,18,4,23,4,3,1,101,18,1,15,2,2,4,9,2
29939,2021,11,18,4,5,1,1,1,113,99,1,40,7,7,9,7,2
29940,2021,11,18,4,18,4,3,1,115,99,1,43,7,7,9,7,2
29941,2021,11,18,4,18,4,3,1,115,99,1,28,4,4,6,7,2
29942,2021,11,18,4,18,4,3,1,115,99,1,29,4,4,6,7,2
29943,2021,11,18,4,18,4,3,1,115,99,1,35,6,6,8,7,2
29944,2021,11,18,4,18,4,3,1,115,99,1,23,3,3,5,7,2
29945,2021,11,18,4,18,4,3,1,115,99,1,21,3,3,5,7,2
29946,2021,11,18,4,18,4,3,1,115,99,1,39,6,6,8,7,2
29947,2021,11,18,4,18,4,3,1,115,99,1,30,5,5,7,7,2
29948,2021,11,18,4,18,4,3,1,115,99,2,40,7,7,9,7,2
29949,2021,11,18,4,22,4,3,1,116,99,1,20,3,3,5,7,2
29950,2021,11,19,5,18,4,3,1,101,7,1,40,7,7,9,1,1
29951,2021,11,19,5,3,1,1,1,116,99,1,999,12,16,18,5,1
29952,2021,11,19,5,14,3,2,22,2205,99,1,999,12,16,18,1,1
29953,2021,11,19,5,13,3,2,19,1901,99,1,22,3,3,5,1,1
29954,2021,11,19,5,9,2,1,5,503,99,1,26,4,4,6,1,1
29955,2021,11,19,5,15,3,2,6,610,99,1,20,3,3,5,1,1
29956,2021,11,19,5,14,3,2,4,416,99,1,43,7,7,9,1,1
29957,2021,11,19,5,14,3,2,4,416,99,1,26,4,4,6,3,1
29958,2021,11,19,5,15,3,2,1,101,9,1,21,3,3,5,7,2
29959,2021,11,19,5,18,4,3,1,101,7,1,26,4,4,6,7,2
29960,2021,11,19,5,7,2,1,1,108,99,1,19,2,2,4,9,2
29961,2021,11,19,5,21,4,3,10,1020,99,1,24,3,3,5,7,2
29962,2021,11,20,6,22,4,3,1,101,6,1,30,5,5,7,1,1
29963,2021,11,20,6,22,4,3,1,101,6,1,22,3,3,5,1,1
29964,2021,11,20,6,13,3,2,1,102,99,1,23,3,3,5,1,1
29965,2021,11,20,6,21,4,3,21,2104,99,1,39,6,6,8,1,1
29966,2021,11,20,6,12,3,2,20,2007,99,1,33,5,5,7,1,1
29967,2021,11,20,6,23,4,3,9,901,99,1,30,5,5,7,2,1
29968,2021,11,20,6,23,4,3,17,1707,99,1,21,3,3,5,2,1
29969,2021,11,20,6,17,3,2,1,101,3,1,33,5,5,7,7,2
29970,2021,11,20,6,14,3,2,1,101,1,2,30,5,5,7,9,2
29971,2021,11,20,6,17,3,2,1,101,1,1,18,2,2,4,9,2
29972,2021,11,20,6,17,3,2,1,101,1,1,18,2,2,4,9,2
29973,2021,11,20,6,14,3,2,1,101,6,1,25,4,4,6,7,2
29974,2021,11,20,6,22,4,3,1,101,6,1,31,5,5,7,7,2
29975,2021,11,20,6,22,4,3,1,101,6,1,22,3,3,5,7,2
29976,2021,11,20,6,20,4,3,1,107,99,2,25,4,4,6,8,2
29977,2021,11,20,6,23,4,3,1,101,11,1,23,3,3,5,8,2
29978,2021,11,20,6,22,4,3,1,110,99,1,46,8,8,10,9,2
29979,2021,11,20,6,22,4,3,19,1901,99,2,24,3,3,5,8,2
29980,2021,11,20,6,21,4,3,11,1105,99,2,31,5,5,7,8,2
29981,2021,11,20,6,21,4,3,11,1105,99,1,24,3,3,5,8,2
29982,2021,11,21,7,17,3,2,1,101,5,1,16,2,2,4,1,1
29983,2021,11,21,7,14,3,2,1,115,99,1,36,6,6,8,1,1
29984,2021,11,21,7,14,3,2,1,115,99,1,16,2,2,4,1,1
29985,2021,11,21,7,8,2,1,20,2011,99,2,19,2,2,4,2,1
29986,2021,11,21,7,23,4,3,20,2005,99,1,21,3,3,5,1,1
29987,2021,11,21,7,2,1,1,19,1910,99,1,52,9,9,11,1,1
29988,2021,11,21,7,20,4,3,5,513,99,1,19,2,2,4,1,1
29989,2021,11,21,7,20,4,3,5,513,99,1,19,2,2,4,1,1
29990,2021,11,21,7,23,4,3,5,506,99,1,25,4,4,6,1,1
29991,2021,11,21,7,21,4,3,6,601,99,1,38,6,6,8,2,1
29992,2021,11,21,7,19,4,3,18,1801,99,1,40,7,7,9,1,1
29993,2021,11,21,7,0,1,1,1,105,99,1,26,4,4,6,8,2
29994,2021,11,21,7,23,4,3,1,107,99,1,48,8,8,10,8,2
29995,2021,11,21,7,19,4,3,1,108,99,1,26,4,4,6,7,2
29996,2021,11,21,7,19,4,3,1,108,99,1,39,6,6,8,7,2
29997,2021,11,21,7,5,1,1,19,1903,99,1,34,5,5,7,7,2
29998,2021,11,21,7,18,4,3,5,509,99,1,27,4,4,6,8,2
29999,2021,11,21,7,20,4,3,6,610,99,1,30,5,5,7,7,2
30000,2021,11,21,7,13,3,2,11,1108,99,2,59,10,10,12,7,2
30001,2021,11,21,7,13,3,2,11,1108,99,2,32,5,5,7,7,2
30002,2021,11,21,7,0,1,1,17,1712,99,2,32,5,5,7,9,2
30003,2021,11,22,1,13,3,2,1,101,18,1,25,4,4,6,1,1
30004,2021,11,22,1,2,1,1,1,101,11,1,40,7,7,9,1,1
30005,2021,11,22,1,23,4,3,1,108,99,1,26,4,4,6,1,1
30006,2021,11,22,1,2,1,1,18,1801,99,1,24,3,3,5,1,1
30007,2021,11,22,1,2,1,1,18,1801,99,1,19,2,2,4,1,1
30008,2021,11,22,1,6,2,1,17,1705,99,1,24,3,3,5,1,1
30009,2021,11,22,1,7,2,1,4,406,99,1,25,4,4,6,2,1
30010,2021,11,22,1,12,3,2,1,115,99,1,24,3,3,5,7,2
30011,2021,11,22,1,21,4,3,1,101,7,1,23,3,3,5,1,1
30012,2021,11,22,1,19,4,3,1,117,99,1,27,4,4,6,8,2
30013,2021,11,22,1,14,3,2,10,1016,99,1,44,7,7,9,8,2
30014,2021,11,23,2,15,3,2,1,101,21,1,28,4,4,6,1,1
30015,2021,11,23,2,18,4,3,1,115,99,1,16,2,2,4,1,1
30016,2021,11,23,2,12,3,2,1,114,99,1,22,3,3,5,1,1
30017,2021,11,23,2,23,4,3,12,1220,99,1,38,6,6,8,1,1
30018,2021,11,23,2,18,4,3,13,1313,99,1,40,7,7,9,1,1
30019,2021,11,23,2,15,3,2,16,1617,99,1,64,11,11,13,1,1
30020,2021,11,23,2,0,1,1,1,101,3,1,15,2,2,4,8,2
30021,2021,11,23,2,16,3,2,1,101,1,1,35,6,6,8,7,2
30022,2021,11,23,2,23,4,3,1,101,8,1,32,5,5,7,8,2
30023,2021,11,23,2,14,3,2,1,101,1,1,22,3,3,5,9,2
30024,2021,11,23,2,4,1,1,1,106,99,2,34,5,5,7,9,2
30025,2021,11,23,2,13,3,2,5,501,99,1,22,3,3,5,7,2
30026,2021,11,23,2,19,4,3,6,602,99,1,24,3,3,5,7,2
30027,2021,11,24,3,21,4,3,1,101,18,1,16,2,2,4,1,1
30028,2021,11,24,3,11,2,1,1,101,16,1,22,3,3,5,1,1
30029,2021,11,24,3,21,4,3,1,101,5,1,72,11,13,15,2,1
30030,2021,11,24,3,17,3,2,1,114,99,1,999,12,16,18,1,1
30031,2021,11,24,3,7,2,1,12,1230,99,1,65,11,12,14,2,1
30032,2021,11,24,3,7,2,1,12,1230,99,1,24,3,3,5,1,1
30033,2021,11,24,3,16,3,2,1,101,13,1,32,5,5,7,7,2
30034,2021,11,24,3,20,4,3,1,116,99,1,23,3,3,5,7,2
30035,2021,11,24,3,20,4,3,1,116,99,1,4,1,1,1,7,2
30036,2021,11,25,4,21,4,3,1,106,99,1,17,2,2,4,1,1
30037,2021,11,25,4,23,4,3,1,101,18,1,35,6,6,8,1,1
30038,2021,11,25,4,15,3,2,1,101,11,2,56,10,10,12,1,1
30039,2021,11,25,4,19,4,3,1,101,21,2,16,2,2,4,1,1
30040,2021,11,25,4,13,3,2,1,115,99,1,22,3,3,5,1,1
30041,2021,11,25,4,18,4,3,5,513,99,1,47,8,8,10,1,1
30042,2021,11,25,4,18,4,3,5,513,99,1,53,9,9,11,1,1
30043,2021,11,25,4,21,4,3,5,508,99,1,29,4,4,6,1,1
30044,2021,11,25,4,19,4,3,16,1613,99,1,999,12,16,18,1,1
30045,2021,11,25,4,6,2,1,21,2101,99,2,22,3,3,5,8,2
30046,2021,11,25,4,21,4,3,6,611,99,1,39,6,6,8,7,2
30047,2021,11,25,4,19,4,3,1,101,12,1,30,5,5,7,8,2
30048,2021,11,25,4,20,4,3,5,508,99,1,39,6,6,8,7,2
30049,2021,11,26,5,12,3,2,1,105,99,1,999,12,16,18,2,1
30050,2021,11,26,5,23,4,3,1,101,12,2,23,3,3,5,1,1
30051,2021,11,26,5,7,2,1,1,101,19,1,36,6,6,8,1,1
30052,2021,11,26,5,21,4,3,1,108,99,1,25,4,4,6,1,1
30053,2021,11,26,5,10,2,1,5,509,99,1,56,10,10,12,1,1
30054,2021,11,26,5,12,3,2,6,601,99,1,50,9,9,11,1,1
30055,2021,11,26,5,11,2,1,9,901,99,1,33,5,5,7,1,1
30056,2021,11,26,5,13,3,2,17,1710,99,1,30,5,5,7,2,1
30057,2021,11,26,5,19,4,3,1,106,99,1,24,3,3,5,7,2
30058,2021,11,26,5,19,4,3,1,106,99,2,21,3,3,5,7,2
30059,2021,11,26,5,14,3,2,1,101,11,2,34,5,5,7,7,2
30060,2021,11,26,5,14,3,2,1,101,11,1,999,12,16,18,7,2
30061,2021,11,26,5,7,2,1,1,101,19,1,33,5,5,7,7,2
30062,2021,11,26,5,4,1,1,1,101,19,1,32,5,5,7,7,2
30063,2021,11,26,5,13,3,2,22,2207,99,1,33,5,5,7,7,2
30064,2021,11,26,5,15,3,2,18,1805,99,2,8,1,1,2,7,2
30065,2021,11,27,6,23,4,3,1,101,4,2,24,3,3,5,1,1
30066,2021,11,27,6,16,3,2,1,101,18,1,21,3,3,5,1,1
30067,2021,11,27,6,19,4,3,1,102,99,1,19,2,2,4,1,1
30068,2021,11,27,6,23,4,3,1,101,16,1,20,3,3,5,1,1
30069,2021,11,27,6,21,4,3,19,1901,99,2,30,5,5,7,1,1
30070,2021,11,27,6,23,4,3,5,509,99,1,36,6,6,8,1,1
30071,2021,11,27,6,10,2,1,6,610,99,1,22,3,3,5,1,1
30072,2021,11,27,6,22,4,3,16,1601,99,1,52,9,9,11,1,1
30073,2021,11,27,6,23,4,3,1,101,16,2,29,4,4,6,7,2
30074,2021,11,27,6,0,1,1,5,507,99,1,40,7,7,9,7,2
30075,2021,11,27,6,1,1,1,5,506,99,2,22,3,3,5,7,2
30076,2021,11,27,6,20,4,3,5,510,99,1,19,2,2,4,7,2
30077,2021,11,27,6,23,4,3,5,507,99,1,25,4,4,6,8,2
30078,2021,11,27,6,22,4,3,10,1013,99,1,23,3,3,5,7,2
30079,2021,11,27,6,16,3,2,7,705,99,1,15,2,2,4,7,2
30080,2021,11,27,6,22,4,3,4,401,99,2,32,5,5,7,9,2
30081,2021,11,27,6,23,4,3,4,401,99,1,18,2,2,4,8,2
30082,2021,11,27,6,22,4,3,16,1601,99,1,17,2,2,4,7,2
30083,2021,11,28,7,4,1,1,1,102,99,2,25,4,4,6,1,1
30084,2021,11,28,7,18,4,3,1,102,99,1,34,5,5,7,1,1
30085,2021,11,28,7,18,4,3,1,102,99,1,30,5,5,7,1,1
30086,2021,11,28,7,0,1,1,1,101,12,1,32,5,5,7,1,1
30087,2021,11,28,7,20,4,3,1,115,99,1,17,2,2,4,1,1
30088,2021,11,28,7,11,2,1,1,108,99,1,19,2,2,4,1,1
30089,2021,11,28,7,21,4,3,22,2214,99,1,26,4,4,6,1,1
30090,2021,11,28,7,20,4,3,22,2211,99,1,20,3,3,5,1,1
30091,2021,11,28,7,9,2,1,2,207,99,1,56,10,10,12,1,1
30092,2021,11,28,7,8,2,1,18,1804,99,1,23,3,3,5,2,1
30093,2021,11,28,7,21,4,3,18,1804,99,1,54,9,9,11,1,1
30094,2021,11,28,7,3,1,1,1,107,99,1,20,3,3,5,7,2
30095,2021,11,28,7,22,4,3,1,103,99,1,21,3,3,5,7,2
30096,2021,11,28,7,17,3,2,20,2001,99,1,21,3,3,5,8,2
30097,2021,11,28,7,21,4,3,14,1413,99,1,56,10,10,12,9,2
30098,2021,11,28,7,21,4,3,14,1413,99,2,999,12,16,18,9,2
30099,2021,11,28,7,22,4,3,7,705,99,1,25,4,4,6,7,2
30100,2021,11,28,7,23,4,3,1,101,19,2,30,5,5,7,8,2
30101,2021,11,29,1,18,4,3,22,2201,99,1,999,12,16,18,2,1
30102,2021,11,29,1,13,3,2,18,1804,99,1,53,9,9,11,1,1
30103,2021,11,29,1,10,2,1,4,416,99,1,55,10,10,12,1,1
30104,2021,11,29,1,17,3,2,1,101,9,1,999,12,16,18,7,2
30105,2021,11,29,1,17,3,2,1,101,9,1,30,5,5,7,7,2
30106,2021,11,29,1,20,4,3,1,107,99,1,17,2,2,4,7,2
30107,2021,11,29,1,22,4,3,1,101,18,1,18,2,2,4,7,2
30108,2021,11,29,1,22,4,3,1,101,18,1,21,3,3,5,7,2
30109,2021,11,29,1,20,4,3,1,101,7,1,23,3,3,5,7,2
30110,2021,11,29,1,8,2,1,1,101,19,1,35,6,6,8,126,2
30111,2021,11,29,1,19,4,3,22,2201,99,1,23,3,3,5,8,2
30112,2021,11,29,1,17,3,2,12,1223,99,1,49,8,8,10,7,2
30113,2021,11,29,1,17,3,2,7,705,99,1,999,12,16,18,9,2
30114,2021,11,30,2,19,4,3,1,115,99,1,36,6,6,8,1,1
30115,2021,11,30,2,23,4,3,1,108,99,1,28,4,4,6,1,1
30116,2021,11,30,2,16,3,2,4,413,99,1,51,9,9,11,1,1
30117,2021,11,30,2,18,4,3,5,501,99,2,40,7,7,9,3,1
30118,2021,11,30,2,12,3,2,1,101,18,1,35,6,6,8,7,2
30119,2021,11,30,2,23,4,3,1,101,7,1,999,12,16,18,9,2
30120,2021,11,30,2,19,4,3,1,115,99,1,25,4,4,6,7,2
30121,2021,11,30,2,17,3,2,1,108,99,1,19,2,2,4,7,2
30122,2021,11,30,2,16,3,2,5,511,99,1,15,2,2,4,7,2
30123,2021,11,30,2,16,3,2,5,511,99,1,16,2,2,4,7,2
30124,2021,11,30,2,21,4,3,5,502,99,2,22,3,3,5,7,2
30125,2021,11,30,2,21,4,3,5,502,99,1,41,7,7,9,7,2
30126,2021,12,1,3,13,3,2,1,101,18,1,20,3,3,5,1,1
30127,2021,12,1,3,22,4,3,1,103,99,1,999,12,16,18,1,1
30128,2021,12,1,3,21,4,3,1,101,21,1,34,5,5,7,1,1
30129,2021,12,1,3,14,3,2,20,2001,99,1,21,3,3,5,1,1
30130,2021,12,1,3,21,4,3,1,108,99,2,37,6,6,8,1,1
30131,2021,12,1,3,18,4,3,22,2202,99,2,38,6,6,8,1,1
30132,2021,12,1,3,17,3,2,19,1904,99,1,62,11,11,13,1,1
30133,2021,12,1,3,7,2,1,5,501,99,1,51,9,9,11,1,1
30134,2021,12,1,3,18,4,3,6,602,99,1,25,4,4,6,1,1
30135,2021,12,1,3,17,3,2,17,1711,99,1,37,6,6,8,1,1
30136,2021,12,1,3,17,3,2,17,1711,99,1,28,4,4,6,1,1
30137,2021,12,1,3,13,3,2,7,706,99,1,39,6,6,8,7,2
30138,2021,12,1,3,4,1,1,4,409,99,1,23,3,3,5,3,1
30139,2021,12,1,3,22,4,3,1,101,19,1,24,3,3,5,8,2
30140,2021,12,1,3,19,4,3,5,501,99,1,53,9,9,11,7,2
30141,2021,12,1,3,0,1,1,5,511,99,2,24,3,3,5,7,2
30142,2021,12,1,3,2,1,1,15,1504,99,2,33,5,5,7,7,2
30143,2021,12,2,4,8,2,1,1,101,6,1,28,4,4,6,1,1
30144,2021,12,2,4,13,3,2,1,103,99,1,23,3,3,5,1,1
30145,2021,12,2,4,13,3,2,1,103,99,1,15,2,2,4,1,1
30146,2021,12,2,4,11,2,1,22,2201,99,1,39,6,6,8,1,1
30147,2021,12,2,4,8,2,1,5,513,99,1,23,3,3,5,1,1
30148,2021,12,2,4,19,4,3,18,1801,99,1,45,8,8,10,1,1
30149,2021,12,2,4,8,2,1,1,101,6,1,40,7,7,9,7,2
30150,2021,12,2,4,8,2,1,1,101,6,1,20,3,3,5,7,2
30151,2021,12,2,4,8,2,1,1,101,6,1,38,6,6,8,7,2
30152,2021,12,2,4,19,4,3,1,101,7,1,20,3,3,5,1,1
30153,2021,12,2,4,11,2,1,22,2201,99,2,3,1,1,1,7,2
30154,2021,12,2,4,21,4,3,22,2201,99,1,65,11,12,14,8,2
30155,2021,12,2,4,18,4,3,22,2210,99,2,43,7,7,9,7,2
30156,2021,12,2,4,9,2,1,21,2105,99,1,25,4,4,6,8,2
30157,2021,12,2,4,20,4,3,19,1911,99,1,41,7,7,9,1,1
30158,2021,12,3,5,22,4,3,1,101,4,1,28,4,4,6,2,1
30159,2021,12,3,5,6,2,1,1,101,10,1,45,8,8,10,1,1
30160,2021,12,3,5,18,4,3,1,108,99,1,25,4,4,6,1,1
30161,2021,12,3,5,21,4,3,1,110,99,1,22,3,3,5,1,1
30162,2021,12,3,5,15,3,2,20,2001,99,1,19,2,2,4,1,1
30163,2021,12,3,5,20,4,3,5,509,99,1,27,4,4,6,1,1
30164,2021,12,3,5,0,1,1,1,101,17,1,29,4,4,6,8,2
30165,2021,12,3,5,23,4,3,1,113,99,1,26,4,4,6,8,2
30166,2021,12,3,5,13,3,2,1,101,12,1,22,3,3,5,7,2
30167,2021,12,3,5,19,4,3,5,511,99,1,22,3,3,5,7,2
30168,2021,12,3,5,19,4,3,5,511,99,1,11,1,1,3,7,2
30169,2021,12,4,6,19,4,3,1,101,18,1,16,2,2,4,1,1
30170,2021,12,4,6,19,4,3,1,101,18,1,22,3,3,5,1,1
30171,2021,12,4,6,21,4,3,1,106,99,1,999,12,16,18,1,1
30172,2021,12,4,6,21,4,3,1,106,99,2,24,3,3,5,1,1
30173,2021,12,4,6,16,3,2,5,505,99,2,30,5,5,7,1,1
30174,2021,12,4,6,16,3,2,5,505,99,1,35,6,6,8,5,1
30175,2021,12,4,6,20,4,3,12,1217,99,1,26,4,4,6,1,1
30176,2021,12,4,6,12,3,2,18,1801,99,1,21,3,3,5,1,1
30177,2021,12,4,6,18,4,3,1,101,1,1,50,9,9,11,7,2
30178,2021,12,4,6,19,4,3,1,101,18,1,19,2,2,4,7,2
30179,2021,12,4,6,21,4,3,1,106,99,1,47,8,8,10,7,2
30180,2021,12,4,6,21,4,3,1,106,99,1,21,3,3,5,7,2
30181,2021,12,4,6,2,1,1,1,101,12,2,27,4,4,6,9,2
30182,2021,12,4,6,23,4,3,1,101,7,1,31,5,5,7,7,2
30183,2021,12,4,6,23,4,3,1,114,99,1,26,4,4,6,9,2
30184,2021,12,4,6,18,4,3,21,2101,99,2,39,6,6,8,7,2
30185,2021,12,4,6,16,3,2,5,505,99,1,25,4,4,6,9,2
30186,2021,12,4,6,21,4,3,5,513,99,1,38,6,6,8,7,2
30187,2021,12,4,6,21,4,3,15,1501,99,1,24,3,3,5,8,2
30188,2021,12,4,6,1,1,1,18,1801,99,1,39,6,6,8,8,2
30189,2021,12,5,7,17,3,2,1,105,99,1,25,4,4,6,1,1
30190,2021,12,5,7,20,4,3,19,1904,99,2,29,4,4,6,2,1
30191,2021,12,5,7,13,3,2,5,505,99,1,29,4,4,6,1,1
30192,2021,12,5,7,19,4,3,6,608,99,2,45,8,8,10,1,1
30193,2021,12,5,7,6,2,1,5,501,99,1,28,4,4,6,2,1
30194,2021,12,5,7,9,2,1,17,1705,99,1,35,6,6,8,2,1
30195,2021,12,5,7,17,3,2,1,101,8,1,33,5,5,7,7,2
30196,2021,12,5,7,17,3,2,1,107,99,1,18,2,2,4,7,2
30197,2021,12,5,7,4,1,1,1,117,99,1,24,3,3,5,7,2
30198,2021,12,5,7,5,1,1,1,116,99,1,999,12,16,18,8,2
30199,2021,12,5,7,5,1,1,1,116,99,1,40,7,7,9,8,2
30200,2021,12,5,7,7,2,1,1,117,99,1,20,3,3,5,8,2
30201,2021,12,5,7,10,2,1,1,108,99,2,19,2,2,4,8,2
30202,2021,12,5,7,22,4,3,11,1108,99,1,45,8,8,10,8,2
30203,2021,12,5,7,4,1,1,4,401,99,2,61,11,11,13,7,2
30204,2021,12,5,7,4,1,1,4,401,99,2,21,3,3,5,7,2
30205,2021,12,6,1,17,3,2,1,107,99,2,17,2,2,4,3,1
30206,2021,12,6,1,22,4,3,1,115,99,2,36,6,6,8,1,1
30207,2021,12,6,1,22,4,3,1,115,99,1,28,4,4,6,1,1
30208,2021,12,6,1,20,4,3,12,1210,99,1,65,11,12,14,1,1
30209,2021,12,6,1,12,3,2,2,207,99,1,50,9,9,11,1,1
30210,2021,12,6,1,19,4,3,2,208,99,1,26,4,4,6,1,1
30211,2021,12,6,1,22,4,3,1,115,99,1,24,3,3,5,7,2
30212,2021,12,6,1,20,4,3,17,1704,99,1,51,9,9,11,7,2
30213,2021,12,6,1,20,4,3,17,1704,99,1,29,4,4,6,7,2
30214,2021,12,6,1,6,2,1,17,1711,99,1,71,11,13,15,7,2
30215,2021,12,6,1,6,2,1,17,1711,99,1,15,2,2,4,7,2
30216,2021,12,6,1,6,2,1,17,1711,99,1,42,7,7,9,7,2
30217,2021,12,7,2,21,4,3,1,101,1,1,30,5,5,7,8,2
30218,2021,12,6,1,6,2,1,1,101,18,2,999,12,16,18,5,1
30219,2021,12,7,2,16,3,2,1,106,99,2,55,10,10,12,1,1
30220,2021,12,7,2,9,2,1,1,101,5,1,24,3,3,5,1,1
30221,2021,12,7,2,15,3,2,1,102,99,2,18,2,2,4,1,1
30222,2021,12,7,2,17,3,2,1,115,99,1,19,2,2,4,1,1
30223,2021,12,7,2,11,2,1,21,2106,99,1,18,2,2,4,2,1
30224,2021,12,7,2,19,4,3,19,1901,99,1,22,3,3,5,1,1
30225,2021,12,7,2,19,4,3,19,1901,99,1,39,6,6,8,1,1
30226,2021,12,7,2,12,3,2,5,513,99,1,28,4,4,6,1,1
30227,2021,12,7,2,15,3,2,13,1312,99,1,35,6,6,8,1,1
30228,2021,12,7,2,7,2,1,4,401,99,1,28,4,4,6,1,1
30229,2021,12,7,2,16,3,2,1,106,99,2,20,3,3,5,7,2
30230,2021,12,7,2,16,3,2,1,106,99,1,31,5,5,7,7,2
30231,2021,12,7,2,8,2,1,1,101,18,1,19,2,2,4,7,2
30232,2021,12,7,2,10,2,1,1,101,11,1,36,6,6,8,9,2
30233,2021,12,7,2,17,3,2,1,115,99,1,20,3,3,5,7,2
30234,2021,12,7,2,11,2,1,1,108,99,1,24,3,3,5,7,2
30235,2021,12,7,2,21,4,3,20,2001,99,1,31,5,5,7,7,2
30236,2021,12,7,2,22,4,3,16,1602,99,1,22,3,3,5,7,2
30237,2021,12,7,2,13,3,2,4,410,99,2,35,6,6,8,9,2
30238,2021,12,7,2,13,3,2,4,410,99,2,14,1,1,3,9,2
30239,2021,12,7,2,11,2,1,1,115,99,1,999,12,16,18,5,1
30240,2021,12,8,3,19,4,3,1,101,17,1,26,4,4,6,1,1
30241,2021,12,8,3,21,4,3,1,105,99,1,19,2,2,4,1,1
30242,2021,12,8,3,18,4,3,1,101,7,1,26,4,4,6,1,1
30243,2021,12,8,3,18,4,3,1,101,12,1,27,4,4,6,1,1
30244,2021,12,8,3,21,4,3,1,101,21,1,43,7,7,9,1,1
30245,2021,12,8,3,21,4,3,1,101,21,1,39,6,6,8,1,1
30246,2021,12,8,3,21,4,3,1,101,21,1,45,8,8,10,1,1
30247,2021,12,8,3,20,4,3,1,115,99,1,35,6,6,8,2,1
30248,2021,12,8,3,23,4,3,22,2205,99,2,30,5,5,7,1,1
30249,2021,12,8,3,14,3,2,5,502,99,1,25,4,4,6,1,1
30250,2021,12,8,3,20,4,3,17,1704,99,1,999,12,16,18,1,1
30251,2021,12,8,3,13,3,2,14,1412,99,2,47,8,8,10,2,1
30252,2021,12,8,3,20,4,3,3,306,99,1,29,4,4,6,1,1
30253,2021,12,8,3,19,4,3,1,105,99,1,38,6,6,8,7,2
30254,2021,12,8,3,99,5,4,1,101,25,1,40,7,7,9,7,2
30255,2021,12,8,3,5,1,1,1,105,99,1,18,2,2,4,7,2
30256,2021,12,8,3,21,4,3,1,101,5,2,33,5,5,7,7,2
30257,2021,12,8,3,21,4,3,1,101,5,1,27,4,4,6,7,2
30258,2021,12,8,3,21,4,3,1,101,5,1,999,12,16,18,7,2
30259,2021,12,8,3,22,4,3,5,511,99,1,23,3,3,5,7,2
30260,2021,12,8,3,19,4,3,9,921,99,1,30,5,5,7,7,2
30261,2021,12,8,3,19,4,3,9,921,99,1,23,3,3,5,7,2
30262,2021,12,9,4,4,1,1,1,116,99,1,32,5,5,7,1,1
30263,2021,12,9,4,5,1,1,20,2001,99,1,26,4,4,6,1,1
30264,2021,12,9,4,19,4,3,12,1217,99,1,28,4,4,6,1,1
30265,2021,12,9,4,23,4,3,14,1401,99,1,33,5,5,7,1,1
30266,2021,12,9,4,0,1,1,1,101,10,1,52,9,9,11,7,2
30267,2021,12,9,4,4,1,1,21,2101,99,1,36,6,6,8,7,2
30268,2021,12,9,4,4,1,1,21,2101,99,2,22,3,3,5,7,2
30269,2021,12,9,4,4,1,1,21,2101,99,1,22,3,3,5,7,2
30270,2021,12,9,4,1,1,1,10,1008,99,1,19,2,2,4,7,2
30271,2021,12,9,4,16,3,2,4,406,99,1,50,9,9,11,7,2
30272,2021,12,9,4,23,4,3,14,1401,99,1,46,8,8,10,7,2
30273,2021,12,10,5,16,3,2,1,115,99,2,22,3,3,5,1,1
30274,2021,12,10,5,16,3,2,1,115,99,2,38,6,6,8,1,1
30275,2021,12,10,5,18,4,3,1,114,99,1,34,5,5,7,1,1
30276,2021,12,10,5,20,4,3,19,1909,99,1,24,3,3,5,1,1
30277,2021,12,10,5,21,4,3,19,1901,99,1,57,10,10,12,1,1
30278,2021,12,10,5,14,3,2,17,1712,99,2,42,7,7,9,1,1
30279,2021,12,10,5,16,3,2,3,308,99,2,23,3,3,5,2,1
30280,2021,12,10,5,20,4,3,19,1909,99,1,42,7,7,9,1,1
30281,2021,12,10,5,13,3,2,11,1101,99,1,21,3,3,5,8,2
30282,2021,12,11,6,4,1,1,1,101,18,1,35,6,6,8,1,1
30283,2021,12,11,6,22,4,3,1,115,99,2,30,5,5,7,1,1
30284,2021,12,11,6,23,4,3,1,116,99,1,21,3,3,5,1,1
30285,2021,12,11,6,21,4,3,1,108,99,1,22,3,3,5,1,1
30286,2021,12,11,6,21,4,3,1,108,99,1,23,3,3,5,1,1
30287,2021,12,11,6,21,4,3,1,108,99,1,24,3,3,5,1,1
30288,2021,12,11,6,16,3,2,6,609,99,2,38,6,6,8,1,1
30289,2021,12,11,6,15,3,2,13,1319,99,2,25,4,4,6,1,1
30290,2021,12,11,6,22,4,3,17,1707,99,1,25,4,4,6,1,1
30291,2021,12,11,6,1,1,1,1,101,7,1,27,4,4,6,8,2
30292,2021,12,11,6,22,4,3,1,116,99,1,41,7,7,9,7,2
30293,2021,12,11,6,22,4,3,1,116,99,1,999,12,16,18,7,2
30294,2021,12,11,6,22,4,3,1,116,99,1,37,6,6,8,7,2
30295,2021,12,11,6,19,4,3,6,601,99,1,21,3,3,5,8,2
30296,2021,12,11,6,10,2,1,7,706,99,2,51,9,9,11,7,2
30297,2021,12,11,6,23,4,3,1,108,99,1,28,4,4,6,7,2
30298,2021,12,11,6,21,4,3,1,108,99,1,23,3,3,5,7,2
30299,2021,12,11,6,21,4,3,1,108,99,1,25,4,4,6,1,1
30300,2021,12,11,6,1,1,1,10,1001,99,1,37,6,6,8,7,2
30301,2021,12,11,6,0,1,1,1,101,1,1,36,6,6,8,9,2
30302,2021,12,11,6,8,2,1,1,105,99,1,999,12,16,18,5,1
30303,2021,12,11,6,8,2,1,1,105,99,1,999,12,16,18,5,1
30304,2021,12,12,7,1,1,1,1,106,99,1,17,2,2,4,1,1
30305,2021,12,12,7,3,1,1,1,101,19,1,999,12,16,18,1,1
30306,2021,12,12,7,1,1,1,20,2003,99,1,20,3,3,5,1,1
30307,2021,12,12,7,19,4,3,17,1713,99,1,45,8,8,10,1,1
30308,2021,12,12,7,7,2,1,7,713,99,1,57,10,10,12,1,1
30309,2021,12,12,7,5,1,1,1,101,5,1,34,5,5,7,7,2
30310,2021,12,12,7,1,1,1,1,105,99,1,39,6,6,8,8,2
30311,2021,12,12,7,9,2,1,20,2005,99,1,8,1,1,2,7,2
30312,2021,12,12,7,18,4,3,10,1016,99,1,22,3,3,5,8,2
30313,2021,12,12,7,21,4,3,10,1020,99,1,36,6,6,8,8,2
30314,2021,12,13,1,13,3,2,1,101,4,1,25,4,4,6,1,1
30315,2021,12,13,1,7,2,1,1,108,99,1,66,11,12,14,3,1
30316,2021,12,13,1,22,4,3,1,108,99,2,18,2,2,4,3,1
30317,2021,12,13,1,22,4,3,5,502,99,1,16,2,2,4,1,1
30318,2021,12,13,1,22,4,3,5,502,99,1,20,3,3,5,1,1
30319,2021,12,13,1,23,4,3,2,203,99,1,21,3,3,5,3,1
30320,2021,12,13,1,16,3,2,1,101,4,1,29,4,4,6,8,2
30321,2021,12,13,1,23,4,3,1,101,21,1,31,5,5,7,8,2
30322,2021,12,13,1,19,4,3,9,922,99,1,25,4,4,6,7,2
30323,2021,12,13,1,19,4,3,9,922,99,1,19,2,2,4,7,2
30324,2021,12,14,2,10,2,1,1,101,6,1,30,5,5,7,1,1
30325,2021,12,14,2,20,4,3,1,101,12,1,30,5,5,7,1,1
30326,2021,12,14,2,20,4,3,1,101,12,1,39,6,6,8,1,1
30327,2021,12,14,2,22,4,3,1,101,7,1,25,4,4,6,1,1
30328,2021,12,14,2,22,4,3,1,108,99,1,20,3,3,5,1,1
30329,2021,12,14,2,19,4,3,5,506,99,1,30,5,5,7,1,1
30330,2021,12,14,2,13,3,2,11,1106,99,1,50,9,9,11,1,1
30331,2021,12,14,2,23,4,3,1,101,1,1,34,5,5,7,8,2
30332,2021,12,14,2,23,4,3,1,101,8,1,21,3,3,5,8,2
30333,2021,12,14,2,22,4,3,1,101,15,1,18,2,2,4,7,2
30334,2021,12,14,2,12,3,2,1,101,12,1,999,12,16,18,7,2
30335,2021,12,14,2,22,4,3,1,101,7,1,16,2,2,4,7,2
30336,2021,12,14,2,17,3,2,1,108,99,1,28,4,4,6,8,2
30337,2021,12,14,2,5,1,1,1,108,99,1,50,9,9,11,7,2
30338,2021,12,14,2,22,4,3,1,108,99,1,24,3,3,5,7,2
30339,2021,12,15,3,20,4,3,1,108,99,2,17,2,2,4,1,1
30340,2021,12,15,3,11,2,1,22,2207,99,1,24,3,3,5,1,1
30341,2021,12,15,3,17,3,2,21,2102,99,1,37,6,6,8,1,1
30342,2021,12,15,3,9,2,1,9,901,99,1,15,2,2,4,1,1
30343,2021,12,15,3,13,3,2,1,107,99,1,22,3,3,5,7,2
30344,2021,12,15,3,23,4,3,1,103,99,1,23,3,3,5,8,2
30345,2021,12,15,3,21,4,3,20,2005,99,1,35,6,6,8,7,2
30346,2021,12,15,3,21,4,3,20,2005,99,1,28,4,4,6,1,1
30347,2021,12,15,3,20,4,3,20,2005,99,1,10,1,1,3,7,2
30348,2021,12,15,3,20,4,3,20,2005,99,1,33,5,5,7,7,2
30349,2021,12,16,4,9,2,1,20,2006,99,2,55,10,10,12,1,1
30350,2021,12,16,4,16,3,2,5,509,99,1,68,11,12,14,2,1
30351,2021,12,16,4,4,1,1,10,1001,99,2,51,9,9,11,2,1
30352,2021,12,16,4,22,4,3,18,1803,99,1,40,7,7,9,2,1
30353,2021,12,16,4,20,4,3,1,101,6,2,53,9,9,11,9,2
30354,2021,12,16,4,20,4,3,1,107,99,2,45,8,8,10,8,2
30355,2021,12,16,4,17,3,2,5,506,99,1,20,3,3,5,7,2
30356,2021,12,16,4,1,1,1,4,401,99,1,24,3,3,5,7,2
30357,2021,12,17,5,21,4,3,5,509,99,1,36,6,6,8,1,1
30358,2021,12,17,5,6,2,1,11,1109,99,1,35,6,6,8,3,1
30359,2021,12,17,5,7,2,1,2,207,99,1,75,11,14,16,1,1
30360,2021,12,17,5,10,2,1,7,705,99,1,33,5,5,7,1,1
30361,2021,12,17,5,10,2,1,7,706,99,1,14,1,1,3,1,1
30362,2021,12,17,5,10,2,1,7,706,99,1,78,11,14,16,1,1
30363,2021,12,17,5,10,2,1,7,706,99,1,56,10,10,12,1,1
30364,2021,12,17,5,10,2,1,7,706,99,1,55,10,10,12,1,1
30365,2021,12,17,5,10,2,1,7,706,99,1,5,1,1,2,1,1
30366,2021,12,17,5,10,2,1,7,706,99,2,43,7,7,9,1,1
30367,2021,12,17,5,10,2,1,7,706,99,2,40,7,7,9,1,1
30368,2021,12,17,5,10,2,1,7,706,99,2,20,3,3,5,1,1
30369,2021,12,17,5,10,2,1,7,706,99,2,27,4,4,6,1,1
30370,2021,12,17,5,10,2,1,7,706,99,2,8,1,1,2,1,1
30371,2021,12,17,5,10,2,1,7,706,99,2,20,3,3,5,1,1
30372,2021,12,17,5,12,3,2,1,101,4,1,28,4,4,6,9,2
30373,2021,12,17,5,12,3,2,1,101,4,1,34,5,5,7,9,2
30374,2021,12,17,5,23,4,3,1,101,9,1,34,5,5,7,9,2
30375,2021,12,17,5,22,4,3,1,101,5,1,28,4,4,6,9,2
30376,2021,12,17,5,1,1,1,1,108,99,1,27,4,4,6,7,2
30377,2021,12,17,5,1,1,1,1,108,99,1,29,4,4,6,7,2
30378,2021,12,17,5,2,1,1,17,1710,99,1,27,4,4,6,8,2
30379,2021,12,17,5,20,4,3,14,1420,99,1,35,6,6,8,8,2
30380,2021,12,17,5,10,2,1,7,705,99,1,27,4,4,6,7,2
30381,2021,12,17,5,10,2,1,7,705,99,1,30,5,5,7,7,2
30382,2021,12,17,5,23,4,3,7,705,99,1,20,3,3,5,7,2
30383,2021,12,17,5,18,4,3,4,401,99,1,24,3,3,5,8,2
30384,2021,12,18,6,23,4,3,1,108,99,1,30,5,5,7,2,1
30385,2021,12,18,6,16,3,2,1,101,21,1,32,5,5,7,1,1
30386,2021,12,18,6,8,2,1,12,1215,99,1,27,4,4,6,1,1
30387,2021,12,18,6,7,2,1,7,706,99,1,59,10,10,12,1,1
30388,2021,12,18,6,18,4,3,1,101,4,1,29,4,4,6,8,2
30389,2021,12,18,6,22,4,3,1,101,3,1,21,3,3,5,7,2
30390,2021,12,18,6,22,4,3,1,101,3,1,20,3,3,5,7,2
30391,2021,12,18,6,23,4,3,1,101,10,2,26,4,4,6,7,2
30392,2021,12,18,6,20,4,3,1,103,99,1,50,9,9,11,7,2
30393,2021,12,18,6,23,4,3,1,101,5,1,40,7,7,9,9,2
30394,2021,12,18,6,1,1,1,1,101,7,1,52,9,9,11,9,2
30395,2021,12,18,6,23,4,3,1,101,7,1,25,4,4,6,8,2
30396,2021,12,18,6,17,3,2,1,116,99,1,999,12,16,18,8,2
30397,2021,12,18,6,20,4,3,1,114,99,1,34,5,5,7,8,2
30398,2021,12,18,6,22,4,3,21,2101,99,1,18,2,2,4,8,2
30399,2021,12,18,6,22,4,3,5,505,99,1,40,7,7,9,9,2
30400,2021,12,18,6,16,3,2,6,603,99,1,18,2,2,4,8,2
30401,2021,12,18,6,22,4,3,18,1804,99,1,31,5,5,7,7,2
30402,2021,12,18,6,23,4,3,4,412,99,1,29,4,4,6,8,2
30403,2021,12,19,7,14,3,2,1,108,99,1,25,4,4,6,2,1
30404,2021,12,19,7,9,2,1,22,2214,99,1,22,3,3,5,2,1
30405,2021,12,19,7,15,3,2,21,2101,99,1,26,4,4,6,2,1
30406,2021,12,19,7,22,4,3,5,501,99,1,20,3,3,5,1,1
30407,2021,12,19,7,22,4,3,5,501,99,1,25,4,4,6,1,1
30408,2021,12,19,7,22,4,3,5,501,99,2,14,1,1,3,1,1
30409,2021,12,19,7,2,1,1,11,1107,99,1,17,2,2,4,1,1
30410,2021,12,19,7,2,1,1,11,1107,99,2,15,2,2,4,1,1
30411,2021,12,19,7,23,4,3,13,1312,99,1,32,5,5,7,1,1
30412,2021,12,19,7,12,3,2,2,201,99,1,35,6,6,8,1,1
30413,2021,12,19,7,13,3,2,7,705,99,1,999,12,16,18,1,1
30414,2021,12,19,7,16,3,2,1,101,3,1,17,2,2,4,7,2
30415,2021,12,19,7,21,4,3,1,101,1,1,24,3,3,5,7,2
30416,2021,12,19,7,0,1,1,1,105,99,1,17,2,2,4,8,2
30417,2021,12,19,7,5,1,1,1,101,9,1,33,5,5,7,8,2
30418,2021,12,19,7,5,1,1,1,101,15,1,28,4,4,6,9,2
30419,2021,12,19,7,14,3,2,1,101,7,1,25,4,4,6,7,2
30420,2021,12,19,7,14,3,2,1,101,7,1,33,5,5,7,7,2
30421,2021,12,19,7,13,3,2,1,116,99,1,40,7,7,9,8,2
30422,2021,12,19,7,18,4,3,1,114,99,1,48,8,8,10,7,2
30423,2021,12,19,7,18,4,3,1,114,99,1,48,8,8,10,7,2
30424,2021,12,19,7,1,1,1,1,108,99,1,35,6,6,8,7,2
30425,2021,12,19,7,2,1,1,1,108,99,1,33,5,5,7,8,2
30426,2021,12,19,7,17,3,2,5,508,99,1,999,12,16,18,8,2
30427,2021,12,19,7,17,3,2,5,501,99,1,999,12,16,18,9,2
30428,2021,12,19,7,0,1,1,16,1610,99,1,39,6,6,8,8,2
30429,2021,12,19,7,12,3,2,18,1804,99,1,28,4,4,6,7,2
30430,2021,12,19,7,0,1,1,17,1707,99,2,18,2,2,4,9,2
30431,2021,12,19,7,2,1,1,3,301,99,1,35,6,6,8,9,2
30432,2021,12,20,1,20,4,3,5,506,99,1,38,6,6,8,1,1
30433,2021,12,20,1,21,4,3,17,1710,99,1,39,6,6,8,1,1
30434,2021,12,20,1,21,4,3,17,1710,99,2,41,7,7,9,1,1
30435,2021,12,20,1,20,4,3,17,1709,99,1,35,6,6,8,1,1
30436,2021,12,20,1,9,2,1,4,416,99,1,36,6,6,8,1,1
30437,2021,12,20,1,5,1,1,1,108,99,2,34,5,5,7,8,2
30438,2021,12,20,1,18,4,3,11,1105,99,1,34,5,5,7,7,2
30439,2021,12,20,1,20,4,3,16,1601,99,1,37,6,6,8,9,2
30440,2021,12,20,1,18,4,3,17,1710,99,2,26,4,4,6,7,2
30441,2021,12,20,1,20,4,3,17,1709,99,1,999,12,16,18,8,2
30442,2021,12,21,2,1,1,1,1,101,6,2,30,5,5,7,5,1
30443,2021,12,21,2,13,3,2,1,115,99,1,31,5,5,7,1,1
30444,2021,12,21,2,13,3,2,13,1318,99,2,22,3,3,5,1,1
30445,2021,12,21,2,13,3,2,13,1318,99,1,25,4,4,6,1,1
30446,2021,12,21,2,2,1,1,1,101,1,1,33,5,5,7,8,2
30447,2021,12,21,2,8,2,1,1,101,16,2,20,3,3,5,7,2
30448,2021,12,22,3,16,3,2,1,101,18,1,35,6,6,8,1,1
30449,2021,12,22,3,13,3,2,1,115,99,1,24,3,3,5,1,1
30450,2021,12,22,3,23,4,3,9,921,99,1,32,5,5,7,1,1
30451,2021,12,22,3,23,4,3,9,921,99,1,22,3,3,5,1,1
30452,2021,12,22,3,23,4,3,9,921,99,1,21,3,3,5,1,1
30453,2021,12,22,3,18,4,3,12,1217,99,2,46,8,8,10,1,1
30454,2021,12,22,3,19,4,3,18,1801,99,1,36,6,6,8,1,1
30455,2021,12,22,3,3,1,1,17,1705,99,1,27,4,4,6,1,1
30456,2021,12,22,3,5,1,1,17,1702,99,1,26,4,4,6,1,1
30457,2021,12,22,3,22,4,3,17,1705,99,1,30,5,5,7,1,1
30458,2021,12,22,3,12,3,2,4,413,99,1,41,7,7,9,1,1
30459,2021,12,22,3,22,4,3,1,115,99,1,27,4,4,6,7,2
30460,2021,12,22,3,21,4,3,5,512,99,1,18,2,2,4,9,2
30461,2021,12,22,3,20,4,3,1,108,99,2,75,11,14,16,9,2
30462,2021,12,22,3,23,4,3,1,108,99,1,17,2,2,4,8,2
30463,2021,12,23,4,13,3,2,1,101,4,1,40,7,7,9,1,1
30464,2021,12,23,4,13,3,2,1,101,4,1,30,5,5,7,1,1
30465,2021,12,23,4,14,3,2,1,101,4,2,26,4,4,6,1,1
30466,2021,12,23,4,14,3,2,1,101,8,1,19,2,2,4,1,1
30467,2021,12,23,4,19,4,3,1,101,4,2,52,9,9,11,1,1
30468,2021,12,23,4,18,4,3,20,2005,99,1,22,3,3,5,1,1
30469,2021,12,23,4,20,4,3,20,2004,99,1,38,6,6,8,1,1
30470,2021,12,23,4,6,2,1,9,917,99,2,33,5,5,7,1,1
30471,2021,12,23,4,14,3,2,16,1603,99,2,30,5,5,7,1,1
30472,2021,12,23,4,13,3,2,18,1805,99,1,43,7,7,9,1,1
30473,2021,12,23,4,9,2,1,17,1704,99,1,48,8,8,10,2,1
30474,2021,12,23,4,9,2,1,17,1704,99,2,18,2,2,4,2,1
30475,2021,12,23,4,22,4,3,1,113,99,1,35,6,6,8,9,2
30476,2021,12,23,4,12,3,2,1,115,99,1,20,3,3,5,7,2
30477,2021,12,23,4,23,4,3,1,117,99,1,46,8,8,10,8,2
30478,2021,12,23,4,20,4,3,5,506,99,1,36,6,6,8,7,2
30479,2021,12,23,4,15,3,2,11,1101,99,1,32,5,5,7,7,2
30480,2021,12,24,5,7,2,1,21,2101,99,1,24,3,3,5,1,1
30481,2021,12,24,5,23,4,3,9,901,99,1,40,7,7,9,1,1
30482,2021,12,24,5,18,4,3,18,1801,99,1,999,12,16,18,1,1
30483,2021,12,24,5,21,4,3,21,2102,99,1,29,4,4,6,2,1
30484,2021,12,24,5,6,2,1,9,917,99,1,45,8,8,10,5,1
30485,2021,12,24,5,18,4,3,18,1801,99,1,42,7,7,9,1,1
30486,2021,12,24,5,1,1,1,1,101,3,1,40,7,7,9,8,2
30487,2021,12,24,5,1,1,1,1,116,99,1,35,6,6,8,8,2
30488,2021,12,24,5,21,4,3,20,2001,99,1,30,5,5,7,8,2
30489,2021,12,24,5,15,3,2,19,1910,99,1,71,11,13,15,7,2
30490,2021,12,24,5,18,4,3,5,509,99,1,20,3,3,5,7,2
30491,2021,12,24,5,22,4,3,5,501,99,1,18,2,2,4,8,2
30492,2021,12,24,5,23,4,3,5,501,99,1,32,5,5,7,8,2
30493,2021,12,24,5,19,4,3,5,512,99,1,45,8,8,10,7,2
30494,2021,12,24,5,1,1,1,9,901,99,1,23,3,3,5,8,2
30495,2021,12,24,5,17,3,2,9,901,99,1,24,3,3,5,8,2
30496,2021,12,25,6,13,3,2,1,101,18,1,20,3,3,5,1,1
30497,2021,12,25,6,1,1,1,22,2205,99,1,28,4,4,6,1,1
30498,2021,12,25,6,17,3,2,21,2101,99,1,30,5,5,7,1,1
30499,2021,12,25,6,3,1,1,20,2007,99,1,17,2,2,4,1,1
30500,2021,12,25,6,6,2,1,18,1802,99,1,21,3,3,5,2,1
30501,2021,12,25,6,17,3,2,18,1805,99,1,25,4,4,6,1,1
30502,2021,12,25,6,17,3,2,18,1805,99,1,25,4,4,6,1,1
30503,2021,12,25,6,16,3,2,1,101,5,2,11,1,1,3,7,2
30504,2021,12,25,6,14,3,2,1,108,99,1,49,8,8,10,8,2
30505,2021,12,25,6,1,1,1,22,2205,99,2,24,3,3,5,7,2
30506,2021,12,25,6,1,1,1,22,2205,99,1,34,5,5,7,7,2
30507,2021,12,25,6,1,1,1,22,2205,99,1,22,3,3,5,7,2
30508,2021,12,25,6,1,1,1,22,2205,99,1,31,5,5,7,7,2
30509,2021,12,25,6,1,1,1,22,2205,99,1,38,6,6,8,7,2
30510,2021,12,25,6,19,4,3,22,2201,99,2,13,1,1,3,9,2
30511,2021,12,25,6,9,2,1,22,2211,99,1,50,9,9,11,9,2
30512,2021,12,25,6,3,1,1,21,2102,99,1,22,3,3,5,8,2
30513,2021,12,25,6,16,3,2,21,2106,99,1,54,9,9,11,7,2
30514,2021,12,25,6,23,4,3,5,511,99,1,35,6,6,8,8,2
30515,2021,12,25,6,20,4,3,6,602,99,1,45,8,8,10,8,2
30516,2021,12,25,6,0,1,1,10,1006,99,1,26,4,4,6,8,2
30517,2021,12,25,6,1,1,1,16,1601,99,2,24,3,3,5,7,2
30518,2021,12,25,6,15,3,2,16,1601,99,2,21,3,3,5,8,2
30519,2021,12,26,7,4,1,1,5,511,99,1,43,7,7,9,2,1
30520,2021,12,26,7,18,4,3,5,505,99,1,29,4,4,6,1,1
30521,2021,12,26,7,1,1,1,6,604,99,1,19,2,2,4,2,1
30522,2021,12,26,7,8,2,1,6,610,99,2,19,2,2,4,2,1
30523,2021,12,26,7,16,3,2,16,1608,99,1,31,5,5,7,1,1
30524,2021,12,26,7,21,4,3,14,1419,99,1,76,11,14,16,2,1
30525,2021,12,26,7,23,4,3,1,101,7,1,41,7,7,9,8,2
30526,2021,12,26,7,15,3,2,5,501,99,1,37,6,6,8,7,2
30527,2021,12,26,7,1,1,1,11,1109,99,1,27,4,4,6,8,2
30528,2021,12,26,7,14,3,2,9,919,99,1,22,3,3,5,7,2
30529,2021,12,26,7,22,4,3,17,1710,99,2,38,6,6,8,7,2
30530,2021,12,26,7,15,3,2,3,308,99,2,999,12,16,18,8,2
30531,2021,12,27,1,17,3,2,1,115,99,1,35,6,6,8,1,1
30532,2021,12,27,1,17,3,2,1,115,99,1,61,11,11,13,1,1
30533,2021,12,27,1,21,4,3,1,115,99,1,20,3,3,5,1,1
30534,2021,12,27,1,16,3,2,22,2212,99,1,36,6,6,8,1,1
30535,2021,12,27,1,12,3,2,3,305,99,1,71,11,13,15,1,1
30536,2021,12,28,2,20,4,3,1,101,18,1,21,3,3,5,1,1
30537,2021,12,28,2,14,3,2,1,115,99,2,18,2,2,4,1,1
30538,2021,12,28,2,6,2,1,1,115,99,1,37,6,6,8,1,1
30539,2021,12,28,2,6,2,1,1,117,99,1,27,4,4,6,1,1
30540,2021,12,28,2,7,2,1,22,2201,99,2,38,6,6,8,1,1
30541,2021,12,28,2,21,4,3,20,2008,99,1,49,8,8,10,1,1
30542,2021,12,28,2,19,4,3,5,507,99,1,19,2,2,4,1,1
30543,2021,12,28,2,19,4,3,5,507,99,1,27,4,4,6,1,1
30544,2021,12,28,2,15,3,2,3,311,99,1,53,9,9,11,1,1
30545,2021,12,28,2,15,3,2,1,101,4,1,40,7,7,9,8,2
30546,2021,12,28,2,0,1,1,4,414,99,1,32,5,5,7,8,2
30547,2021,12,29,3,6,2,1,1,101,2,1,33,5,5,7,1,1
30548,2021,12,29,3,6,2,1,1,101,2,1,50,9,9,11,1,1
30549,2021,12,29,3,20,4,3,1,101,18,1,35,6,6,8,1,1
30550,2021,12,29,3,2,1,1,19,1904,99,1,20,3,3,5,1,1
30551,2021,12,29,3,18,4,3,19,1901,99,1,43,7,7,9,1,1
30552,2021,12,29,3,10,2,1,5,513,99,1,28,4,4,6,1,1
30553,2021,12,29,3,18,4,3,16,1601,99,1,29,4,4,6,1,1
30554,2021,12,29,3,1,1,1,18,1805,99,1,26,4,4,6,1,1
30555,2021,12,29,3,19,4,3,18,1801,99,1,42,7,7,9,1,1
30556,2021,12,29,3,19,4,3,1,101,3,1,23,3,3,5,8,2
30557,2021,12,29,3,14,3,2,1,108,99,1,23,3,3,5,9,2
30558,2021,12,29,3,18,4,3,19,1901,99,1,25,4,4,6,7,2
30559,2021,12,29,3,23,4,3,5,506,99,1,46,8,8,10,1,1
30560,2021,12,29,3,18,4,3,16,1601,99,1,29,4,4,6,7,2
30561,2021,12,29,3,22,4,3,16,1612,99,1,21,3,3,5,8,2
30562,2021,12,30,4,22,4,3,1,101,17,1,38,6,6,8,1,1
30563,2021,12,30,4,5,1,1,1,101,16,1,42,7,7,9,1,1
30564,2021,12,30,4,19,4,3,1,115,99,1,27,4,4,6,1,1
30565,2021,12,30,4,14,3,2,1,115,99,1,22,3,3,5,1,1
30566,2021,12,30,4,23,4,3,22,2201,99,1,46,8,8,10,3,1
30567,2021,12,30,4,17,3,2,20,2006,99,1,22,3,3,5,1,1
30568,2021,12,30,4,7,2,1,5,514,99,1,40,7,7,9,1,1
30569,2021,12,30,4,10,2,1,10,1014,99,1,40,7,7,9,1,1
30570,2021,12,30,4,19,4,3,9,901,99,2,20,3,3,5,1,1
30571,2021,12,30,4,6,2,1,2,201,99,1,22,3,3,5,1,1
30572,2021,12,30,4,7,2,1,18,1803,99,1,25,4,4,6,1,1
30573,2021,12,30,4,15,3,2,17,1711,99,1,21,3,3,5,1,1
30574,2021,12,30,4,15,3,2,17,1711,99,1,36,6,6,8,1,1
30575,2021,12,30,4,19,4,3,1,115,99,1,45,8,8,10,7,2
30576,2021,12,30,4,7,2,1,1,108,99,1,30,5,5,7,9,2
30577,2021,12,30,4,17,3,2,20,2004,99,1,24,3,3,5,7,2
30578,2021,12,30,4,8,2,1,5,511,99,1,37,6,6,8,7,2
30579,2021,12,30,4,22,4,3,12,1201,99,1,21,3,3,5,8,2
30580,2021,12,31,5,3,1,1,21,2101,99,1,35,6,6,8,1,1
30581,2021,12,31,5,22,4,3,19,1909,99,1,22,3,3,5,2,1
30582,2021,12,31,5,12,3,2,5,506,99,1,27,4,4,6,1,1
30583,2021,12,31,5,22,4,3,10,1013,99,2,25,4,4,6,1,1
30584,2021,12,31,5,9,2,1,12,1230,99,1,32,5,5,7,1,1
30585,2021,12,31,5,23,4,3,15,1501,99,1,29,4,4,6,1,1
30586,2021,12,31,5,18,4,3,7,719,99,1,21,3,3,5,1,1
30587,2021,12,31,5,18,4,3,7,719,99,2,20,3,3,5,1,1
30588,2021,12,31,5,16,3,2,4,413,99,1,44,7,7,9,1,1
30589,2021,12,31,5,0,1,1,1,101,1,1,999,12,16,18,9,2
30590,2021,12,31,5,21,4,3,1,101,3,1,23,3,3,5,7,2
30591,2021,12,31,5,9,2,1,1,101,1,1,33,5,5,7,9,2
30592,2021,12,31,5,23,4,3,1,101,5,1,41,7,7,9,7,2
30593,2021,12,31,5,18,4,3,1,108,99,1,20,3,3,5,7,2
30594,2021,12,31,5,20,4,3,1,115,99,2,15,2,2,4,7,2
30595,2021,12,31,5,18,4,3,1,108,99,1,20,3,3,5,7,2
30596,2021,12,31,5,22,4,3,22,2202,99,2,38,6,6,8,8,2
30597,2021,12,31,5,15,3,2,22,2201,99,1,50,9,9,11,7,2
30598,2021,12,31,5,23,4,3,20,2006,99,1,27,4,4,6,7,2
30599,2021,12,31,5,23,4,3,20,2006,99,1,16,2,2,4,7,2
30600,2021,12,31,5,23,4,3,20,2006,99,1,20,3,3,5,7,2
30601,2021,12,31,5,23,4,3,20,2006,99,1,25,4,4,6,7,2
30602,2021,12,31,5,23,4,3,20,2006,99,1,30,5,5,7,7,2
30603,2021,12,31,5,11,2,1,5,505,99,1,27,4,4,6,8,2
30604,2021,12,31,5,22,4,3,10,1013,99,2,11,1,1,3,7,2
30605,2021,12,31,5,19,4,3,11,1105,99,1,33,5,5,7,7,2
30606,2021,12,31,5,16,3,2,18,1804,99,2,63,11,11,13,9,2
30607,2021,11,1,1,18,4,3,12,1215,99,2,999,12,16,18,68,7
30608,2021,11,2,2,19,4,3,1,115,99,2,47,8,8,10,68,7
30609,2021,11,2,2,15,3,2,16,1616,99,1,17,2,2,4,68,7
30610,2021,11,3,3,21,4,3,19,1901,99,2,22,3,3,5,68,7
30611,2021,11,3,3,23,4,3,6,606,99,2,999,12,16,18,68,7
30612,2021,11,3,3,15,3,2,4,404,99,2,36,6,6,8,68,7
30613,2021,11,3,3,22,4,3,3,301,99,2,42,7,7,9,68,7
30614,2021,11,4,4,17,3,2,2,203,99,2,35,6,6,8,68,7
30615,2021,11,4,4,12,3,2,18,1803,99,2,33,5,5,7,68,7
30616,2021,11,5,5,15,3,2,1,101,1,2,47,8,8,10,68,7
30617,2021,11,5,5,1,1,1,13,1301,99,2,999,12,16,18,68,7
30618,2021,11,5,5,21,4,3,16,1601,99,2,999,12,16,18,68,7
30619,2021,11,5,5,5,1,1,14,1420,99,2,20,3,3,5,68,7
30620,2021,11,5,5,0,1,1,7,701,99,1,30,5,5,7,68,7
30621,2021,11,6,6,22,4,3,10,1002,99,2,26,4,4,6,68,7
30622,2021,11,6,6,19,4,3,14,1413,99,2,57,10,10,12,68,7
30623,2021,11,6,6,18,4,3,4,406,99,2,79,11,14,16,68,7
30624,2021,11,7,7,21,4,3,1,101,18,2,31,5,5,7,68,7
30625,2021,11,7,7,21,4,3,1,101,1,2,26,4,4,6,68,7
30626,2021,11,7,7,4,1,1,1,101,5,2,28,4,4,6,68,7
30627,2021,11,7,7,21,4,3,17,1710,99,2,27,4,4,6,68,7
30628,2021,11,7,7,10,2,1,7,719,99,2,21,3,3,5,68,7
30629,2021,11,8,1,22,4,3,3,310,99,2,26,4,4,6,68,7
30630,2021,11,9,2,1,1,1,16,1617,99,2,999,12,16,18,68,7
30631,2021,11,9,2,0,1,1,16,1607,99,2,65,11,12,14,68,7
30632,2021,11,10,3,14,3,2,3,316,99,2,18,2,2,4,68,7
30633,2021,11,11,4,13,3,2,1,114,99,2,33,5,5,7,68,7
30634,2021,11,11,4,18,4,3,19,1904,99,2,11,1,1,3,68,7
30635,2021,11,11,4,13,3,2,8,805,99,2,26,4,4,6,68,7
30636,2021,11,11,4,18,4,3,15,1503,99,1,999,12,16,18,68,7
30637,2021,11,13,6,20,4,3,12,1215,99,2,42,7,7,9,68,7
30638,2021,11,13,6,0,1,1,16,1601,99,2,25,4,4,6,68,7
30639,2021,11,14,7,20,4,3,1,113,99,2,30,5,5,7,68,7
30640,2021,11,14,7,14,3,2,21,2106,99,2,43,7,7,9,68,7
30641,2021,11,14,7,17,3,2,6,609,99,2,51,9,9,11,68,7
30642,2021,11,14,7,21,4,3,16,1609,99,2,47,8,8,10,68,7
30643,2021,11,15,1,18,4,3,1,101,8,2,37,6,6,8,68,7
30644,2021,11,15,1,21,4,3,16,1615,99,2,50,9,9,11,68,7
30645,2021,11,15,1,12,3,2,3,314,99,1,11,1,1,3,68,7
30646,2021,11,16,2,12,3,2,1,117,99,2,23,3,3,5,68,7
30647,2021,11,16,2,20,4,3,5,501,99,2,22,3,3,5,68,7
30648,2021,11,16,2,18,4,3,6,603,99,2,87,11,15,17,68,7
30649,2021,11,18,4,16,3,2,5,504,99,2,43,7,7,9,68,7
30650,2021,11,18,4,21,4,3,16,1613,99,2,23,3,3,5,68,7
30651,2021,11,20,6,13,3,2,1,115,99,2,43,7,7,9,68,7
30652,2021,11,20,6,7,2,1,9,902,99,2,999,12,16,18,68,7
30653,2021,11,20,6,23,4,3,15,1503,99,2,32,5,5,7,68,7
30654,2021,11,20,6,21,4,3,17,1702,99,2,23,3,3,5,68,7
30655,2021,11,20,6,20,4,3,17,1701,99,2,27,4,4,6,68,7
30656,2021,11,20,6,22,4,3,7,701,99,2,18,2,2,4,68,7
30657,2021,11,20,6,23,4,3,4,413,99,2,29,4,4,6,68,7
30658,2021,11,20,6,22,4,3,3,308,99,2,18,2,2,4,68,7
30659,2021,11,21,7,8,2,1,1,116,99,2,42,7,7,9,68,7
30660,2021,11,21,7,7,2,1,22,2217,99,2,29,4,4,6,68,7
30661,2021,11,21,7,11,2,1,22,2214,99,2,29,4,4,6,68,7
30662,2021,11,21,7,21,4,3,5,501,99,2,14,1,1,3,68,7
30663,2021,11,21,7,13,3,2,12,1201,99,1,9,1,1,2,68,7
30664,2021,11,21,7,23,4,3,8,801,99,2,20,3,3,5,68,7
30665,2021,11,21,7,13,3,2,16,1601,99,1,999,12,16,18,68,7
30666,2021,11,21,7,3,1,1,15,1501,99,2,43,7,7,9,68,7
30667,2021,11,22,1,23,4,3,21,2101,99,2,48,8,8,10,68,7
30668,2021,11,22,1,3,1,1,10,1001,99,2,19,2,2,4,68,7
30669,2021,11,22,1,0,1,1,16,1607,99,2,999,12,16,18,68,7
30670,2021,11,22,1,2,1,1,14,1420,99,2,17,2,2,4,68,7
30671,2021,11,23,2,20,4,3,15,1503,99,2,999,12,16,18,68,7
30672,2021,11,23,2,20,4,3,14,1413,99,2,63,11,11,13,68,7
30673,2021,11,25,4,21,4,3,1,101,18,2,19,2,2,4,68,7
30674,2021,11,25,4,0,1,1,10,1001,99,2,46,8,8,10,68,7
30675,2021,11,25,4,21,4,3,2,207,99,2,23,3,3,5,68,7
30676,2021,11,26,5,14,3,2,21,2106,99,2,32,5,5,7,68,7
30677,2021,11,26,5,3,1,1,16,1605,99,2,38,6,6,8,68,7
30678,2021,11,27,6,19,4,3,1,108,99,2,999,12,16,18,68,7
30679,2021,11,27,6,23,4,3,19,1901,99,2,29,4,4,6,68,7
30680,2021,11,27,6,19,4,3,10,1001,99,2,20,3,3,5,68,7
30681,2021,11,27,6,21,4,3,9,917,99,2,22,3,3,5,68,7
30682,2021,11,27,6,23,4,3,16,1610,99,2,30,5,5,7,68,7
30683,2021,11,27,6,22,4,3,4,401,99,2,32,5,5,7,68,7
30684,2021,11,28,7,14,3,2,1,101,1,2,48,8,8,10,68,7
30685,2021,11,28,7,3,1,1,1,109,99,2,18,2,2,4,68,7
30686,2021,11,28,7,2,1,1,7,710,99,2,999,12,16,18,68,7
30687,2021,11,28,7,21,4,3,4,415,99,2,40,7,7,9,68,7
30688,2021,11,28,7,23,4,3,4,409,99,2,33,5,5,7,68,7
30689,2021,11,29,1,2,1,1,21,2103,99,2,53,9,9,11,68,7
30690,2021,11,29,1,21,4,3,5,507,99,2,22,3,3,5,68,7
30691,2021,11,29,1,0,1,1,16,1609,99,2,1,1,1,1,68,7
30692,2021,11,29,1,22,4,3,16,1604,99,2,26,4,4,6,68,7
30693,2021,11,30,2,1,1,1,16,1615,99,1,63,11,11,13,68,7
30694,2021,12,1,3,1,1,1,13,1307,99,2,31,5,5,7,68,7
30695,2021,12,1,3,0,1,1,17,1703,99,2,31,5,5,7,68,7
30696,2021,12,2,4,22,4,3,1,101,1,2,30,5,5,7,68,7
30697,2021,12,2,4,0,1,1,13,1309,99,2,52,9,9,11,68,7
30698,2021,12,2,4,21,4,3,13,1301,99,1,999,12,16,18,68,7
30699,2021,12,3,5,22,4,3,21,2101,99,2,999,12,16,18,68,7
30700,2021,12,4,6,21,4,3,1,103,99,2,40,7,7,9,68,7
30701,2021,12,4,6,17,3,2,20,2001,99,1,16,2,2,4,68,7
30702,2021,12,4,6,17,3,2,5,501,99,2,39,6,6,8,68,7
30703,2021,12,5,7,16,3,2,1,101,5,2,54,9,9,11,68,7
30704,2021,12,5,7,23,4,3,1,115,99,2,40,7,7,9,68,7
30705,2021,12,5,7,22,4,3,1,110,99,2,16,2,2,4,68,7
30706,2021,12,5,7,0,1,1,9,901,99,2,999,12,16,18,68,7
30707,2021,12,5,7,2,1,1,15,1503,99,2,54,9,9,11,68,7
30708,2021,12,6,1,22,4,3,5,501,99,2,29,4,4,6,68,7
30709,2021,12,6,1,18,4,3,14,1420,99,2,27,4,4,6,68,7
30710,2021,12,7,2,20,4,3,21,2101,99,2,999,12,16,18,68,7
30711,2021,12,7,2,15,3,2,6,608,99,2,62,11,11,13,68,7
30712,2021,12,7,2,20,4,3,11,1102,99,2,34,5,5,7,68,7
30713,2021,12,7,2,13,3,2,4,410,99,2,14,1,1,3,68,7
30714,2021,12,10,5,21,4,3,14,1420,99,2,18,2,2,4,68,7
30715,2021,12,11,6,17,3,2,1,101,6,2,36,6,6,8,68,7
30716,2021,12,12,7,1,1,1,1,115,99,2,30,5,5,7,68,7
30717,2021,12,12,7,2,1,1,1,101,7,2,30,5,5,7,68,7
30718,2021,12,12,7,20,4,3,5,512,99,2,40,7,7,9,68,7
30719,2021,12,12,7,2,1,1,9,915,99,1,55,10,10,12,68,7
30720,2021,12,13,1,15,3,2,1,101,1,2,34,5,5,7,68,7
30721,2021,12,13,1,18,4,3,1,116,99,2,999,12,16,18,68,7
30722,2021,12,13,1,18,4,3,21,2102,99,1,999,12,16,18,68,7
30723,2021,12,13,1,0,1,1,9,901,99,2,47,8,8,10,68,7
30724,2021,12,13,1,18,4,3,15,1503,99,2,29,4,4,6,68,7
30725,2021,12,14,2,22,4,3,21,2101,99,2,67,11,12,14,68,7
30726,2021,12,14,2,15,3,2,16,1616,99,2,60,11,11,13,68,7
30727,2021,12,15,3,22,4,3,10,1017,99,2,999,12,16,18,68,7
30728,2021,12,17,5,23,4,3,8,806,99,2,24,3,3,5,68,7
30729,2021,12,18,6,15,3,2,1,109,99,2,18,2,2,4,68,7
30730,2021,12,18,6,1,1,1,16,1612,99,2,25,4,4,6,68,7
30731,2021,12,19,7,6,2,1,1,108,99,2,56,10,10,12,68,7
30732,2021,12,19,7,23,4,3,15,1501,99,2,22,3,3,5,68,7
30733,2021,12,19,7,0,1,1,17,1707,99,2,18,2,2,4,68,7
30734,2021,12,19,7,19,4,3,17,1712,99,2,36,6,6,8,68,7
30735,2021,12,19,7,21,4,3,4,415,99,2,43,7,7,9,68,7
30736,2021,12,19,7,21,4,3,4,415,99,2,15,2,2,4,68,7
30737,2021,12,20,1,17,3,2,1,101,7,2,32,5,5,7,68,7
30738,2021,12,20,1,18,4,3,1,101,12,2,27,4,4,6,68,7
30739,2021,12,21,2,13,3,2,1,101,7,2,34,5,5,7,68,7
30740,2021,12,21,2,20,4,3,21,2102,99,2,999,12,16,18,68,7
30741,2021,12,21,2,1,1,1,16,1615,99,2,32,5,5,7,68,7
30742,2021,12,21,2,21,4,3,16,1601,99,2,28,4,4,6,68,7
30743,2021,12,21,2,1,1,1,14,1411,99,2,22,3,3,5,68,7
30744,2021,12,22,3,20,4,3,1,108,99,2,75,11,14,16,68,7
30745,2021,12,22,3,22,4,3,16,1603,99,2,28,4,4,6,68,7
30746,2021,12,23,4,21,4,3,16,1604,99,2,47,8,8,10,68,7
30747,2021,12,24,5,19,4,3,21,2107,99,2,39,6,6,8,68,7
30748,2021,12,24,5,19,4,3,14,1413,99,2,46,8,8,10,68,7
30749,2021,12,25,6,5,1,1,1,101,14,2,30,5,5,7,68,7
30750,2021,12,25,6,0,1,1,1,115,99,2,42,7,7,9,68,7
30751,2021,12,25,6,4,1,1,1,108,99,2,26,4,4,6,68,7
30752,2021,12,25,6,7,2,1,16,1610,99,2,999,12,16,18,68,7
30753,2021,12,25,6,16,3,2,12,1212,99,2,87,11,15,17,68,7
30754,2021,12,25,6,19,4,3,1,101,18,2,23,3,3,5,68,7
30755,2021,12,26,7,5,1,1,1,106,99,1,45,8,8,10,68,7
30756,2021,12,26,7,23,4,3,17,1712,99,2,24,3,3,5,68,7
30757,2021,12,27,1,23,4,3,22,2211,99,2,31,5,5,7,68,7
30758,2021,12,27,1,23,4,3,22,2213,99,1,999,12,16,18,68,7
30759,2021,12,27,1,21,4,3,21,2103,99,2,42,7,7,9,68,7
30760,2021,12,28,2,17,3,2,16,1615,99,1,14,1,1,3,68,7
30761,2021,12,28,2,18,4,3,16,1609,99,2,27,4,4,6,68,7
30762,2021,12,28,2,22,4,3,18,1805,99,2,48,8,8,10,68,7
30763,2021,12,29,3,0,1,1,12,1216,99,2,22,3,3,5,68,7
30764,2021,12,29,3,12,3,2,9,901,99,2,49,8,8,10,68,7
30765,2021,12,30,4,19,4,3,13,1301,99,2,16,2,2,4,68,7
30766,2021,12,30,4,23,4,3,16,1601,99,2,24,3,3,5,68,7
30767,2021,12,30,4,23,4,3,16,1616,99,2,21,3,3,5,68,7
30768,2021,12,31,5,14,3,2,21,2102,99,2,49,8,8,10,68,7
30769,2021,11,4,4,8,2,1,1,102,99,1,50,9,9,11,87,7
30770,2021,11,4,4,13,3,2,1,101,21,2,14,1,1,3,88,7
30771,2021,11,4,4,14,3,2,1,106,99,1,23,3,3,5,88,7
30772,2021,11,5,5,17,3,2,1,101,12,1,19,2,2,4,88,7
30773,2021,11,5,5,2,1,1,4,412,99,2,14,1,1,3,88,7
30774,2021,11,9,2,0,1,1,1,114,99,1,15,2,2,4,127,7
30775,2021,11,9,2,2,1,1,9,917,99,1,19,2,2,4,88,7
30776,2021,11,9,2,14,3,2,13,1301,99,1,41,7,7,9,88,7
30777,2021,11,10,3,13,3,2,1,114,99,1,31,5,5,7,88,7
30778,2021,11,13,6,23,4,3,1,110,99,2,55,10,10,12,116,7
30779,2021,11,14,7,10,2,1,1,101,11,1,39,6,6,8,88,7
30780,2021,11,14,7,22,4,3,9,917,99,1,23,3,3,5,88,7
30781,2021,11,14,7,18,4,3,2,207,99,2,15,2,2,4,88,7
30782,2021,11,16,2,7,2,1,1,115,99,1,22,3,3,5,88,7
30783,2021,11,19,5,4,1,1,1,102,99,2,28,4,4,6,87,7
30784,2021,11,19,5,0,1,1,1,101,7,2,30,5,5,7,88,7
30785,2021,11,19,5,22,4,3,22,2204,99,1,22,3,3,5,88,7
30786,2021,11,19,5,1,1,1,14,1405,99,1,32,5,5,7,88,7
30787,2021,11,20,6,23,4,3,19,1909,99,1,54,9,9,11,88,7
30788,2021,11,20,6,11,2,1,17,1704,99,1,30,5,5,7,88,7
30789,2021,11,21,7,8,2,1,11,1108,99,1,49,8,8,10,88,7
30790,2021,11,21,7,1,1,1,16,1612,99,1,10,1,1,3,88,7
30791,2021,11,21,7,2,1,1,18,1801,99,1,15,2,2,4,88,7
30792,2021,11,22,1,8,2,1,7,701,99,1,23,3,3,5,88,7
30793,2021,11,22,1,20,4,3,7,718,99,1,22,3,3,5,88,7
30794,2021,11,24,3,16,3,2,16,1609,99,1,27,4,4,6,88,7
30795,2021,11,25,4,9,2,1,5,509,99,1,61,11,11,13,88,7
30796,2021,11,28,7,23,4,3,1,110,99,1,32,5,5,7,91,7
30797,2021,11,29,1,16,3,2,19,1901,99,1,21,3,3,5,116,7
30798,2021,11,29,1,10,2,1,2,207,99,1,69,11,12,14,116,7
30799,2021,11,30,2,21,4,3,19,1904,99,1,22,3,3,5,88,7
30800,2021,12,1,3,9,2,1,18,1802,99,1,43,7,7,9,88,7
30801,2021,12,2,4,5,1,1,3,313,99,1,26,4,4,6,88,7
30802,2021,12,3,5,8,2,1,1,108,99,1,26,4,4,6,88,7
30803,2021,12,3,5,8,2,1,1,116,99,1,32,5,5,7,87,7
30804,2021,12,3,5,18,4,3,1,108,99,1,21,3,3,5,87,7
30805,2021,12,3,5,14,3,2,20,2009,99,1,20,3,3,5,88,7
30806,2021,12,4,6,13,3,2,5,506,99,1,34,5,5,7,88,7
30807,2021,12,4,6,15,3,2,16,1612,99,2,14,1,1,3,88,7
30808,2021,12,5,7,11,2,1,1,101,1,1,28,4,4,6,88,7
30809,2021,12,5,7,7,2,1,5,501,99,1,47,8,8,10,111,7
30810,2021,12,5,7,12,3,2,11,1106,99,1,21,3,3,5,88,7
30811,2021,12,6,1,4,1,1,11,1109,99,2,33,5,5,7,88,7
30812,2021,12,6,1,0,1,1,3,310,99,1,18,2,2,4,88,7
30813,2021,12,7,2,23,4,3,1,101,25,1,54,9,9,11,89,7
30814,2021,12,8,3,20,4,3,1,101,7,2,14,1,1,3,108,7
30815,2021,12,8,3,16,3,2,6,601,99,2,12,1,1,3,88,7
30816,2021,12,9,4,17,3,2,1,102,99,2,20,3,3,5,121,7
30817,2021,12,10,5,4,1,1,1,113,99,2,26,4,4,6,88,7
30818,2021,12,10,5,14,3,2,17,1712,99,1,52,9,9,11,116,7
30819,2021,12,10,5,11,2,1,3,304,99,1,999,12,16,18,121,7
30820,2021,12,11,6,8,2,1,4,403,99,1,45,8,8,10,116,7
30821,2021,12,16,4,6,2,1,22,2201,99,2,14,1,1,3,88,7
30822,2021,12,16,4,9,2,1,19,1903,99,1,40,7,7,9,92,7
30823,2021,12,19,7,8,2,1,11,1108,99,1,31,5,5,7,88,7
30824,2021,12,19,7,19,4,3,4,406,99,1,36,6,6,8,88,7
30825,2021,12,20,1,1,1,1,1,114,99,1,29,4,4,6,88,7
30826,2021,12,20,1,8,2,1,1,116,99,1,33,5,5,7,88,7
30827,2021,12,22,3,23,4,3,1,101,16,2,27,4,4,6,88,7
30828,2021,12,22,3,20,4,3,1,101,11,1,27,4,4,6,86,7
30829,2021,12,22,3,4,1,1,1,115,99,2,37,6,6,8,107,7
30830,2021,12,22,3,7,2,1,1,114,99,2,51,9,9,11,88,7
30831,2021,12,23,4,20,4,3,1,101,18,1,50,9,9,11,128,7
30832,2021,12,25,6,14,3,2,1,106,99,1,18,2,2,4,107,7
30833,2021,12,25,6,3,1,1,14,1404,99,1,46,8,8,10,128,7
30834,2021,12,27,1,22,4,3,22,2207,99,1,18,2,2,4,88,7
30835,2021,12,29,3,19,4,3,19,1904,99,2,32,5,5,7,88,7
30836,2021,12,29,3,14,3,2,4,409,99,1,31,5,5,7,93,7
30837,2021,12,30,4,18,4,3,1,115,99,1,23,3,3,5,89,7
30838,2021,12,31,5,6,2,1,6,613,99,1,33,5,5,7,88,7
30839,2021,11,11,4,99,5,4,4,401,99,1,25,4,4,6,15,5
30840,2021,11,3,3,0,1,1,20,2002,99,1,39,6,6,8,105,6
30841,2021,11,5,5,16,3,2,20,2011,99,1,22,3,3,5,105,6
30842,2021,11,5,5,15,3,2,13,1301,99,1,26,4,4,6,74,6
30843,2021,11,2,2,9,2,1,2,201,99,1,43,7,7,9,105,6
30844,2021,11,2,2,16,3,2,2,208,99,1,35,6,6,8,105,6
30845,2021,11,3,3,10,2,1,2,207,99,2,23,3,3,5,105,6
30846,2021,11,5,5,9,2,1,2,206,99,1,33,5,5,7,105,6
30847,2021,11,6,6,8,2,1,2,201,99,1,38,6,6,8,105,6
30848,2021,11,8,1,10,2,1,2,207,99,2,37,6,6,8,105,6
30849,2021,11,2,2,16,3,2,14,1415,99,1,20,3,3,5,74,6
30850,2021,11,2,2,18,4,3,14,1401,99,2,27,4,4,6,74,6
30851,2021,11,3,3,18,4,3,14,1401,99,1,999,12,16,18,74,6
30852,2021,11,4,4,13,3,2,14,1405,99,1,999,12,16,18,74,6
30853,2021,11,7,7,20,4,3,14,1412,99,1,999,12,16,18,74,6
30854,2021,11,2,2,14,3,2,12,1219,99,1,28,4,4,6,104,6
30855,2021,11,3,3,9,2,1,12,1201,99,2,50,9,9,11,104,6
30856,2021,11,3,3,10,2,1,12,1201,99,2,28,4,4,6,97,6
30857,2021,11,3,3,10,2,1,12,1214,99,1,999,12,16,18,104,6
30858,2021,11,3,3,8,2,1,1,114,99,1,31,5,5,7,104,6
30859,2021,11,3,3,14,3,2,1,114,99,1,35,6,6,8,104,6
30860,2021,11,4,4,17,3,2,1,117,99,1,72,11,13,15,105,6
30861,2021,11,5,5,15,3,2,1,114,99,2,43,7,7,9,104,6
30862,2021,11,5,5,15,3,2,1,116,99,1,39,6,6,8,97,6
30863,2021,11,7,7,18,4,3,1,114,99,1,23,3,3,5,104,6
30864,2021,11,8,1,15,3,2,1,114,99,1,44,7,7,9,104,6
30865,2021,11,8,1,15,3,2,1,114,99,2,47,8,8,10,104,6
30866,2021,11,11,4,10,2,1,20,2002,99,1,35,6,6,8,105,6
30867,2021,11,12,5,16,3,2,2,201,99,2,27,4,4,6,105,6
30868,2021,11,12,5,12,3,2,17,1707,99,2,26,4,4,6,104,6
30869,2021,11,9,2,12,3,2,14,1411,99,1,39,6,6,8,74,6
30870,2021,11,9,2,13,3,2,12,1202,99,1,999,12,16,18,97,6
30871,2021,11,9,2,14,3,2,12,1205,99,2,999,12,16,18,104,6
30872,2021,11,11,4,12,3,2,12,1216,99,2,34,5,5,7,104,6
30873,2021,11,13,6,12,3,2,12,1226,99,2,53,9,9,11,104,6
30874,2021,11,15,1,13,3,2,12,1203,99,1,23,3,3,5,97,6
30875,2021,11,2,2,16,3,2,7,701,99,1,38,6,6,8,97,6
30876,2021,11,12,5,9,2,1,7,712,99,1,43,7,7,9,104,6
30877,2021,11,15,1,17,3,2,8,801,99,2,25,4,4,6,104,6
30878,2021,11,9,2,15,3,2,1,114,99,2,40,7,7,9,104,6
30879,2021,11,10,3,11,2,1,1,114,99,2,54,9,9,11,97,6
30880,2021,11,10,3,17,3,2,1,114,99,1,23,3,3,5,104,6
30881,2021,11,14,7,10,2,1,1,114,99,1,52,9,9,11,97,6
30882,2021,11,17,3,14,3,2,20,2005,99,2,28,4,4,6,105,6
30883,2021,11,19,5,12,3,2,20,2001,99,1,44,7,7,9,105,6
30884,2021,11,19,5,9,2,1,20,2009,99,2,42,7,7,9,105,6
30885,2021,11,19,5,9,2,1,19,1901,99,1,51,9,9,11,105,6
30886,2021,11,19,5,0,1,1,13,1315,99,1,21,3,3,5,74,6
30887,2021,11,19,5,14,3,2,2,207,99,2,49,8,8,10,105,6
30888,2021,11,16,2,18,4,3,14,1418,99,2,53,9,9,11,74,6
30889,2021,11,20,6,13,3,2,14,1408,99,1,28,4,4,6,74,6
30890,2021,11,22,1,8,2,1,14,1401,99,1,31,5,5,7,74,6
30891,2021,11,22,1,12,3,2,14,1411,99,1,29,4,4,6,74,6
30892,2021,11,22,1,12,3,2,14,1411,99,1,40,7,7,9,74,6
30893,2021,11,22,1,12,3,2,14,1415,99,2,26,4,4,6,74,6
30894,2021,11,16,2,11,2,1,12,1210,99,1,47,8,8,10,104,6
30895,2021,11,16,2,13,3,2,12,1213,99,1,62,11,11,13,104,6
30896,2021,11,16,2,10,2,1,12,1216,99,1,17,2,2,4,104,6
30897,2021,11,19,5,13,3,2,12,1201,99,1,999,12,16,18,104,6
30898,2021,11,20,6,12,3,2,12,1213,99,1,26,4,4,6,97,6
30899,2021,11,17,3,11,2,1,7,718,99,1,37,6,6,8,104,6
30900,2021,11,16,2,16,3,2,1,114,99,1,30,5,5,7,104,6
30901,2021,11,16,2,16,3,2,1,101,99,9,999,12,16,18,105,6
30902,2021,11,17,3,15,3,2,1,114,99,2,39,6,6,8,104,6
30903,2021,11,17,3,10,2,1,1,115,99,1,31,5,5,7,104,6
30904,2021,11,17,3,14,3,2,1,115,99,1,19,2,2,4,104,6
30905,2021,11,20,6,12,3,2,1,114,99,1,47,8,8,10,104,6
30906,2021,11,22,1,18,4,3,1,114,99,2,23,3,3,5,104,6
30907,2021,11,22,1,16,3,2,1,115,99,2,37,6,6,8,104,6
30908,2021,11,24,3,15,3,2,13,1301,99,1,33,5,5,7,74,6
30909,2021,11,26,5,18,4,3,13,1329,99,2,57,10,10,12,74,6
30910,2021,11,23,2,12,3,2,14,1401,99,1,42,7,7,9,74,6
30911,2021,11,24,3,9,2,1,14,1401,99,2,49,8,8,10,74,6
30912,2021,11,24,3,20,4,3,14,1411,99,1,42,7,7,9,74,6
30913,2021,11,25,4,11,2,1,14,1401,99,2,60,11,11,13,74,6
30914,2021,11,29,1,11,2,1,14,1401,99,2,51,9,9,11,74,6
30915,2021,11,23,2,17,3,2,12,1201,99,2,32,5,5,7,97,6
30916,2021,11,23,2,10,2,1,12,1215,99,1,32,5,5,7,104,6
30917,2021,11,23,2,18,4,3,12,1213,99,2,42,7,7,9,104,6
30918,2021,11,24,3,10,2,1,12,1207,99,1,42,7,7,9,104,6
30919,2021,11,24,3,16,3,2,12,1219,99,2,34,5,5,7,104,6
30920,2021,11,24,3,16,3,2,12,1202,99,1,25,4,4,6,104,6
30921,2021,11,25,4,14,3,2,12,1214,99,2,43,7,7,9,104,6
30922,2021,11,25,4,14,3,2,12,1202,99,2,19,2,2,4,104,6
30923,2021,11,29,1,11,2,1,12,1201,99,2,55,10,10,12,97,6
30924,2021,11,27,6,11,2,1,1,114,99,2,30,5,5,7,104,6
30925,2021,11,27,6,12,3,2,1,114,99,1,28,4,4,6,104,6
30926,2021,11,30,2,12,3,2,1,114,99,2,18,2,2,4,104,6
30927,2021,11,30,2,12,3,2,1,114,99,2,56,10,10,12,104,6
30928,2021,11,30,2,17,3,2,1,114,99,1,57,10,10,12,104,6
30929,2021,11,1,1,18,4,3,1,101,2,2,32,5,5,7,97,6
30930,2021,11,1,1,21,4,3,1,101,7,1,30,5,5,7,104,6
30931,2021,11,2,2,13,3,2,1,113,99,1,58,10,10,12,104,6
30932,2021,11,2,2,14,3,2,1,101,18,2,62,11,11,13,97,6
30933,2021,11,2,2,17,3,2,1,106,99,2,19,2,2,4,104,6
30934,2021,11,2,2,17,3,2,1,106,99,2,46,8,8,10,104,6
30935,2021,11,2,2,21,4,3,1,116,99,1,25,4,4,6,104,6
30936,2021,11,2,2,22,4,3,1,114,99,1,25,4,4,6,97,6
30937,2021,11,2,2,22,4,3,1,101,17,1,21,3,3,5,97,6
30938,2021,11,2,2,22,4,3,1,115,99,1,68,11,12,14,104,6
30939,2021,11,2,2,22,4,3,6,614,99,1,35,6,6,8,104,6
30940,2021,11,2,2,22,4,3,1,101,12,2,48,8,8,10,97,6
30941,2021,11,2,2,22,4,3,1,101,7,1,23,3,3,5,104,6
30942,2021,11,2,2,23,4,3,1,107,99,2,30,5,5,7,104,6
30943,2021,11,2,2,23,4,3,1,115,99,1,48,8,8,10,97,6
30944,2021,11,2,2,23,4,3,1,115,99,1,20,3,3,5,104,6
30945,2021,11,2,2,23,4,3,1,101,5,2,60,11,11,13,104,6
30946,2021,11,2,2,23,4,3,1,101,5,2,53,9,9,11,104,6
30947,2021,11,3,3,13,3,2,1,101,12,2,33,5,5,7,97,6
30948,2021,11,3,3,16,3,2,1,101,4,1,40,7,7,9,97,6
30949,2021,11,3,3,16,3,2,1,101,2,1,23,3,3,5,104,6
30950,2021,11,3,3,16,3,2,1,114,99,1,53,9,9,11,104,6
30951,2021,11,3,3,16,3,2,1,101,1,2,51,9,9,11,97,6
30952,2021,11,3,3,17,3,2,1,115,99,1,62,11,11,13,97,6
30953,2021,11,3,3,17,3,2,1,101,5,1,35,6,6,8,104,6
30954,2021,11,3,3,17,3,2,1,101,13,1,56,10,10,12,104,6
30955,2021,11,3,3,18,4,3,1,101,21,2,30,5,5,7,104,6
30956,2021,11,3,3,20,4,3,1,101,18,2,32,5,5,7,104,6
30957,2021,11,3,3,21,4,3,1,101,1,1,39,6,6,8,104,6
30958,2021,11,3,3,21,4,3,1,101,18,1,21,3,3,5,104,6
30959,2021,11,4,4,11,2,1,1,101,12,2,26,4,4,6,104,6
30960,2021,11,4,4,16,3,2,1,101,18,2,58,10,10,12,97,6
30961,2021,11,4,4,19,4,3,1,101,18,1,58,10,10,12,104,6
30962,2021,11,4,4,21,4,3,1,108,99,1,31,5,5,7,104,6
30963,2021,11,4,4,21,4,3,1,117,99,1,25,4,4,6,104,6
30964,2021,11,4,4,22,4,3,1,101,19,2,26,4,4,6,104,6
30965,2021,11,4,4,22,4,3,1,101,1,1,65,11,12,14,104,6
30966,2021,11,5,5,9,2,1,1,101,1,1,72,11,13,15,95,6
30967,2021,11,5,5,10,2,1,1,103,99,1,55,10,10,12,104,6
30968,2021,11,5,5,10,2,1,1,103,99,2,21,3,3,5,104,6
30969,2021,11,5,5,13,3,2,1,101,3,2,23,3,3,5,104,6
30970,2021,11,5,5,14,3,2,1,101,21,1,48,8,8,10,104,6
30971,2021,11,5,5,15,3,2,1,101,2,2,26,4,4,6,97,6
30972,2021,11,5,5,15,3,2,2,203,99,1,20,3,3,5,97,6
30973,2021,11,5,5,16,3,2,1,101,7,2,46,8,8,10,97,6
30974,2021,11,5,5,18,4,3,1,101,18,2,22,3,3,5,104,6
30975,2021,11,5,5,19,4,3,1,101,21,2,28,4,4,6,97,6
30976,2021,11,5,5,21,4,3,1,101,3,9,999,12,16,18,104,6
30977,2021,11,5,5,21,4,3,14,1415,99,2,48,8,8,10,104,6
30978,2021,11,5,5,22,4,3,1,113,99,2,28,4,4,6,104,6
30979,2021,11,5,5,22,4,3,1,103,99,2,46,8,8,10,97,6
30980,2021,11,6,6,8,2,1,1,101,13,1,39,6,6,8,104,6
30981,2021,11,6,6,9,2,1,1,101,3,1,58,10,10,12,104,6
30982,2021,11,6,6,17,3,2,1,101,5,2,72,11,13,15,97,6
30983,2021,11,6,6,17,3,2,1,101,6,2,999,12,16,18,104,6
30984,2021,11,6,6,18,4,3,1,101,99,1,35,6,6,8,104,6
30985,2021,11,6,6,19,4,3,1,101,99,1,30,5,5,7,104,6
30986,2021,11,6,6,19,4,3,1,101,15,1,35,6,6,8,97,6
30987,2021,11,6,6,20,4,3,1,101,18,1,46,8,8,10,97,6
30988,2021,11,6,6,21,4,3,1,101,7,1,54,9,9,11,104,6
30989,2021,11,6,6,21,4,3,1,101,16,2,39,6,6,8,104,6
30990,2021,11,6,6,22,4,3,1,101,1,1,30,5,5,7,104,6
30991,2021,11,6,6,22,4,3,1,101,1,1,39,6,6,8,97,6
30992,2021,11,7,7,11,2,1,1,101,25,2,51,9,9,11,97,6
30993,2021,11,7,7,14,3,2,1,111,99,2,29,4,4,6,104,6
30994,2021,11,7,7,19,4,3,1,101,21,1,25,4,4,6,104,6
30995,2021,11,7,7,21,4,3,1,102,99,1,47,8,8,10,97,6
30996,2021,11,7,7,21,4,3,1,101,7,1,48,8,8,10,104,6
30997,2021,11,8,1,8,2,1,1,101,6,2,24,3,3,5,97,6
30998,2021,11,8,1,13,3,2,1,101,5,2,25,4,4,6,104,6
30999,2021,11,8,1,14,3,2,1,115,99,1,68,11,12,14,97,6
31000,2021,11,8,1,16,3,2,1,101,6,2,28,4,4,6,104,6
31001,2021,11,8,1,16,3,2,1,101,2,2,25,4,4,6,97,6
31002,2021,11,8,1,16,3,2,1,101,1,2,24,3,3,5,104,6
31003,2021,11,8,1,17,3,2,1,101,12,1,36,6,6,8,104,6
31004,2021,11,8,1,19,4,3,1,101,3,1,32,5,5,7,97,6
31005,2021,11,8,1,21,4,3,1,101,1,1,33,5,5,7,104,6
31006,2021,11,8,1,21,4,3,1,101,18,1,32,5,5,7,104,6
31007,2021,11,8,1,22,4,3,1,107,99,1,55,10,10,12,97,6
31008,2021,11,8,1,22,4,3,1,101,25,1,48,8,8,10,97,6
31009,2021,11,8,1,22,4,3,1,101,12,2,20,3,3,5,104,6
31010,2021,11,8,1,22,4,3,1,101,13,1,34,5,5,7,104,6
31011,2021,11,8,1,22,4,3,1,101,1,2,35,6,6,8,104,6
31012,2021,11,8,1,22,4,3,1,101,6,2,38,6,6,8,104,6
31013,2021,11,8,1,23,4,3,1,101,18,1,999,12,16,18,97,6
31014,2021,11,9,2,9,2,1,1,107,99,2,64,11,11,13,97,6
31015,2021,11,9,2,11,2,1,1,101,6,1,41,7,7,9,104,6
31016,2021,11,9,2,14,3,2,1,101,12,2,45,8,8,10,97,6
31017,2021,11,9,2,17,3,2,1,101,11,2,44,7,7,9,104,6
31018,2021,11,9,2,18,4,3,1,101,21,2,26,4,4,6,104,6
31019,2021,11,9,2,18,4,3,1,101,10,1,38,6,6,8,104,6
31020,2021,11,9,2,18,4,3,1,101,21,2,31,5,5,7,104,6
31021,2021,11,9,2,18,4,3,1,101,18,2,53,9,9,11,104,6
31022,2021,11,9,2,19,4,3,1,103,99,1,21,3,3,5,97,6
31023,2021,11,9,2,21,4,3,1,101,15,2,21,3,3,5,104,6
31024,2021,11,9,2,22,4,3,1,101,1,1,37,6,6,8,97,6
31025,2021,11,9,2,23,4,3,1,101,1,1,67,11,12,14,97,6
31026,2021,11,10,3,8,2,1,1,106,99,1,30,5,5,7,97,6
31027,2021,11,10,3,15,3,2,1,101,5,1,23,3,3,5,97,6
31028,2021,11,10,3,16,3,2,1,101,5,1,47,8,8,10,97,6
31029,2021,11,10,3,18,4,3,1,101,18,1,62,11,11,13,97,6
31030,2021,11,10,3,20,4,3,1,116,99,1,37,6,6,8,104,6
31031,2021,11,10,3,20,4,3,1,101,19,1,53,9,9,11,104,6
31032,2021,11,10,3,21,4,3,1,108,99,2,26,4,4,6,97,6
31033,2021,11,10,3,21,4,3,1,101,18,1,45,8,8,10,104,6
31034,2021,11,11,4,17,3,2,1,101,7,1,43,7,7,9,97,6
31035,2021,11,11,4,17,3,2,1,101,2,2,26,4,4,6,97,6
31036,2021,11,11,4,18,4,3,1,101,18,2,53,9,9,11,97,6
31037,2021,11,11,4,21,4,3,1,101,1,1,33,5,5,7,97,6
31038,2021,11,11,4,22,4,3,1,101,6,1,54,9,9,11,97,6
31039,2021,11,11,4,23,4,3,1,101,19,1,48,8,8,10,97,6
31040,2021,11,12,5,12,3,2,1,101,12,1,37,6,6,8,104,6
31041,2021,11,12,5,14,3,2,1,101,1,1,34,5,5,7,104,6
31042,2021,11,12,5,17,3,2,1,103,99,1,40,7,7,9,97,6
31043,2021,11,12,5,17,3,2,1,101,19,1,28,4,4,6,104,6
31044,2021,11,12,5,19,4,3,1,101,16,2,37,6,6,8,74,6
31045,2021,11,12,5,21,4,3,1,101,9,1,28,4,4,6,104,6
31046,2021,11,12,5,21,4,3,1,101,2,2,27,4,4,6,104,6
31047,2021,11,12,5,21,4,3,1,101,13,2,47,8,8,10,104,6
31048,2021,11,12,5,21,4,3,1,107,99,1,31,5,5,7,97,6
31049,2021,11,12,5,22,4,3,1,101,21,2,35,6,6,8,104,6
31050,2021,11,12,5,22,4,3,1,103,99,2,26,4,4,6,97,6
31051,2021,11,13,6,13,3,2,1,101,3,1,59,10,10,12,97,6
31052,2021,11,13,6,14,3,2,1,101,6,1,28,4,4,6,97,6
31053,2021,11,13,6,16,3,2,1,101,9,1,28,4,4,6,95,6
31054,2021,11,13,6,20,4,3,1,101,1,2,49,8,8,10,104,6
31055,2021,11,13,6,21,4,3,1,101,1,1,47,8,8,10,97,6
31056,2021,11,13,6,21,4,3,1,101,6,2,54,9,9,11,97,6
31057,2021,11,13,6,21,4,3,1,101,5,2,51,9,9,11,104,6
31058,2021,11,13,6,21,4,3,1,101,13,2,32,5,5,7,97,6
31059,2021,11,13,6,21,4,3,1,101,7,2,36,6,6,8,104,6
31060,2021,11,13,6,22,4,3,1,101,13,2,30,5,5,7,104,6
31061,2021,11,13,6,22,4,3,1,101,15,1,70,11,13,15,104,6
31062,2021,11,13,6,22,4,3,1,101,6,2,58,10,10,12,97,6
31063,2021,11,13,6,22,4,3,1,101,6,1,60,11,11,13,97,6
31064,2021,11,13,6,22,4,3,1,101,7,2,29,4,4,6,104,6
31065,2021,11,13,6,22,4,3,1,101,3,1,37,6,6,8,104,6
31066,2021,11,14,7,11,2,1,1,101,12,2,26,4,4,6,97,6
31067,2021,11,14,7,13,3,2,1,101,17,1,34,5,5,7,97,6
31068,2021,11,14,7,14,3,2,1,101,21,1,21,3,3,5,97,6
31069,2021,11,14,7,20,4,3,1,105,99,2,40,7,7,9,97,6
31070,2021,11,14,7,20,4,3,1,108,99,2,43,7,7,9,104,6
31071,2021,11,14,7,21,4,3,1,101,8,1,45,8,8,10,97,6
31072,2021,11,14,7,21,4,3,1,101,13,1,30,5,5,7,104,6
31073,2021,11,15,1,8,2,1,1,101,7,2,37,6,6,8,97,6
31074,2021,11,15,1,11,2,1,1,113,99,1,49,8,8,10,104,6
31075,2021,11,15,1,13,3,2,1,101,17,1,25,4,4,6,97,6
31076,2021,11,15,1,13,3,2,1,101,6,1,37,6,6,8,97,6
31077,2021,11,15,1,16,3,2,1,103,99,1,21,3,3,5,97,6
31078,2021,11,15,1,18,4,3,1,101,18,2,41,7,7,9,104,6
31079,2021,11,15,1,18,4,3,1,101,9,1,34,5,5,7,97,6
31080,2021,11,15,1,19,4,3,1,101,3,1,25,4,4,6,97,6
31081,2021,11,15,1,19,4,3,1,101,18,2,31,5,5,7,104,6
31082,2021,11,15,1,22,4,3,1,102,99,2,32,5,5,7,97,6
31083,2021,11,15,1,0,1,1,1,101,7,1,18,2,2,4,104,6
31084,2021,11,16,2,12,3,2,1,108,99,2,38,6,6,8,97,6
31085,2021,11,16,2,12,3,2,1,101,5,1,22,3,3,5,104,6
31086,2021,11,16,2,12,3,2,1,101,21,1,36,6,6,8,104,6
31087,2021,11,16,2,13,3,2,1,101,1,2,44,7,7,9,97,6
31088,2021,11,16,2,13,3,2,1,101,17,1,30,5,5,7,104,6
31089,2021,11,16,2,16,3,2,1,101,7,2,27,4,4,6,104,6
31090,2021,11,16,2,17,3,2,1,101,24,1,38,6,6,8,104,6
31091,2021,11,16,2,17,3,2,1,101,24,1,38,6,6,8,104,6
31092,2021,11,16,2,21,4,3,1,101,24,1,55,10,10,12,95,6
31093,2021,11,16,2,21,4,3,1,101,18,1,55,10,10,12,97,6
31094,2021,11,16,2,21,4,3,1,101,2,1,46,8,8,10,104,6
31095,2021,11,16,2,21,4,3,1,107,99,1,68,11,12,14,95,6
31096,2021,11,16,2,22,4,3,1,101,99,9,999,12,16,18,95,6
31097,2021,11,17,3,16,3,2,1,109,99,1,35,6,6,8,104,6
31098,2021,11,17,3,16,3,2,1,103,99,1,39,6,6,8,104,6
31099,2021,11,17,3,22,4,3,1,101,99,1,33,5,5,7,97,6
31100,2021,11,17,3,22,4,3,1,105,99,1,52,9,9,11,97,6
31101,2021,11,17,3,22,4,3,1,102,99,1,40,7,7,9,104,6
31102,2021,11,17,3,22,4,3,1,101,18,2,39,6,6,8,97,6
31103,2021,11,17,3,22,4,3,1,106,99,1,24,3,3,5,104,6
31104,2021,11,17,3,22,4,3,1,101,13,1,37,6,6,8,97,6
31105,2021,11,17,3,22,4,3,1,101,5,2,48,8,8,10,97,6
31106,2021,11,18,4,12,3,2,1,101,21,2,31,5,5,7,97,6
31107,2021,11,18,4,14,3,2,1,101,3,1,53,9,9,11,97,6
31108,2021,11,18,4,17,3,2,1,101,19,1,55,10,10,12,97,6
31109,2021,11,18,4,17,3,2,1,101,7,1,37,6,6,8,104,6
31110,2021,11,18,4,20,4,3,1,101,17,1,45,8,8,10,97,6
31111,2021,11,18,4,20,4,3,1,101,21,2,63,11,11,13,97,6
31112,2021,11,18,4,21,4,3,1,101,6,1,50,9,9,11,97,6
31113,2021,11,18,4,22,4,3,1,101,6,1,46,8,8,10,104,6
31114,2021,11,18,4,22,4,3,1,101,99,9,999,12,16,18,104,6
31115,2021,11,19,5,0,1,1,1,101,99,9,999,12,16,18,104,6
31116,2021,11,19,5,11,2,1,1,101,16,1,44,7,7,9,104,6
31117,2021,11,19,5,14,3,2,1,101,18,1,54,9,9,11,97,6
31118,2021,11,19,5,14,3,2,1,101,18,1,32,5,5,7,104,6
31119,2021,11,19,5,16,3,2,1,101,6,2,38,6,6,8,104,6
31120,2021,11,19,5,16,3,2,1,101,6,1,31,5,5,7,97,6
31121,2021,11,19,5,18,4,3,1,114,99,1,30,5,5,7,104,6
31122,2021,11,19,5,21,4,3,1,101,7,1,46,8,8,10,104,6
31123,2021,11,19,5,21,4,3,1,101,21,2,59,10,10,12,104,6
31124,2021,11,19,5,21,4,3,1,101,16,2,27,4,4,6,104,6
31125,2021,11,20,6,12,3,2,1,101,6,1,43,7,7,9,104,6
31126,2021,11,20,6,14,3,2,1,103,99,2,42,7,7,9,97,6
31127,2021,11,20,6,14,3,2,1,108,99,1,40,7,7,9,97,6
31128,2021,11,20,6,14,3,2,1,106,99,2,37,6,6,8,97,6
31129,2021,11,20,6,14,3,2,1,101,1,1,58,10,10,12,104,6
31130,2021,11,20,6,16,3,2,1,101,2,1,42,7,7,9,104,6
31131,2021,11,20,6,16,3,2,1,101,1,1,60,11,11,13,97,6
31132,2021,11,20,6,16,3,2,1,101,16,1,37,6,6,8,97,6
31133,2021,11,20,6,16,3,2,1,101,25,1,22,3,3,5,104,6
31134,2021,11,20,6,17,3,2,1,101,15,1,54,9,9,11,104,6
31135,2021,11,20,6,21,4,3,1,101,6,1,28,4,4,6,97,6
31136,2021,11,20,6,21,4,3,1,101,18,2,40,7,7,9,104,6
31137,2021,11,20,6,23,4,3,1,101,99,1,55,10,10,12,104,6
31138,2021,11,20,6,23,4,3,1,101,99,1,34,5,5,7,104,6
31139,2021,11,21,7,11,2,1,1,101,25,2,26,4,4,6,104,6
31140,2021,11,21,7,14,3,2,1,101,9,2,32,5,5,7,97,6
31141,2021,11,21,7,16,3,2,1,101,99,2,36,6,6,8,97,6
31142,2021,11,21,7,22,4,3,1,101,19,2,41,7,7,9,97,6
31143,2021,11,21,7,22,4,3,1,101,21,1,30,5,5,7,104,6
31144,2021,11,21,7,22,4,3,1,101,11,2,40,7,7,9,97,6
31145,2021,11,22,1,8,2,1,1,105,99,1,54,9,9,11,104,6
31146,2021,11,22,1,8,2,1,1,101,5,1,44,7,7,9,97,6
31147,2021,11,22,1,13,3,2,1,101,5,1,70,11,13,15,104,6
31148,2021,11,22,1,13,3,2,1,101,1,2,41,7,7,9,97,6
31149,2021,11,22,1,13,3,2,1,109,99,1,26,4,4,6,97,6
31150,2021,11,22,1,13,3,2,1,108,99,1,35,6,6,8,104,6
31151,2021,11,22,1,14,3,2,1,105,99,1,38,6,6,8,104,6
31152,2021,11,22,1,15,3,2,1,101,13,1,43,7,7,9,104,6
31153,2021,11,22,1,17,3,2,1,101,10,2,25,4,4,6,104,6
31154,2021,11,22,1,21,4,3,1,101,12,2,29,4,4,6,104,6
31155,2021,11,23,2,9,2,1,1,101,18,1,28,4,4,6,104,6
31156,2021,11,23,2,9,2,1,1,101,21,1,33,5,5,7,104,6
31157,2021,11,23,2,11,2,1,1,101,99,1,63,11,11,13,104,6
31158,2021,11,23,2,12,3,2,1,101,99,2,999,12,16,18,104,6
31159,2021,11,23,2,13,3,2,1,101,1,1,45,8,8,10,97,6
31160,2021,11,23,2,15,3,2,1,101,1,2,47,8,8,10,97,6
31161,2021,11,23,2,15,3,2,1,101,99,2,35,6,6,8,104,6
31162,2021,11,23,2,22,4,3,1,101,10,1,41,7,7,9,104,6
31163,2021,11,23,2,22,4,3,1,106,99,1,38,6,6,8,104,6
31164,2021,11,23,2,22,4,3,1,101,18,1,37,6,6,8,104,6
31165,2021,11,23,2,22,4,3,1,101,6,2,31,5,5,7,104,6
31166,2021,11,23,2,22,4,3,1,101,12,2,26,4,4,6,104,6
31167,2021,11,23,2,22,4,3,1,101,18,1,33,5,5,7,104,6
31168,2021,11,23,2,23,4,3,1,101,18,2,40,7,7,9,97,6
31169,2021,11,24,3,14,3,2,1,102,99,2,39,6,6,8,104,6
31170,2021,11,24,3,15,3,2,1,103,99,1,45,8,8,10,97,6
31171,2021,11,24,3,16,3,2,1,101,1,1,64,11,11,13,97,6
31172,2021,11,24,3,17,3,2,1,101,1,2,40,7,7,9,97,6
31173,2021,11,24,3,17,3,2,1,117,99,2,38,6,6,8,95,6
31174,2021,11,24,3,18,4,3,1,117,99,1,41,7,7,9,97,6
31175,2021,11,24,3,18,4,3,1,101,6,1,45,8,8,10,97,6
31176,2021,11,24,3,18,4,3,1,101,18,1,41,7,7,9,104,6
31177,2021,11,24,3,20,4,3,1,101,10,1,28,4,4,6,104,6
31178,2021,11,24,3,21,4,3,1,101,12,2,33,5,5,7,104,6
31179,2021,11,24,3,21,4,3,1,101,18,1,35,6,6,8,95,6
31180,2021,11,24,3,21,4,3,1,101,18,1,35,6,6,8,95,6
31181,2021,11,24,3,22,4,3,1,101,18,1,35,6,6,8,95,6
31182,2021,11,25,4,7,2,1,1,101,8,2,36,6,6,8,104,6
31183,2021,11,25,4,11,2,1,1,102,99,1,34,5,5,7,97,6
31184,2021,11,25,4,11,2,1,1,101,18,1,46,8,8,10,104,6
31185,2021,11,25,4,13,3,2,1,101,13,1,52,9,9,11,97,6
31186,2021,11,25,4,14,3,2,1,101,25,1,36,6,6,8,97,6
31187,2021,11,25,4,15,3,2,1,101,21,2,39,6,6,8,97,6
31188,2021,11,25,4,16,3,2,1,101,7,2,30,5,5,7,104,6
31189,2021,11,25,4,16,3,2,1,101,7,2,32,5,5,7,104,6
31190,2021,11,25,4,16,3,2,1,101,6,1,31,5,5,7,97,6
31191,2021,11,25,4,17,3,2,1,101,13,1,33,5,5,7,104,6
31192,2021,11,25,4,22,4,3,1,101,18,1,999,12,16,18,84,6
31193,2021,11,25,4,22,4,3,1,101,14,1,36,6,6,8,104,6
31194,2021,11,25,4,22,4,3,1,101,9,1,32,5,5,7,95,6
31195,2021,11,25,4,22,4,3,1,101,18,1,42,7,7,9,97,6
31196,2021,11,25,4,23,4,3,1,101,7,2,36,6,6,8,97,6
31197,2021,11,25,4,23,4,3,1,101,12,1,41,7,7,9,95,6
31198,2021,11,26,5,15,3,2,1,101,18,2,35,6,6,8,97,6
31199,2021,11,26,5,16,3,2,1,101,1,1,35,6,6,8,104,6
31200,2021,11,26,5,16,3,2,1,101,18,1,42,7,7,9,97,6
31201,2021,11,26,5,20,4,3,1,101,21,1,36,6,6,8,97,6
31202,2021,11,26,5,21,4,3,1,101,7,1,42,7,7,9,97,6
31203,2021,11,26,5,21,4,3,1,101,18,1,44,7,7,9,97,6
31204,2021,11,26,5,22,4,3,1,101,13,1,57,10,10,12,104,6
31205,2021,11,26,5,22,4,3,1,103,99,1,38,6,6,8,104,6
31206,2021,11,26,5,23,4,3,1,101,13,2,47,8,8,10,97,6
31207,2021,11,27,6,8,2,1,1,101,13,2,47,8,8,10,97,6
31208,2021,11,27,6,13,3,2,1,101,21,2,43,7,7,9,97,6
31209,2021,11,27,6,15,3,2,1,101,3,2,35,6,6,8,97,6
31210,2021,11,27,6,21,4,3,1,101,7,2,39,6,6,8,104,6
31211,2021,11,27,6,22,4,3,1,101,1,2,46,8,8,10,96,6
31212,2021,11,27,6,22,4,3,1,101,7,1,64,11,11,13,95,6
31213,2021,11,28,7,9,2,1,1,101,14,1,35,6,6,8,95,6
31214,2021,11,28,7,16,3,2,1,101,21,1,20,3,3,5,104,6
31215,2021,11,28,7,19,4,3,1,101,5,2,40,7,7,9,97,6
31216,2021,11,28,7,20,4,3,1,101,7,2,60,11,11,13,97,6
31217,2021,11,28,7,21,4,3,1,101,99,1,21,3,3,5,104,6
31218,2021,11,28,7,21,4,3,1,101,2,1,44,7,7,9,104,6
31219,2021,11,28,7,21,4,3,1,101,9,2,39,6,6,8,104,6
31220,2021,11,29,1,12,3,2,1,101,12,1,53,9,9,11,97,6
31221,2021,11,29,1,12,3,2,1,101,6,2,32,5,5,7,104,6
31222,2021,11,29,1,12,3,2,1,101,7,2,35,6,6,8,104,6
31223,2021,11,29,1,14,3,2,1,102,99,1,44,7,7,9,97,6
31224,2021,11,29,1,14,3,2,1,102,99,1,27,4,4,6,97,6
31225,2021,11,29,1,17,3,2,1,101,15,1,58,10,10,12,104,6
31226,2021,11,29,1,18,4,3,1,101,13,2,37,6,6,8,74,6
31227,2021,11,29,1,18,4,3,1,101,12,1,64,11,11,13,97,6
31228,2021,11,29,1,18,4,3,1,103,99,1,32,5,5,7,104,6
31229,2021,11,29,1,18,4,3,1,115,99,1,47,8,8,10,104,6
31230,2021,11,29,1,19,4,3,1,101,6,1,59,10,10,12,97,6
31231,2021,11,29,1,19,4,3,1,101,18,1,37,6,6,8,97,6
31232,2021,11,29,1,19,4,3,1,101,1,1,58,10,10,12,97,6
31233,2021,11,29,1,19,4,3,1,101,18,2,36,6,6,8,104,6
31234,2021,11,29,1,23,4,3,1,116,99,2,45,8,8,10,104,6
31235,2021,11,29,1,23,4,3,1,101,13,1,43,7,7,9,97,6
31236,2021,11,29,1,23,4,3,1,101,12,2,36,6,6,8,97,6
31237,2021,11,30,2,0,1,1,1,101,12,1,42,7,7,9,97,6
31238,2021,11,30,2,9,2,1,1,106,99,2,44,7,7,9,97,6
31239,2021,11,30,2,11,2,1,1,101,5,2,33,5,5,7,104,6
31240,2021,11,30,2,11,2,1,1,106,99,2,40,7,7,9,104,6
31241,2021,11,30,2,12,3,2,1,101,12,2,25,4,4,6,104,6
31242,2021,11,30,2,13,3,2,1,101,6,2,37,6,6,8,97,6
31243,2021,11,30,2,13,3,2,1,101,18,1,29,4,4,6,104,6
31244,2021,11,30,2,14,3,2,1,101,2,2,39,6,6,8,104,6
31245,2021,11,30,2,14,3,2,2,207,99,2,44,7,7,9,104,6
31246,2021,11,30,2,14,3,2,1,101,17,2,30,5,5,7,97,6
31247,2021,11,30,2,20,4,3,1,101,11,1,37,6,6,8,97,6
31248,2021,11,30,2,21,4,3,1,101,18,2,42,7,7,9,104,6
31249,2021,11,30,2,21,4,3,1,117,99,2,49,8,8,10,104,6
31250,2021,11,30,2,21,4,3,1,108,99,2,21,3,3,5,104,6
31251,2021,11,30,2,22,4,3,1,101,21,1,43,7,7,9,104,6
31252,2021,11,30,2,22,4,3,1,101,18,1,34,5,5,7,104,6
31253,2021,11,30,2,22,4,3,1,101,3,1,31,5,5,7,97,6
31254,2021,11,30,2,22,4,3,1,101,18,1,43,7,7,9,97,6
31255,2021,11,30,2,23,4,3,1,101,16,2,40,7,7,9,104,6
31256,2021,11,30,2,23,4,3,1,101,6,1,26,4,4,6,97,6
31257,2021,11,30,2,10,2,1,1,101,21,1,30,5,5,7,97,6
31258,2021,11,1,1,18,4,3,1,101,99,1,32,5,5,7,104,6
31259,2021,11,2,2,12,3,2,12,1230,99,2,29,4,4,6,104,6
31260,2021,11,2,2,14,3,2,9,907,99,1,49,8,8,10,97,6
31261,2021,11,2,2,15,3,2,9,903,99,2,62,11,11,13,104,6
31262,2021,11,2,2,16,3,2,9,913,99,1,26,4,4,6,97,6
31263,2021,11,2,2,16,3,2,9,902,99,2,26,4,4,6,104,6
31264,2021,11,4,4,13,3,2,9,902,99,1,37,6,6,8,97,6
31265,2021,11,4,4,16,3,2,12,1230,99,1,31,5,5,7,104,6
31266,2021,11,8,1,13,3,2,9,901,99,1,32,5,5,7,97,6
31267,2021,11,8,1,17,3,2,9,901,99,1,28,4,4,6,97,6
31268,2021,11,9,2,12,3,2,9,912,99,1,17,2,2,4,104,6
31269,2021,11,11,4,13,3,2,9,901,99,1,42,7,7,9,97,6
31270,2021,11,11,4,15,3,2,12,1230,99,2,45,8,8,10,104,6
31271,2021,11,11,4,16,3,2,12,1230,99,2,33,5,5,7,104,6
31272,2021,11,12,5,10,2,1,9,903,99,1,30,5,5,7,95,6
31273,2021,11,15,1,9,2,1,9,923,99,1,32,5,5,7,84,6
31274,2021,11,15,1,13,3,2,8,801,99,1,34,5,5,7,94,6
31275,2021,11,16,2,13,3,2,9,901,99,1,30,5,5,7,97,6
31276,2021,11,17,3,20,4,3,9,903,99,2,31,5,5,7,104,6
31277,2021,11,18,4,10,2,1,9,901,99,1,26,4,4,6,97,6
31278,2021,11,18,4,14,3,2,9,901,99,2,35,6,6,8,97,6
31279,2021,11,18,4,18,4,3,9,909,99,1,32,5,5,7,97,6
31280,2021,11,19,5,12,3,2,9,903,99,1,30,5,5,7,99,6
31281,2021,11,19,5,14,3,2,9,901,99,1,33,5,5,7,97,6
31282,2021,11,19,5,17,3,2,12,1201,99,1,55,10,10,12,94,6
31283,2021,11,22,1,14,3,2,9,901,99,2,25,4,4,6,104,6
31284,2021,11,23,2,11,2,1,12,1230,99,2,23,3,3,5,104,6
31285,2021,11,23,2,13,3,2,9,902,99,2,29,4,4,6,104,6
31286,2021,11,23,2,14,3,2,9,905,99,2,39,6,6,8,104,6
31287,2021,11,23,2,15,3,2,9,901,99,2,51,9,9,11,104,6
31288,2021,11,24,3,14,3,2,9,923,99,2,35,6,6,8,104,6
31289,2021,11,24,3,16,3,2,9,901,99,1,25,4,4,6,104,6
31290,2021,11,24,3,17,3,2,12,1217,99,2,999,12,16,18,94,6
31291,2021,11,25,4,21,4,3,9,901,99,2,50,9,9,11,97,6
31292,2021,11,26,5,12,3,2,9,901,99,1,32,5,5,7,97,6
31293,2021,11,29,1,16,3,2,9,909,99,2,59,10,10,12,104,6
31294,2021,11,30,2,9,2,1,9,901,99,1,39,6,6,8,97,6
31295,2021,11,8,1,11,2,1,21,2107,99,1,58,10,10,12,104,6
31296,2021,11,8,1,11,2,1,21,2107,99,1,75,11,14,16,97,6
31297,2021,11,8,1,15,3,2,21,2101,99,1,30,5,5,7,104,6
31298,2021,11,8,1,19,4,3,21,2101,99,1,24,3,3,5,104,6
31299,2021,11,12,5,12,3,2,21,2101,99,1,42,7,7,9,104,6
31300,2021,11,13,6,12,3,2,21,2101,99,1,64,11,11,13,104,6
31301,2021,11,16,2,14,3,2,21,2101,99,1,26,4,4,6,97,6
31302,2021,11,17,3,19,4,3,21,2101,99,1,27,4,4,6,104,6
31303,2021,11,19,5,15,3,2,21,2101,99,1,35,6,6,8,104,6
31304,2021,11,19,5,18,4,3,21,2103,99,1,45,8,8,10,104,6
31305,2021,11,22,1,10,2,1,21,2101,99,1,41,7,7,9,104,6
31306,2021,11,25,4,13,3,2,2,206,99,1,42,7,7,9,104,6
31307,2021,11,25,4,13,3,2,21,2102,99,1,39,6,6,8,104,6
31308,2021,11,26,5,13,3,2,21,2102,99,1,55,10,10,12,104,6
31309,2021,11,27,6,13,3,2,21,2101,99,1,29,4,4,6,97,6
31310,2021,11,29,1,15,3,2,21,2106,99,1,24,3,3,5,104,6
31311,2021,11,29,1,17,3,2,21,2103,99,2,42,7,7,9,104,6
31312,2021,11,30,2,15,3,2,21,2106,99,2,35,6,6,8,97,6
31313,2021,11,2,2,10,2,1,16,1602,99,2,33,5,5,7,104,6
31314,2021,11,2,2,11,2,1,15,1501,99,1,27,4,4,6,104,6
31315,2021,11,2,2,11,2,1,16,1610,99,1,36,6,6,8,104,6
31316,2021,11,4,4,10,2,1,16,1609,99,1,46,8,8,10,104,6
31317,2021,11,4,4,12,3,2,1,101,1,1,30,5,5,7,104,6
31318,2021,11,4,4,13,3,2,15,1507,99,1,42,7,7,9,104,6
31319,2021,11,4,4,16,3,2,16,1601,99,2,29,4,4,6,104,6
31320,2021,11,4,4,17,3,2,16,1610,99,2,27,4,4,6,104,6
31321,2021,11,4,4,20,4,3,15,1503,99,1,48,8,8,10,104,6
31322,2021,11,5,5,15,3,2,16,1609,99,1,42,7,7,9,104,6
31323,2021,11,6,6,20,4,3,16,1601,99,2,52,9,9,11,104,6
31324,2021,11,11,4,0,1,1,16,1601,99,1,62,11,11,13,104,6
31325,2021,11,11,4,0,1,1,16,1613,99,2,24,3,3,5,104,6
31326,2021,11,11,4,14,3,2,16,1613,99,2,46,8,8,10,104,6
31327,2021,11,11,4,14,3,2,16,1609,99,1,54,9,9,11,104,6
31328,2021,11,12,5,15,3,2,16,1607,99,1,31,5,5,7,104,6
31329,2021,11,12,5,18,4,3,16,1608,99,1,27,4,4,6,104,6
31330,2021,11,13,6,20,4,3,16,1601,99,1,46,8,8,10,104,6
31331,2021,11,14,7,12,3,2,16,1601,99,2,56,10,10,12,104,6
31332,2021,11,16,2,16,3,2,16,1601,99,2,53,9,9,11,97,6
31333,2021,11,17,3,15,3,2,16,1609,99,1,47,8,8,10,104,6
31334,2021,11,18,4,15,3,2,15,1507,99,2,40,7,7,9,104,6
31335,2021,11,18,4,16,3,2,15,1507,99,2,37,6,6,8,104,6
31336,2021,11,19,5,13,3,2,15,1501,99,1,33,5,5,7,104,6
31337,2021,11,22,1,7,2,1,15,1504,99,1,51,9,9,11,104,6
31338,2021,11,23,2,18,4,3,17,1709,99,1,42,7,7,9,104,6
31339,2021,11,23,2,19,4,3,15,1503,99,2,43,7,7,9,104,6
31340,2021,11,24,3,11,2,1,16,1603,99,2,18,2,2,4,104,6
31341,2021,11,24,3,22,4,3,16,1615,99,1,41,7,7,9,104,6
31342,2021,11,25,4,10,2,1,16,1609,99,2,48,8,8,10,104,6
31343,2021,11,25,4,14,3,2,16,1601,99,2,31,5,5,7,104,6
31344,2021,11,25,4,14,3,2,16,1601,99,1,51,9,9,11,104,6
31345,2021,11,25,4,15,3,2,16,1603,99,1,26,4,4,6,104,6
31346,2021,11,25,4,18,4,3,16,1610,99,1,67,11,12,14,104,6
31347,2021,11,26,5,16,3,2,15,1507,99,1,999,12,16,18,104,6
31348,2021,11,26,5,20,4,3,16,1616,99,1,52,9,9,11,104,6
31349,2021,11,27,6,11,2,1,15,1501,99,1,47,8,8,10,104,6
31350,2021,11,29,1,11,2,1,16,1616,99,1,17,2,2,4,97,6
31351,2021,11,29,1,18,4,3,16,1602,99,1,67,11,12,14,104,6
31352,2021,11,30,2,11,2,1,16,1602,99,1,21,3,3,5,104,6
31353,2021,11,30,2,12,3,2,16,1602,99,1,21,3,3,5,104,6
31354,2021,11,30,2,13,3,2,16,1601,99,1,33,5,5,7,104,6
31355,2021,11,30,2,12,3,2,16,1616,99,1,32,5,5,7,104,6
31356,2021,11,1,1,10,2,1,10,1001,99,1,33,5,5,7,104,6
31357,2021,11,1,1,18,4,3,11,1101,99,2,41,7,7,9,104,6
31358,2021,11,1,1,22,4,3,10,1011,99,1,40,7,7,9,97,6
31359,2021,11,2,2,14,3,2,10,1011,99,1,45,8,8,10,97,6
31360,2021,11,2,2,16,3,2,11,1109,99,1,65,11,12,14,104,6
31361,2021,11,2,2,11,2,1,10,1020,99,1,30,5,5,7,104,6
31362,2021,11,3,3,11,2,1,10,1004,99,1,47,8,8,10,104,6
31363,2021,11,4,4,9,2,1,11,1108,99,2,39,6,6,8,104,6
31364,2021,11,4,4,9,2,1,11,1101,99,2,59,10,10,12,104,6
31365,2021,11,4,4,10,2,1,11,1107,99,2,27,4,4,6,104,6
31366,2021,11,4,4,9,2,1,11,1109,99,1,51,9,9,11,104,6
31367,2021,11,4,4,8,2,1,11,1101,99,1,23,3,3,5,97,6
31368,2021,11,4,4,9,2,1,11,1107,99,1,999,12,16,18,104,6
31369,2021,11,4,4,9,2,1,11,1101,99,2,40,7,7,9,104,6
31370,2021,11,5,5,14,3,2,11,1106,99,2,21,3,3,5,104,6
31371,2021,11,5,5,15,3,2,11,1101,99,1,48,8,8,10,104,6
31372,2021,11,5,5,17,3,2,11,1101,99,2,25,4,4,6,104,6
31373,2021,11,6,6,6,2,1,11,1105,99,2,24,3,3,5,104,6
31374,2021,11,6,6,8,2,1,10,1014,99,2,38,6,6,8,104,6
31375,2021,11,8,1,7,2,1,10,1021,99,2,40,7,7,9,104,6
31376,2021,11,8,1,16,3,2,10,1001,99,1,31,5,5,7,97,6
31377,2021,11,9,2,10,2,1,10,1020,99,2,59,10,10,12,104,6
31378,2021,11,9,2,14,3,2,11,1101,99,2,44,7,7,9,104,6
31379,2021,11,9,2,17,3,2,10,1016,99,1,47,8,8,10,104,6
31380,2021,11,9,2,18,4,3,11,1102,99,2,36,6,6,8,97,6
31381,2021,11,9,2,18,4,3,11,1109,99,1,52,9,9,11,104,6
31382,2021,11,9,2,18,4,3,11,1101,99,2,48,8,8,10,104,6
31383,2021,11,9,2,22,4,3,11,1101,99,2,32,5,5,7,97,6
31384,2021,11,9,2,22,4,3,11,1108,99,1,30,5,5,7,94,6
31385,2021,11,9,2,22,4,3,11,1107,99,1,28,4,4,6,95,6
31386,2021,11,10,3,11,2,1,11,1101,99,2,65,11,12,14,104,6
31387,2021,11,10,3,12,3,2,11,1107,99,1,31,5,5,7,95,6
31388,2021,11,11,4,11,2,1,10,1001,99,1,42,7,7,9,97,6
31389,2021,11,12,5,8,2,1,11,1104,99,1,23,3,3,5,97,6
31390,2021,11,12,5,14,3,2,9,920,99,2,999,12,16,18,95,6
31391,2021,11,12,5,17,3,2,10,1021,99,2,28,4,4,6,104,6
31392,2021,11,12,5,7,2,1,11,1107,99,2,40,7,7,9,104,6
31393,2021,11,13,6,7,2,1,10,1008,99,2,31,5,5,7,97,6
31394,2021,11,13,6,6,2,1,10,1014,99,1,24,3,3,5,104,6
31395,2021,11,13,6,15,3,2,11,1101,99,1,26,4,4,6,104,6
31396,2021,11,13,6,10,2,1,11,1101,99,1,40,7,7,9,95,6
31397,2021,11,13,6,10,2,1,10,1001,99,1,61,11,11,13,97,6
31398,2021,11,14,7,11,2,1,11,1101,99,1,42,7,7,9,97,6
31399,2021,11,14,7,17,3,2,10,1010,99,1,49,8,8,10,104,6
31400,2021,11,14,7,12,3,2,11,1101,99,1,40,7,7,9,97,6
31401,2021,11,16,2,13,3,2,10,1003,99,2,58,10,10,12,97,6
31402,2021,11,16,2,13,3,2,11,1107,99,2,999,12,16,18,104,6
31403,2021,11,17,3,15,3,2,11,1101,99,2,41,7,7,9,97,6
31404,2021,11,17,3,18,4,3,10,1001,99,1,33,5,5,7,97,6
31405,2021,11,17,3,22,4,3,1,101,6,2,31,5,5,7,104,6
31406,2021,11,17,3,9,2,1,10,1001,99,1,37,6,6,8,104,6
31407,2021,11,17,3,15,3,2,10,1001,99,1,38,6,6,8,104,6
31408,2021,11,17,3,16,3,2,11,1108,99,1,39,6,6,8,104,6
31409,2021,11,17,3,19,4,3,11,1105,99,1,36,6,6,8,104,6
31410,2021,11,18,4,9,2,1,11,1104,99,2,17,2,2,4,104,6
31411,2021,11,18,4,9,2,1,11,1109,99,2,43,7,7,9,97,6
31412,2021,11,18,4,13,3,2,10,1012,99,2,42,7,7,9,97,6
31413,2021,11,18,4,16,3,2,11,1109,99,2,21,3,3,5,104,6
31414,2021,11,19,5,11,2,1,11,1101,99,1,60,11,11,13,95,6
31415,2021,11,19,5,11,2,1,11,1109,99,1,33,5,5,7,104,6
31416,2021,11,19,5,13,3,2,10,1014,99,2,53,9,9,11,104,6
31417,2021,11,19,5,16,3,2,11,1109,99,2,53,9,9,11,104,6
31418,2021,11,20,6,9,2,1,10,1012,99,1,30,5,5,7,97,6
31419,2021,11,20,6,14,3,2,11,1105,99,1,29,4,4,6,104,6
31420,2021,11,21,7,12,3,2,11,1109,99,1,29,4,4,6,104,6
31421,2021,11,22,1,13,3,2,10,1001,99,1,34,5,5,7,95,6
31422,2021,11,22,1,15,3,2,1,101,99,9,999,12,16,18,94,6
31423,2021,11,22,1,15,3,2,10,1016,99,1,36,6,6,8,104,6
31424,2021,11,22,1,17,3,2,10,1001,99,2,21,3,3,5,104,6
31425,2021,11,22,1,18,4,3,10,1018,99,1,54,9,9,11,97,6
31426,2021,11,23,2,17,3,2,11,1107,99,2,33,5,5,7,104,6
31427,2021,11,23,2,17,3,2,10,1017,99,2,32,5,5,7,104,6
31428,2021,11,23,2,18,4,3,10,1001,99,1,28,4,4,6,104,6
31429,2021,11,23,2,18,4,3,10,1010,99,1,26,4,4,6,104,6
31430,2021,11,24,3,7,2,1,10,1001,99,2,39,6,6,8,95,6
31431,2021,11,24,3,9,2,1,10,1016,99,2,43,7,7,9,97,6
31432,2021,11,25,4,14,3,2,10,1001,99,2,35,6,6,8,97,6
31433,2021,11,25,4,20,4,3,11,1103,99,1,65,11,12,14,104,6
31434,2021,11,25,4,7,2,1,10,1012,99,2,31,5,5,7,104,6
31435,2021,11,26,5,8,2,1,10,1013,99,1,33,5,5,7,104,6
31436,2021,11,26,5,8,2,1,11,1101,99,1,29,4,4,6,104,6
31437,2021,11,26,5,18,4,3,10,1011,99,1,999,12,16,18,97,6
31438,2021,11,27,6,21,4,3,11,1109,99,2,36,6,6,8,104,6
31439,2021,11,28,7,10,2,1,10,1010,99,1,62,11,11,13,104,6
31440,2021,11,28,7,10,2,1,10,1014,99,1,43,7,7,9,95,6
31441,2021,11,28,7,12,3,2,10,1001,99,1,21,3,3,5,97,6
31442,2021,11,28,7,14,3,2,10,1001,99,1,34,5,5,7,97,6
31443,2021,11,29,1,7,2,1,10,1010,99,2,41,7,7,9,104,6
31444,2021,11,30,2,15,3,2,10,1010,99,2,28,4,4,6,97,6
31445,2021,11,8,1,10,2,1,4,401,99,1,999,12,16,18,104,6
31446,2021,11,8,1,14,3,2,4,411,99,2,51,9,9,11,97,6
31447,2021,11,8,1,15,3,2,4,405,99,2,39,6,6,8,97,6
31448,2021,11,11,4,14,3,2,4,403,99,1,39,6,6,8,104,6
31449,2021,11,11,4,18,4,3,4,401,99,2,33,5,5,7,97,6
31450,2021,11,16,2,18,4,3,4,403,99,2,19,2,2,4,97,6
31451,2021,11,16,2,18,4,3,4,401,99,2,41,7,7,9,97,6
31452,2021,11,17,3,14,3,2,4,401,99,2,45,8,8,10,97,6
31453,2021,11,17,3,13,3,2,4,401,99,2,49,8,8,10,97,6
31454,2021,11,17,3,15,3,2,4,401,99,1,54,9,9,11,104,6
31455,2021,11,18,4,11,2,1,4,415,99,1,31,5,5,7,104,6
31456,2021,11,18,4,12,3,2,4,415,99,1,34,5,5,7,104,6
31457,2021,11,18,4,16,3,2,4,401,99,1,42,7,7,9,104,6
31458,2021,11,19,5,8,2,1,4,416,99,1,22,3,3,5,104,6
31459,2021,11,19,5,15,3,2,4,401,99,2,54,9,9,11,104,6
31460,2021,11,19,5,18,4,3,3,303,99,1,60,11,11,13,94,6
31461,2021,11,19,5,13,3,2,4,402,99,2,37,6,6,8,97,6
31462,2021,11,22,1,12,3,2,4,415,99,2,20,3,3,5,104,6
31463,2021,11,22,1,12,3,2,4,401,99,2,41,7,7,9,97,6
31464,2021,11,22,1,16,3,2,4,401,99,1,49,8,8,10,97,6
31465,2021,11,23,2,15,3,2,4,401,99,2,25,4,4,6,104,6
31466,2021,11,24,3,18,4,3,4,401,99,1,44,7,7,9,104,6
31467,2021,11,24,3,18,4,3,4,408,99,2,25,4,4,6,104,6
31468,2021,11,26,5,18,4,3,4,407,99,1,24,3,3,5,104,6
31469,2021,11,27,6,20,4,3,4,401,99,2,28,4,4,6,104,6
31470,2021,11,28,7,20,4,3,4,401,99,1,39,6,6,8,104,6
31471,2021,11,2,2,14,3,2,22,2212,99,2,36,6,6,8,104,6
31472,2021,11,3,3,9,2,1,22,2203,99,1,27,4,4,6,104,6
31473,2021,11,3,3,9,2,1,22,2203,99,2,59,10,10,12,104,6
31474,2021,11,3,3,12,3,2,22,2205,99,1,25,4,4,6,97,6
31475,2021,11,4,4,14,3,2,22,2205,99,2,24,3,3,5,104,6
31476,2021,11,4,4,15,3,2,22,2203,99,2,28,4,4,6,104,6
31477,2021,11,5,5,13,3,2,22,2214,99,2,39,6,6,8,97,6
31478,2021,11,5,5,15,3,2,22,2214,99,2,47,8,8,10,104,6
31479,2021,11,8,1,9,2,1,22,2205,99,1,57,10,10,12,97,6
31480,2021,11,8,1,16,3,2,21,2103,99,1,43,7,7,9,104,6
31481,2021,11,8,1,14,3,2,22,2201,99,1,46,8,8,10,97,6
31482,2021,11,8,1,18,4,3,22,2201,99,2,27,4,4,6,97,6
31483,2021,11,9,2,11,2,1,22,2211,99,1,39,6,6,8,104,6
31484,2021,11,12,5,11,2,1,22,2205,99,1,52,9,9,11,97,6
31485,2021,11,12,5,13,3,2,22,2201,99,2,39,6,6,8,104,6
31486,2021,11,14,7,12,3,2,22,2206,99,2,48,8,8,10,104,6
31487,2021,11,17,3,13,3,2,1,101,4,1,34,5,5,7,97,6
31488,2021,11,17,3,11,2,1,22,2205,99,1,54,9,9,11,97,6
31489,2021,11,17,3,12,3,2,22,2214,99,1,57,10,10,12,104,6
31490,2021,11,17,3,18,4,3,22,2214,99,1,29,4,4,6,104,6
31491,2021,11,18,4,13,3,2,22,2204,99,1,47,8,8,10,104,6
31492,2021,11,18,4,4,1,1,22,2202,99,1,30,5,5,7,104,6
31493,2021,11,20,6,9,2,1,22,2212,99,2,39,6,6,8,104,6
31494,2021,11,22,1,10,2,1,22,2205,99,1,31,5,5,7,104,6
31495,2021,11,22,1,11,2,1,22,2216,99,2,47,8,8,10,104,6
31496,2021,11,24,3,9,2,1,22,2203,99,1,65,11,12,14,104,6
31497,2021,11,24,3,12,3,2,22,2211,99,2,37,6,6,8,104,6
31498,2021,11,25,4,16,3,2,22,2217,99,2,29,4,4,6,104,6
31499,2021,11,26,5,12,3,2,22,2201,99,1,999,12,16,18,104,6
31500,2021,11,27,6,17,3,2,22,2201,99,2,51,9,9,11,104,6
31501,2021,11,29,1,13,3,2,22,2207,99,2,23,3,3,5,104,6
31502,2021,11,30,2,15,3,2,22,2201,99,1,62,11,11,13,104,6
31503,2021,11,2,2,15,3,2,5,505,99,1,25,4,4,6,104,6
31504,2021,11,3,3,15,3,2,5,501,99,2,43,7,7,9,104,6
31505,2021,11,3,3,15,3,2,5,502,99,2,34,5,5,7,104,6
31506,2021,11,4,4,15,3,2,5,501,99,1,31,5,5,7,104,6
31507,2021,11,4,4,16,3,2,5,505,99,1,33,5,5,7,104,6
31508,2021,11,5,5,17,3,2,5,505,99,2,30,5,5,7,104,6
31509,2021,11,6,6,13,3,2,5,508,99,2,26,4,4,6,104,6
31510,2021,11,6,6,21,4,3,5,504,99,1,38,6,6,8,104,6
31511,2021,11,7,7,11,2,1,5,501,99,1,39,6,6,8,104,6
31512,2021,11,8,1,16,3,2,5,502,99,1,40,7,7,9,97,6
31513,2021,11,8,1,17,3,2,5,501,99,1,46,8,8,10,97,6
31514,2021,11,8,1,19,4,3,5,511,99,2,52,9,9,11,104,6
31515,2021,11,9,2,9,2,1,5,501,99,2,51,9,9,11,97,6
31516,2021,11,9,2,16,3,2,5,510,99,2,39,6,6,8,104,6
31517,2021,11,9,2,20,4,3,5,512,99,1,999,12,16,18,97,6
31518,2021,11,10,3,19,4,3,5,509,99,1,42,7,7,9,104,6
31519,2021,11,10,3,20,4,3,5,507,99,1,30,5,5,7,104,6
31520,2021,11,11,4,15,3,2,5,506,99,1,39,6,6,8,104,6
31521,2021,11,12,5,15,3,2,5,513,99,1,43,7,7,9,104,6
31522,2021,11,13,6,12,3,2,5,505,99,1,23,3,3,5,97,6
31523,2021,11,13,6,15,3,2,1,115,99,1,43,7,7,9,104,6
31524,2021,11,13,6,17,3,2,5,501,99,2,39,6,6,8,104,6
31525,2021,11,13,6,18,4,3,5,501,99,2,29,4,4,6,104,6
31526,2021,11,14,7,99,5,4,5,505,99,1,31,5,5,7,104,6
31527,2021,11,14,7,10,2,1,5,504,99,1,28,4,4,6,97,6
31528,2021,11,15,1,14,3,2,5,514,99,2,27,4,4,6,104,6
31529,2021,11,15,1,14,3,2,5,502,99,2,999,12,16,18,104,6
31530,2021,11,16,2,10,2,1,5,509,99,2,20,3,3,5,104,6
31531,2021,11,16,2,13,3,2,5,511,99,2,36,6,6,8,104,6
31532,2021,11,16,2,15,3,2,5,511,99,2,34,5,5,7,104,6
31533,2021,11,16,2,20,4,3,5,511,99,2,39,6,6,8,97,6
31534,2021,11,17,3,18,4,3,5,506,99,2,38,6,6,8,97,6
31535,2021,11,18,4,17,3,2,5,505,99,1,51,9,9,11,104,6
31536,2021,11,19,5,14,3,2,5,510,99,2,999,12,16,18,104,6
31537,2021,11,19,5,17,3,2,5,502,99,2,38,6,6,8,104,6
31538,2021,11,20,6,12,3,2,5,502,99,1,35,6,6,8,97,6
31539,2021,11,20,6,13,3,2,5,511,99,2,24,3,3,5,104,6
31540,2021,11,20,6,18,4,3,5,511,99,2,42,7,7,9,104,6
31541,2021,11,21,7,16,3,2,5,501,99,2,56,10,10,12,97,6
31542,2021,11,24,3,13,3,2,5,511,99,1,47,8,8,10,97,6
31543,2021,11,24,3,15,3,2,5,502,99,1,30,5,5,7,97,6
31544,2021,11,25,4,7,2,1,5,502,99,2,49,8,8,10,104,6
31545,2021,11,25,4,8,2,1,5,511,99,1,51,9,9,11,97,6
31546,2021,11,25,4,13,3,2,5,502,99,1,32,5,5,7,104,6
31547,2021,11,25,4,12,3,2,5,502,99,1,999,12,16,18,104,6
31548,2021,11,26,5,16,3,2,5,507,99,2,43,7,7,9,104,6
31549,2021,11,27,6,99,5,4,5,505,99,1,42,7,7,9,104,6
31550,2021,11,28,7,12,3,2,5,502,99,1,45,8,8,10,104,6
31551,2021,11,28,7,16,3,2,5,505,99,1,46,8,8,10,104,6
31552,2021,11,28,7,16,3,2,5,505,99,1,44,7,7,9,97,6
31553,2021,11,28,7,19,4,3,5,501,99,1,48,8,8,10,97,6
31554,2021,11,28,7,21,4,3,5,506,99,1,34,5,5,7,104,6
31555,2021,11,29,1,6,2,1,5,505,99,1,37,6,6,8,104,6
31556,2021,11,29,1,15,3,2,5,505,99,1,999,12,16,18,104,6
31557,2021,11,29,1,15,3,2,5,502,99,2,42,7,7,9,104,6
31558,2021,11,30,2,16,3,2,5,502,99,2,26,4,4,6,104,6
31559,2021,11,4,4,10,2,1,18,1801,99,2,40,7,7,9,104,6
31560,2021,11,5,5,14,3,2,18,1804,99,2,43,7,7,9,97,6
31561,2021,11,7,7,9,2,1,18,1804,99,2,35,6,6,8,104,6
31562,2021,11,8,1,12,3,2,18,1801,99,1,41,7,7,9,104,6
31563,2021,11,8,1,14,3,2,18,1801,99,2,999,12,16,18,104,6
31564,2021,11,11,4,16,3,2,18,1801,99,2,46,8,8,10,104,6
31565,2021,11,12,5,14,3,2,18,1804,99,1,21,3,3,5,104,6
31566,2021,11,12,5,14,3,2,18,1801,99,1,41,7,7,9,104,6
31567,2021,11,15,1,9,2,1,18,1801,99,1,63,11,11,13,97,6
31568,2021,11,22,1,12,3,2,18,1804,99,2,31,5,5,7,104,6
31569,2021,11,23,2,10,2,1,18,1801,99,2,36,6,6,8,104,6
31570,2021,11,24,3,11,2,1,18,1801,99,1,33,5,5,7,104,6
31571,2021,11,24,3,99,5,4,18,1804,99,1,999,12,16,18,104,6
31572,2021,11,25,4,16,3,2,18,1804,99,2,33,5,5,7,104,6
31573,2021,11,26,5,10,2,1,18,1801,99,2,21,3,3,5,104,6
31574,2021,11,26,5,10,2,1,18,1802,99,2,44,7,7,9,104,6
31575,2021,11,30,2,20,4,3,18,1801,99,2,60,11,11,13,104,6
31576,2021,11,2,2,15,3,2,6,608,99,1,31,5,5,7,104,6
31577,2021,11,2,2,16,3,2,6,613,99,1,28,4,4,6,104,6
31578,2021,11,3,3,14,3,2,6,608,99,1,32,5,5,7,104,6
31579,2021,11,4,4,23,4,3,6,610,99,1,44,7,7,9,104,6
31580,2021,11,5,5,16,3,2,6,604,99,1,28,4,4,6,104,6
31581,2021,11,5,5,17,3,2,6,604,99,2,55,10,10,12,104,6
31582,2021,11,6,6,15,3,2,6,613,99,2,67,11,12,14,104,6
31583,2021,11,7,7,10,2,1,6,613,99,1,48,8,8,10,97,6
31584,2021,11,7,7,22,4,3,6,604,99,1,26,4,4,6,97,6
31585,2021,11,8,1,15,3,2,6,608,99,1,34,5,5,7,104,6
31586,2021,11,9,2,12,3,2,6,608,99,2,39,6,6,8,104,6
31587,2021,11,10,3,15,3,2,6,606,99,2,23,3,3,5,104,6
31588,2021,11,10,3,16,3,2,6,602,99,1,46,8,8,10,97,6
31589,2021,11,11,4,16,3,2,6,602,99,2,28,4,4,6,97,6
31590,2021,11,12,5,15,3,2,6,602,99,1,26,4,4,6,97,6
31591,2021,11,12,5,16,3,2,6,608,99,1,22,3,3,5,104,6
31592,2021,11,12,5,16,3,2,6,601,99,2,34,5,5,7,104,6
31593,2021,11,15,1,15,3,2,6,612,99,1,24,3,3,5,104,6
31594,2021,11,17,3,16,3,2,6,601,99,2,38,6,6,8,104,6
31595,2021,11,18,4,10,2,1,6,614,99,1,30,5,5,7,97,6
31596,2021,11,18,4,11,2,1,6,602,99,1,28,4,4,6,104,6
31597,2021,11,18,4,18,4,3,6,609,99,1,29,4,4,6,104,6
31598,2021,11,19,5,23,4,3,6,608,99,2,37,6,6,8,104,6
31599,2021,11,20,6,11,2,1,6,602,99,9,999,12,16,18,97,6
31600,2021,11,22,1,9,2,1,6,613,99,2,26,4,4,6,104,6
31601,2021,11,23,2,11,2,1,6,602,99,2,23,3,3,5,97,6
31602,2021,11,24,3,13,3,2,6,614,99,1,39,6,6,8,104,6
31603,2021,11,24,3,14,3,2,21,2101,99,1,29,4,4,6,97,6
31604,2021,11,24,3,15,3,2,6,613,99,2,25,4,4,6,104,6
31605,2021,11,24,3,16,3,2,6,604,99,1,37,6,6,8,104,6
31606,2021,11,24,3,18,4,3,6,602,99,2,20,3,3,5,97,6
31607,2021,11,25,4,10,2,1,6,604,99,1,35,6,6,8,104,6
31608,2021,11,25,4,14,3,2,6,602,99,2,36,6,6,8,97,6
31609,2021,11,25,4,16,3,2,6,601,99,1,29,4,4,6,104,6
31610,2021,11,25,4,17,3,2,6,611,99,1,24,3,3,5,104,6
31611,2021,11,26,5,0,1,1,6,602,99,2,24,3,3,5,104,6
31612,2021,11,28,7,13,3,2,6,602,99,1,32,5,5,7,104,6
31613,2021,11,28,7,18,4,3,6,601,99,1,52,9,9,11,97,6
31614,2021,11,29,1,15,3,2,6,601,99,1,29,4,4,6,104,6
31615,2021,11,2,2,11,2,1,1,115,99,2,26,4,4,6,104,6
31616,2021,11,2,2,14,3,2,1,115,99,1,40,7,7,9,104,6
31617,2021,11,2,2,14,3,2,1,117,99,2,25,4,4,6,104,6
31618,2021,11,2,2,14,3,2,1,115,99,1,44,7,7,9,104,6
31619,2021,11,2,2,17,3,2,1,115,99,2,43,7,7,9,104,6
31620,2021,11,4,4,18,4,3,1,116,99,1,51,9,9,11,104,6
31621,2021,11,4,4,15,3,2,1,115,99,2,55,10,10,12,97,6
31622,2021,11,5,5,14,3,2,1,115,99,2,38,6,6,8,97,6
31623,2021,11,5,5,16,3,2,1,117,99,1,34,5,5,7,97,6
31624,2021,11,5,5,14,3,2,1,115,99,2,34,5,5,7,104,6
31625,2021,11,5,5,23,4,3,1,115,99,1,25,4,4,6,104,6
31626,2021,11,5,5,11,2,1,1,115,99,1,32,5,5,7,97,6
31627,2021,11,6,6,14,3,2,1,115,99,2,43,7,7,9,104,6
31628,2021,11,8,1,11,2,1,1,114,99,1,27,4,4,6,104,6
31629,2021,11,8,1,12,3,2,1,117,99,1,49,8,8,10,97,6
31630,2021,11,8,1,15,3,2,1,117,99,1,44,7,7,9,97,6
31631,2021,11,8,1,14,3,2,1,115,99,1,61,11,11,13,97,6
31632,2021,11,8,1,15,3,2,1,115,99,1,45,8,8,10,97,6
31633,2021,11,8,1,10,2,1,1,115,99,2,33,5,5,7,104,6
31634,2021,11,9,2,15,3,2,1,117,99,2,45,8,8,10,104,6
31635,2021,11,10,3,11,2,1,1,115,99,1,32,5,5,7,97,6
31636,2021,11,10,3,13,3,2,1,117,99,2,33,5,5,7,97,6
31637,2021,11,10,3,13,3,2,1,117,99,2,30,5,5,7,97,6
31638,2021,11,10,3,17,3,2,1,115,99,1,32,5,5,7,104,6
31639,2021,11,10,3,19,4,3,1,117,99,1,37,6,6,8,97,6
31640,2021,11,10,3,20,4,3,1,114,99,2,31,5,5,7,104,6
31641,2021,11,11,4,15,3,2,1,115,99,1,23,3,3,5,97,6
31642,2021,11,11,4,14,3,2,1,115,99,1,51,9,9,11,97,6
31643,2021,11,11,4,11,2,1,1,115,99,2,28,4,4,6,104,6
31644,2021,11,13,6,14,3,2,1,115,99,1,31,5,5,7,104,6
31645,2021,11,13,6,11,2,1,1,115,99,2,27,4,4,6,97,6
31646,2021,11,13,6,15,3,2,1,115,99,1,36,6,6,8,97,6
31647,2021,11,13,6,11,2,1,1,115,99,1,60,11,11,13,104,6
31648,2021,11,13,6,10,2,1,1,115,99,1,38,6,6,8,97,6
31649,2021,11,13,6,15,3,2,1,117,99,1,36,6,6,8,104,6
31650,2021,11,14,7,18,4,3,1,114,99,2,59,10,10,12,104,6
31651,2021,11,14,7,19,4,3,1,114,99,2,29,4,4,6,104,6
31652,2021,11,15,1,22,4,3,1,115,99,2,50,9,9,11,97,6
31653,2021,11,15,1,10,2,1,1,116,99,2,49,8,8,10,104,6
31654,2021,11,15,1,20,4,3,1,116,99,1,21,3,3,5,97,6
31655,2021,11,16,2,8,2,1,1,115,99,1,52,9,9,11,104,6
31656,2021,11,16,2,12,3,2,1,116,99,1,49,8,8,10,97,6
31657,2021,11,16,2,14,3,2,1,115,99,1,47,8,8,10,97,6
31658,2021,11,16,2,17,3,2,1,114,99,2,53,9,9,11,104,6
31659,2021,11,16,2,15,3,2,1,115,99,1,32,5,5,7,97,6
31660,2021,11,17,3,13,3,2,1,115,99,1,39,6,6,8,104,6
31661,2021,11,17,3,14,3,2,1,116,99,1,45,8,8,10,104,6
31662,2021,11,17,3,12,3,2,1,115,99,1,39,6,6,8,104,6
31663,2021,11,17,3,19,4,3,1,115,99,2,67,11,12,14,104,6
31664,2021,11,18,4,1,1,1,1,115,99,2,21,3,3,5,97,6
31665,2021,11,18,4,13,3,2,5,511,99,2,39,6,6,8,97,6
31666,2021,11,18,4,15,3,2,1,115,99,1,33,5,5,7,97,6
31667,2021,11,18,4,8,2,1,1,115,99,2,45,8,8,10,104,6
31668,2021,11,19,5,13,3,2,1,117,99,1,30,5,5,7,97,6
31669,2021,11,19,5,13,3,2,1,117,99,1,44,7,7,9,97,6
31670,2021,11,20,6,9,2,1,1,116,99,2,27,4,4,6,97,6
31671,2021,11,20,6,2,1,1,1,115,99,2,39,6,6,8,104,6
31672,2021,11,20,6,12,3,2,1,115,99,1,29,4,4,6,104,6
31673,2021,11,20,6,16,3,2,1,115,99,2,40,7,7,9,97,6
31674,2021,11,20,6,16,3,2,1,115,99,2,26,4,4,6,104,6
31675,2021,11,21,7,12,3,2,1,117,99,1,37,6,6,8,97,6
31676,2021,11,22,1,10,2,1,1,117,99,2,66,11,12,14,104,6
31677,2021,11,22,1,15,3,2,1,115,99,2,29,4,4,6,104,6
31678,2021,11,22,1,14,3,2,1,117,99,1,30,5,5,7,104,6
31679,2021,11,22,1,19,4,3,1,115,99,1,36,6,6,8,97,6
31680,2021,11,22,1,20,4,3,1,115,99,1,41,7,7,9,104,6
31681,2021,11,23,2,8,2,1,1,116,99,2,40,7,7,9,97,6
31682,2021,11,23,2,12,3,2,1,101,1,1,19,2,2,4,104,6
31683,2021,11,23,2,18,4,3,1,117,99,1,44,7,7,9,104,6
31684,2021,11,24,3,10,2,1,1,115,99,1,22,3,3,5,104,6
31685,2021,11,24,3,16,3,2,1,116,99,1,22,3,3,5,104,6
31686,2021,11,24,3,19,4,3,1,116,99,1,23,3,3,5,97,6
31687,2021,11,24,3,13,3,2,1,116,99,1,34,5,5,7,95,6
31688,2021,11,24,3,12,3,2,1,116,99,1,39,6,6,8,104,6
31689,2021,11,24,3,15,3,2,1,116,99,2,31,5,5,7,97,6
31690,2021,11,24,3,16,3,2,1,116,99,2,39,6,6,8,97,6
31691,2021,11,25,4,21,4,3,1,116,99,1,32,5,5,7,104,6
31692,2021,11,25,4,10,2,1,1,116,99,1,38,6,6,8,97,6
31693,2021,11,25,4,16,3,2,1,115,99,1,999,12,16,18,97,6
31694,2021,11,25,4,13,3,2,1,115,99,2,36,6,6,8,104,6
31695,2021,11,25,4,18,4,3,1,117,99,2,27,4,4,6,104,6
31696,2021,11,26,5,17,3,2,1,115,99,2,37,6,6,8,104,6
31697,2021,11,26,5,9,2,1,1,117,99,1,27,4,4,6,104,6
31698,2021,11,26,5,14,3,2,1,117,99,2,24,3,3,5,104,6
31699,2021,11,26,5,15,3,2,1,117,99,2,56,10,10,12,97,6
31700,2021,11,26,5,16,3,2,1,115,99,2,38,6,6,8,97,6
31701,2021,11,26,5,17,3,2,1,117,99,1,33,5,5,7,104,6
31702,2021,11,27,6,17,3,2,1,117,99,1,30,5,5,7,97,6
31703,2021,11,27,6,17,3,2,1,115,99,2,45,8,8,10,97,6
31704,2021,11,28,7,11,2,1,1,101,12,2,44,7,7,9,97,6
31705,2021,11,28,7,18,4,3,1,117,99,1,32,5,5,7,97,6
31706,2021,11,29,1,11,2,1,1,117,99,1,54,9,9,11,104,6
31707,2021,11,29,1,11,2,1,1,115,99,2,32,5,5,7,104,6
31708,2021,11,30,2,15,3,2,1,115,99,2,38,6,6,8,104,6
31709,2021,11,30,2,16,3,2,1,115,99,1,30,5,5,7,97,6
31710,2021,11,30,2,14,3,2,1,115,99,2,26,4,4,6,97,6
31711,2021,11,30,2,14,3,2,1,115,99,1,55,10,10,12,104,6
31712,2021,11,2,2,10,2,1,1,108,99,1,50,9,9,11,104,6
31713,2021,11,2,2,19,4,3,1,106,99,1,31,5,5,7,97,6
31714,2021,11,3,3,17,3,2,1,108,99,1,40,7,7,9,97,6
31715,2021,11,4,4,10,2,1,1,108,99,2,35,6,6,8,95,6
31716,2021,11,4,4,12,3,2,1,108,99,2,55,10,10,12,97,6
31717,2021,11,4,4,22,4,3,1,110,99,2,49,8,8,10,97,6
31718,2021,11,4,4,22,4,3,1,108,99,1,38,6,6,8,104,6
31719,2021,11,5,5,12,3,2,1,108,99,2,59,10,10,12,104,6
31720,2021,11,6,6,11,2,1,1,108,99,1,38,6,6,8,97,6
31721,2021,11,6,6,20,4,3,1,108,99,1,47,8,8,10,97,6
31722,2021,11,7,7,18,4,3,1,108,99,1,39,6,6,8,97,6
31723,2021,11,8,1,10,2,1,1,108,99,1,32,5,5,7,97,6
31724,2021,11,8,1,12,3,2,1,108,99,1,36,6,6,8,97,6
31725,2021,11,9,2,15,3,2,1,109,99,1,49,8,8,10,104,6
31726,2021,11,9,2,20,4,3,1,106,99,1,34,5,5,7,97,6
31727,2021,11,10,3,16,3,2,1,110,99,2,27,4,4,6,104,6
31728,2021,11,10,3,16,3,2,1,110,99,1,21,3,3,5,97,6
31729,2021,11,11,4,14,3,2,1,110,99,2,37,6,6,8,104,6
31730,2021,11,11,4,15,3,2,1,108,99,1,33,5,5,7,95,6
31731,2021,11,12,5,16,3,2,1,108,99,1,47,8,8,10,95,6
31732,2021,11,12,5,18,4,3,1,109,99,2,21,3,3,5,104,6
31733,2021,11,13,6,0,1,1,1,108,99,2,32,5,5,7,97,6
31734,2021,11,13,6,18,4,3,1,110,99,1,30,5,5,7,104,6
31735,2021,11,15,1,18,4,3,1,110,99,2,41,7,7,9,97,6
31736,2021,11,15,1,18,4,3,1,108,99,2,25,4,4,6,104,6
31737,2021,11,17,3,10,2,1,1,110,99,1,30,5,5,7,104,6
31738,2021,11,17,3,12,3,2,1,109,99,2,31,5,5,7,104,6
31739,2021,11,17,3,13,3,2,1,111,99,2,26,4,4,6,97,6
31740,2021,11,17,3,13,3,2,1,111,99,2,42,7,7,9,104,6
31741,2021,11,17,3,14,3,2,1,108,99,2,35,6,6,8,74,6
31742,2021,11,17,3,16,3,2,1,110,99,2,42,7,7,9,104,6
31743,2021,11,17,3,17,3,2,1,112,99,1,23,3,3,5,97,6
31744,2021,11,18,4,13,3,2,14,1401,99,2,25,4,4,6,97,6
31745,2021,11,18,4,16,3,2,1,108,99,2,42,7,7,9,97,6
31746,2021,11,18,4,17,3,2,1,108,99,1,31,5,5,7,97,6
31747,2021,11,19,5,15,3,2,1,109,99,1,26,4,4,6,97,6
31748,2021,11,19,5,17,3,2,1,108,99,2,44,7,7,9,97,6
31749,2021,11,20,6,16,3,2,1,101,19,2,26,4,4,6,104,6
31750,2021,11,21,7,15,3,2,1,110,99,1,46,8,8,10,97,6
31751,2021,11,21,7,12,3,2,1,108,99,1,31,5,5,7,104,6
31752,2021,11,21,7,15,3,2,1,108,99,1,45,8,8,10,104,6
31753,2021,11,22,1,10,2,1,1,108,99,1,26,4,4,6,97,6
31754,2021,11,22,1,10,2,1,1,110,99,1,55,10,10,12,104,6
31755,2021,11,22,1,15,3,2,1,101,19,1,55,10,10,12,95,6
31756,2021,11,22,1,18,4,3,1,109,99,2,56,10,10,12,104,6
31757,2021,11,22,1,19,4,3,1,110,99,2,27,4,4,6,97,6
31758,2021,11,22,1,20,4,3,1,108,99,2,999,12,16,18,97,6
31759,2021,11,22,1,21,4,3,1,101,1,2,58,10,10,12,104,6
31760,2021,11,22,1,22,4,3,1,109,99,1,35,6,6,8,104,6
31761,2021,11,23,2,14,3,2,1,108,99,2,40,7,7,9,97,6
31762,2021,11,23,2,14,3,2,1,108,99,2,18,2,2,4,104,6
31763,2021,11,23,2,15,3,2,1,110,99,2,39,6,6,8,97,6
31764,2021,11,24,3,11,2,1,1,108,99,1,54,9,9,11,104,6
31765,2021,11,24,3,11,2,1,1,108,99,2,52,9,9,11,104,6
31766,2021,11,24,3,14,3,2,1,110,99,2,25,4,4,6,104,6
31767,2021,11,25,4,14,3,2,1,111,99,1,32,5,5,7,104,6
31768,2021,11,25,4,17,3,2,1,108,99,1,34,5,5,7,97,6
31769,2021,11,25,4,17,3,2,1,108,99,2,33,5,5,7,104,6
31770,2021,11,26,5,11,2,1,1,108,99,1,48,8,8,10,104,6
31771,2021,11,26,5,14,3,2,1,110,99,1,46,8,8,10,104,6
31772,2021,11,27,6,16,3,2,1,108,99,1,31,5,5,7,97,6
31773,2021,11,27,6,16,3,2,1,108,99,2,23,3,3,5,97,6
31774,2021,11,27,6,22,4,3,1,108,99,2,29,4,4,6,104,6
31775,2021,11,29,1,16,3,2,1,109,99,1,22,3,3,5,104,6
31776,2021,11,30,2,14,3,2,1,108,99,2,30,5,5,7,104,6
31777,2021,11,3,3,9,2,1,9,920,99,2,21,3,3,5,97,6
31778,2021,11,3,3,10,2,1,9,922,99,1,59,10,10,12,104,6
31779,2021,11,4,4,15,3,2,9,920,99,2,31,5,5,7,97,6
31780,2021,11,5,5,11,2,1,9,920,99,2,39,6,6,8,97,6
31781,2021,11,7,7,11,2,1,9,922,99,1,46,8,8,10,104,6
31782,2021,11,10,3,12,3,2,9,922,99,2,23,3,3,5,104,6
31783,2021,11,11,4,12,3,2,12,1220,99,1,48,8,8,10,104,6
31784,2021,11,11,4,13,3,2,9,922,99,2,35,6,6,8,104,6
31785,2021,11,11,4,15,3,2,9,922,99,1,46,8,8,10,97,6
31786,2021,11,13,6,10,2,1,9,922,99,2,41,7,7,9,97,6
31787,2021,11,13,6,13,3,2,9,920,99,1,39,6,6,8,97,6
31788,2021,11,15,1,11,2,1,9,922,99,1,58,10,10,12,104,6
31789,2021,11,17,3,12,3,2,9,922,99,1,31,5,5,7,97,6
31790,2021,11,22,1,17,3,2,9,922,99,2,22,3,3,5,97,6
31791,2021,11,23,2,14,3,2,9,920,99,1,47,8,8,10,97,6
31792,2021,11,24,3,8,2,1,9,922,99,2,45,8,8,10,104,6
31793,2021,11,24,3,9,2,1,9,920,99,2,48,8,8,10,104,6
31794,2021,11,25,4,18,4,3,9,920,99,2,56,10,10,12,97,6
31795,2021,11,2,2,13,3,2,3,311,99,1,45,8,8,10,104,6
31796,2021,11,2,2,13,3,2,3,309,99,1,51,9,9,11,104,6
31797,2021,11,3,3,15,3,2,3,308,99,2,26,4,4,6,97,6
31798,2021,11,3,3,15,3,2,3,314,99,2,42,7,7,9,104,6
31799,2021,11,3,3,16,3,2,3,314,99,1,30,5,5,7,97,6
31800,2021,11,5,5,15,3,2,3,314,99,1,39,6,6,8,104,6
31801,2021,11,5,5,12,3,2,3,301,99,1,999,12,16,18,97,6
31802,2021,11,5,5,14,3,2,3,301,99,2,40,7,7,9,97,6
31803,2021,11,6,6,9,2,1,3,303,99,1,29,4,4,6,104,6
31804,2021,11,6,6,12,3,2,3,314,99,1,30,5,5,7,104,6
31805,2021,11,7,7,14,3,2,3,308,99,1,50,9,9,11,104,6
31806,2021,11,8,1,13,3,2,3,303,99,2,24,3,3,5,104,6
31807,2021,11,8,1,15,3,2,3,313,99,1,64,11,11,13,97,6
31808,2021,11,8,1,22,4,3,3,301,99,2,17,2,2,4,104,6
31809,2021,11,9,2,14,3,2,3,302,99,1,40,7,7,9,97,6
31810,2021,11,9,2,10,2,1,3,309,99,2,44,7,7,9,97,6
31811,2021,11,9,2,15,3,2,3,301,99,1,61,11,11,13,97,6
31812,2021,11,9,2,16,3,2,3,307,99,2,29,4,4,6,97,6
31813,2021,11,10,3,10,2,1,3,308,99,2,70,11,13,15,104,6
31814,2021,11,11,4,8,2,1,3,301,99,2,999,12,16,18,104,6
31815,2021,11,12,5,12,3,2,3,309,99,2,38,6,6,8,104,6
31816,2021,11,12,5,15,3,2,3,301,99,1,59,10,10,12,104,6
31817,2021,11,12,5,16,3,2,3,306,99,2,31,5,5,7,104,6
31818,2021,11,13,6,13,3,2,3,306,99,1,21,3,3,5,104,6
31819,2021,11,16,2,16,3,2,3,312,99,1,19,2,2,4,97,6
31820,2021,11,16,2,16,3,2,3,301,99,1,53,9,9,11,104,6
31821,2021,11,16,2,18,4,3,3,302,99,1,999,12,16,18,104,6
31822,2021,11,16,2,21,4,3,3,307,99,1,29,4,4,6,97,6
31823,2021,11,19,5,11,2,1,3,301,99,1,58,10,10,12,97,6
31824,2021,11,20,6,11,2,1,3,312,99,1,37,6,6,8,104,6
31825,2021,11,22,1,13,3,2,3,312,99,2,28,4,4,6,97,6
31826,2021,11,23,2,10,2,1,3,303,99,1,25,4,4,6,97,6
31827,2021,11,23,2,10,2,1,3,314,99,1,32,5,5,7,104,6
31828,2021,11,24,3,8,2,1,3,314,99,1,32,5,5,7,104,6
31829,2021,11,24,3,1,1,1,3,301,99,1,58,10,10,12,97,6
31830,2021,11,24,3,12,3,2,3,307,99,1,29,4,4,6,97,6
31831,2021,11,25,4,13,3,2,3,301,99,1,42,7,7,9,97,6
31832,2021,11,25,4,9,2,1,3,308,99,1,33,5,5,7,97,6
31833,2021,11,27,6,13,3,2,3,308,99,2,42,7,7,9,97,6
31834,2021,11,30,2,9,2,1,3,301,99,2,38,6,6,8,97,6
31835,2021,11,30,2,11,2,1,3,308,99,1,33,5,5,7,97,6
31836,2021,11,30,2,9,2,1,3,309,99,1,999,12,16,18,104,6
31837,2021,11,30,2,10,2,1,3,309,99,1,26,4,4,6,97,6
31838,2021,12,1,3,17,3,2,1,101,18,1,35,6,6,8,97,6
31839,2021,12,1,3,17,3,2,1,105,99,2,47,8,8,10,97,6
31840,2021,12,1,3,17,3,2,1,101,6,1,53,9,9,11,104,6
31841,2021,12,1,3,22,4,3,1,106,99,2,37,6,6,8,97,6
31842,2021,12,1,3,22,4,3,1,101,2,2,42,7,7,9,104,6
31843,2021,12,2,4,4,1,1,1,102,99,2,42,7,7,9,97,6
31844,2021,12,2,4,15,3,2,1,101,5,2,35,6,6,8,104,6
31845,2021,12,2,4,17,3,2,1,105,99,2,20,3,3,5,97,6
31846,2021,12,2,4,17,3,2,1,115,99,2,32,5,5,7,104,6
31847,2021,12,2,4,17,3,2,1,107,99,1,37,6,6,8,97,6
31848,2021,12,2,4,17,3,2,1,101,18,2,82,11,15,17,97,6
31849,2021,12,2,4,21,4,3,1,108,99,2,53,9,9,11,104,6
31850,2021,12,2,4,21,4,3,1,101,17,1,60,11,11,13,97,6
31851,2021,12,2,4,22,4,3,1,101,3,2,32,5,5,7,97,6
31852,2021,12,2,4,22,4,3,1,101,21,2,35,6,6,8,104,6
31853,2021,12,2,4,22,4,3,1,101,99,1,46,8,8,10,97,6
31854,2021,12,2,4,23,4,3,1,101,21,1,50,9,9,11,97,6
31855,2021,12,2,4,23,4,3,1,101,18,1,43,7,7,9,104,6
31856,2021,12,3,5,13,3,2,1,103,99,1,39,6,6,8,104,6
31857,2021,12,3,5,14,3,2,1,101,21,2,82,11,15,17,97,6
31858,2021,12,3,5,14,3,2,1,103,99,1,61,11,11,13,97,6
31859,2021,12,3,5,14,3,2,1,101,1,2,41,7,7,9,97,6
31860,2021,12,3,5,14,3,2,1,101,7,1,35,6,6,8,97,6
31861,2021,12,3,5,16,3,2,1,101,7,1,29,4,4,6,97,6
31862,2021,12,3,5,16,3,2,1,103,99,1,19,2,2,4,104,6
31863,2021,12,3,5,16,3,2,1,101,18,1,28,4,4,6,104,6
31864,2021,12,3,5,19,4,3,1,101,2,2,47,8,8,10,97,6
31865,2021,12,3,5,20,4,3,1,101,18,1,38,6,6,8,95,6
31866,2021,12,3,5,20,4,3,1,101,5,2,43,7,7,9,104,6
31867,2021,12,3,5,21,4,3,1,101,11,1,64,11,11,13,104,6
31868,2021,12,3,5,22,4,3,1,101,5,2,27,4,4,6,104,6
31869,2021,12,4,6,9,2,1,1,101,6,1,27,4,4,6,97,6
31870,2021,12,4,6,13,3,2,11,1101,99,1,30,5,5,7,104,6
31871,2021,12,4,6,14,3,2,1,101,5,2,26,4,4,6,104,6
31872,2021,12,4,6,18,4,3,1,101,18,2,48,8,8,10,104,6
31873,2021,12,4,6,18,4,3,1,101,18,2,31,5,5,7,97,6
31874,2021,12,4,6,22,4,3,1,101,25,1,50,9,9,11,97,6
31875,2021,12,4,6,22,4,3,1,101,16,2,35,6,6,8,104,6
31876,2021,12,5,7,11,2,1,1,101,18,2,24,3,3,5,104,6
31877,2021,12,5,7,13,3,2,1,101,18,1,24,3,3,5,97,6
31878,2021,12,5,7,14,3,2,1,101,5,1,23,3,3,5,104,6
31879,2021,12,5,7,21,4,3,1,101,25,1,47,8,8,10,104,6
31880,2021,12,5,7,21,4,3,1,101,5,1,36,6,6,8,104,6
31881,2021,12,6,1,15,3,2,1,101,24,1,19,2,2,4,104,6
31882,2021,12,6,1,16,3,2,1,107,99,1,38,6,6,8,97,6
31883,2021,12,6,1,17,3,2,1,101,18,2,31,5,5,7,104,6
31884,2021,12,6,1,17,3,2,1,101,7,1,22,3,3,5,95,6
31885,2021,12,6,1,19,4,3,1,101,5,1,54,9,9,11,97,6
31886,2021,12,6,1,19,4,3,1,101,11,1,49,8,8,10,97,6
31887,2021,12,6,1,19,4,3,1,107,99,1,36,6,6,8,97,6
31888,2021,12,6,1,21,4,3,1,101,9,2,43,7,7,9,104,6
31889,2021,12,6,1,21,4,3,1,101,16,2,30,5,5,7,104,6
31890,2021,12,6,1,21,4,3,1,101,18,1,39,6,6,8,104,6
31891,2021,12,6,1,21,4,3,1,101,9,2,35,6,6,8,97,6
31892,2021,12,7,2,15,3,2,1,101,11,1,34,5,5,7,104,6
31893,2021,12,7,2,15,3,2,1,101,12,1,50,9,9,11,104,6
31894,2021,12,7,2,16,3,2,1,101,1,1,999,12,16,18,104,6
31895,2021,12,7,2,16,3,2,1,101,3,1,999,12,16,18,104,6
31896,2021,12,7,2,16,3,2,1,101,11,1,52,9,9,11,104,6
31897,2021,12,7,2,16,3,2,1,101,18,1,57,10,10,12,97,6
31898,2021,12,7,2,21,4,3,1,101,11,1,36,6,6,8,104,6
31899,2021,12,8,3,12,3,2,1,101,1,1,38,6,6,8,95,6
31900,2021,12,8,3,13,3,2,1,101,11,1,45,8,8,10,104,6
31901,2021,12,8,3,13,3,2,1,101,1,1,42,7,7,9,97,6
31902,2021,12,8,3,18,4,3,1,103,99,2,30,5,5,7,97,6
31903,2021,12,8,3,19,4,3,1,105,99,2,18,2,2,4,97,6
31904,2021,12,8,3,20,4,3,1,101,11,1,999,12,16,18,97,6
31905,2021,12,8,3,21,4,3,1,101,2,1,38,6,6,8,104,6
31906,2021,12,8,3,21,4,3,1,101,11,2,62,11,11,13,104,6
31907,2021,12,8,3,22,4,3,1,105,99,2,34,5,5,7,97,6
31908,2021,12,8,3,22,4,3,1,101,18,1,46,8,8,10,97,6
31909,2021,12,9,4,9,2,1,1,101,18,2,26,4,4,6,104,6
31910,2021,12,9,4,11,2,1,1,107,99,1,44,7,7,9,104,6
31911,2021,12,9,4,14,3,2,1,101,18,2,79,11,14,16,104,6
31912,2021,12,9,4,15,3,2,1,101,1,1,48,8,8,10,97,6
31913,2021,12,9,4,16,3,2,1,101,13,2,33,5,5,7,104,6
31914,2021,12,9,4,16,3,2,1,101,2,1,42,7,7,9,104,6
31915,2021,12,9,4,16,3,2,1,101,6,2,41,7,7,9,104,6
31916,2021,12,9,4,16,3,2,1,101,9,1,49,8,8,10,104,6
31917,2021,12,9,4,18,4,3,1,117,99,1,42,7,7,9,97,6
31918,2021,12,9,4,22,4,3,1,117,99,1,44,7,7,9,97,6
31919,2021,12,10,5,15,3,2,1,106,99,1,35,6,6,8,97,6
31920,2021,12,10,5,20,4,3,1,101,17,1,31,5,5,7,97,6
31921,2021,12,10,5,20,4,3,1,101,3,1,999,12,16,18,97,6
31922,2021,12,10,5,21,4,3,1,101,18,1,46,8,8,10,97,6
31923,2021,12,11,6,7,2,1,1,101,18,1,33,5,5,7,97,6
31924,2021,12,11,6,7,2,1,1,101,6,2,31,5,5,7,97,6
31925,2021,12,11,6,13,3,2,1,105,99,1,27,4,4,6,104,6
31926,2021,12,11,6,13,3,2,1,101,12,2,31,5,5,7,104,6
31927,2021,12,11,6,16,3,2,1,101,10,1,33,5,5,7,97,6
31928,2021,12,11,6,20,4,3,1,101,13,1,40,7,7,9,104,6
31929,2021,12,11,6,23,4,3,1,101,6,2,53,9,9,11,97,6
31930,2021,12,12,7,12,3,2,1,101,13,2,32,5,5,7,104,6
31931,2021,12,12,7,12,3,2,1,101,7,1,67,11,12,14,104,6
31932,2021,12,12,7,20,4,3,1,101,6,2,34,5,5,7,104,6
31933,2021,12,13,1,9,2,1,1,101,18,1,33,5,5,7,97,6
31934,2021,12,13,1,11,2,1,1,101,6,1,28,4,4,6,104,6
31935,2021,12,13,1,12,3,2,1,101,8,1,20,3,3,5,104,6
31936,2021,12,13,1,12,3,2,1,101,7,1,61,11,11,13,97,6
31937,2021,12,13,1,16,3,2,1,101,1,1,30,5,5,7,97,6
31938,2021,12,13,1,16,3,2,1,116,99,1,56,10,10,12,104,6
31939,2021,12,13,1,18,4,3,1,101,7,1,41,7,7,9,104,6
31940,2021,12,13,1,18,4,3,11,1101,99,1,33,5,5,7,104,6
31941,2021,12,13,1,19,4,3,1,117,99,1,70,11,13,15,95,6
31942,2021,12,13,1,19,4,3,1,101,6,1,22,3,3,5,104,6
31943,2021,12,13,1,22,4,3,1,101,7,1,34,5,5,7,104,6
31944,2021,12,13,1,23,4,3,1,101,9,1,50,9,9,11,95,6
31945,2021,12,14,2,0,1,1,1,101,18,2,40,7,7,9,104,6
31946,2021,12,14,2,11,2,1,1,101,18,1,14,1,1,3,104,6
31947,2021,12,14,2,12,3,2,1,102,99,1,30,5,5,7,104,6
31948,2021,12,14,2,12,3,2,1,101,1,2,34,5,5,7,97,6
31949,2021,12,14,2,13,3,2,1,101,15,2,45,8,8,10,104,6
31950,2021,12,14,2,14,3,2,1,102,99,1,26,4,4,6,104,6
31951,2021,12,14,2,17,3,2,1,101,13,1,41,7,7,9,97,6
31952,2021,12,14,2,18,4,3,1,101,1,2,55,10,10,12,104,6
31953,2021,12,14,2,18,4,3,1,101,99,2,41,7,7,9,104,6
31954,2021,12,14,2,18,4,3,1,101,18,1,47,8,8,10,104,6
31955,2021,12,14,2,18,4,3,1,101,16,1,52,9,9,11,104,6
31956,2021,12,14,2,18,4,3,1,101,7,1,36,6,6,8,104,6
31957,2021,12,14,2,19,4,3,1,101,6,2,58,10,10,12,104,6
31958,2021,12,14,2,21,4,3,1,101,7,1,23,3,3,5,104,6
31959,2021,12,14,2,22,4,3,1,101,18,1,25,4,4,6,104,6
31960,2021,12,15,3,14,3,2,1,101,7,1,58,10,10,12,104,6
31961,2021,12,15,3,18,4,3,1,101,1,1,68,11,12,14,97,6
31962,2021,12,15,3,18,4,3,1,101,2,2,30,5,5,7,97,6
31963,2021,12,15,3,18,4,3,1,101,7,2,28,4,4,6,104,6
31964,2021,12,15,3,18,4,3,1,105,99,1,37,6,6,8,97,6
31965,2021,12,15,3,21,4,3,1,117,99,1,58,10,10,12,97,6
31966,2021,12,15,3,21,4,3,4,401,99,2,40,7,7,9,97,6
31967,2021,12,15,3,21,4,3,1,117,99,1,35,6,6,8,97,6
31968,2021,12,15,3,22,4,3,1,101,6,2,42,7,7,9,104,6
31969,2021,12,16,4,17,3,2,1,101,11,1,44,7,7,9,97,6
31970,2021,12,16,4,17,3,2,1,103,99,1,25,4,4,6,97,6
31971,2021,12,16,4,18,4,3,1,101,18,1,30,5,5,7,104,6
31972,2021,12,16,4,18,4,3,1,101,11,2,42,7,7,9,97,6
31973,2021,12,16,4,21,4,3,1,110,99,2,26,4,4,6,104,6
31974,2021,12,16,4,21,4,3,1,101,10,1,999,12,16,18,104,6
31975,2021,12,17,5,12,3,2,1,107,99,2,33,5,5,7,97,6
31976,2021,12,17,5,13,3,2,1,101,18,1,30,5,5,7,97,6
31977,2021,12,17,5,14,3,2,1,999,99,2,69,11,12,14,104,6
31978,2021,12,17,5,15,3,2,1,103,99,1,54,9,9,11,97,6
31979,2021,12,17,5,15,3,2,1,101,1,1,40,7,7,9,97,6
31980,2021,12,17,5,15,3,2,1,101,21,1,999,12,16,18,104,6
31981,2021,12,17,5,16,3,2,1,101,1,1,28,4,4,6,97,6
31982,2021,12,17,5,16,3,2,1,101,14,1,999,12,16,18,97,6
31983,2021,12,17,5,18,4,3,1,101,10,1,70,11,13,15,95,6
31984,2021,12,17,5,18,4,3,1,103,99,1,29,4,4,6,97,6
31985,2021,12,17,5,20,4,3,1,101,1,1,39,6,6,8,97,6
31986,2021,12,17,5,22,4,3,1,101,2,1,42,7,7,9,104,6
31987,2021,12,17,5,22,4,3,1,101,15,1,51,9,9,11,104,6
31988,2021,12,17,5,22,4,3,1,101,5,1,35,6,6,8,104,6
31989,2021,12,17,5,22,4,3,1,101,11,1,48,8,8,10,104,6
31990,2021,12,17,5,22,4,3,1,101,2,1,32,5,5,7,104,6
31991,2021,12,18,6,9,2,1,1,103,99,1,30,5,5,7,104,6
31992,2021,12,18,6,11,2,1,1,101,18,1,23,3,3,5,97,6
31993,2021,12,18,6,12,3,2,1,103,99,2,43,7,7,9,104,6
31994,2021,12,18,6,12,3,2,1,103,99,2,41,7,7,9,97,6
31995,2021,12,18,6,14,3,2,1,101,1,1,40,7,7,9,97,6
31996,2021,12,18,6,17,3,2,1,103,99,2,36,6,6,8,104,6
31997,2021,12,18,6,17,3,2,1,101,6,1,40,7,7,9,104,6
31998,2021,12,18,6,18,4,3,1,106,99,1,34,5,5,7,104,6
31999,2021,12,18,6,20,4,3,1,103,99,2,46,8,8,10,97,6
32000,2021,12,18,6,21,4,3,1,106,99,1,60,11,11,13,104,6
32001,2021,12,19,7,11,2,1,1,101,5,2,40,7,7,9,104,6
32002,2021,12,19,7,15,3,2,1,101,99,2,24,3,3,5,97,6
32003,2021,12,19,7,15,3,2,1,101,2,1,21,3,3,5,104,6
32004,2021,12,19,7,17,3,2,1,101,1,1,43,7,7,9,97,6
32005,2021,12,19,7,19,4,3,1,101,7,1,34,5,5,7,97,6
32006,2021,12,19,7,21,4,3,1,103,99,2,35,6,6,8,97,6
32007,2021,12,19,7,21,4,3,1,101,18,1,999,12,16,18,97,6
32008,2021,12,19,7,21,4,3,1,101,6,1,35,6,6,8,97,6
32009,2021,12,19,7,21,4,3,1,101,8,1,44,7,7,9,97,6
32010,2021,12,20,1,10,2,1,1,101,6,1,47,8,8,10,97,6
32011,2021,12,20,1,17,3,2,1,101,99,1,26,4,4,6,104,6
32012,2021,12,20,1,17,3,2,1,101,8,1,44,7,7,9,97,6
32013,2021,12,20,1,19,4,3,1,101,99,2,20,3,3,5,104,6
32014,2021,12,20,1,17,3,2,1,101,11,1,41,7,7,9,97,6
32015,2021,12,20,1,23,4,3,1,113,99,2,25,4,4,6,104,6
32016,2021,12,21,2,9,2,1,1,101,6,1,40,7,7,9,104,6
32017,2021,12,21,2,20,4,3,1,101,18,2,32,5,5,7,97,6
32018,2021,12,21,2,21,4,3,1,101,16,2,20,3,3,5,97,6
32019,2021,12,21,2,21,4,3,1,101,16,2,20,3,3,5,104,6
32020,2021,12,21,2,21,4,3,1,103,99,2,46,8,8,10,104,6
32021,2021,12,21,2,21,4,3,1,101,6,1,25,4,4,6,104,6
32022,2021,12,21,2,21,4,3,1,101,16,1,999,12,16,18,84,6
32023,2021,12,21,2,21,4,3,1,101,6,2,35,6,6,8,104,6
32024,2021,12,21,2,21,4,3,1,101,11,1,24,3,3,5,104,6
32025,2021,12,21,2,21,4,3,1,101,18,1,34,5,5,7,97,6
32026,2021,12,21,2,22,4,3,1,101,16,2,25,4,4,6,104,6
32027,2021,12,21,2,22,4,3,1,101,21,1,25,4,4,6,97,6
32028,2021,12,22,3,13,3,2,1,101,1,1,50,9,9,11,104,6
32029,2021,12,22,3,15,3,2,1,101,18,2,59,10,10,12,104,6
32030,2021,12,22,3,15,3,2,1,103,99,1,47,8,8,10,104,6
32031,2021,12,22,3,15,3,2,1,103,99,1,33,5,5,7,97,6
32032,2021,12,22,3,20,4,3,1,103,99,2,42,7,7,9,97,6
32033,2021,12,22,3,20,4,3,1,101,12,2,26,4,4,6,104,6
32034,2021,12,22,3,20,4,3,1,101,18,2,38,6,6,8,97,6
32035,2021,12,22,3,20,4,3,1,101,7,2,30,5,5,7,104,6
32036,2021,12,23,4,19,4,3,1,101,7,2,60,11,11,13,104,6
32037,2021,12,23,4,21,4,3,1,101,1,1,39,6,6,8,97,6
32038,2021,12,23,4,21,4,3,1,115,99,1,37,6,6,8,104,6
32039,2021,12,23,4,21,4,3,1,103,99,1,52,9,9,11,97,6
32040,2021,12,23,4,21,4,3,1,101,1,1,49,8,8,10,104,6
32041,2021,12,23,4,21,4,3,1,101,25,1,24,3,3,5,104,6
32042,2021,12,24,5,13,3,2,1,114,99,2,47,8,8,10,104,6
32043,2021,12,26,7,13,3,2,1,101,5,1,25,4,4,6,97,6
32044,2021,12,26,7,20,4,3,1,101,18,1,50,9,9,11,97,6
32045,2021,12,26,7,20,4,3,1,116,99,1,41,7,7,9,104,6
32046,2021,12,26,7,21,4,3,1,101,11,2,26,4,4,6,97,6
32047,2021,12,27,1,11,2,1,1,101,1,2,67,11,12,14,97,6
32048,2021,12,27,1,15,3,2,1,106,99,1,36,6,6,8,97,6
32049,2021,12,27,1,15,3,2,1,101,3,1,57,10,10,12,97,6
32050,2021,12,27,1,17,3,2,1,101,13,1,35,6,6,8,97,6
32051,2021,12,27,1,17,3,2,1,101,10,1,61,11,11,13,97,6
32052,2021,12,27,1,18,4,3,1,105,99,1,25,4,4,6,97,6
32053,2021,12,27,1,18,4,3,1,101,10,1,35,6,6,8,95,6
32054,2021,12,27,1,18,4,3,1,101,6,1,44,7,7,9,97,6
32055,2021,12,27,1,5,1,1,1,101,11,1,19,2,2,4,97,6
32056,2021,12,27,1,19,4,3,1,101,18,2,54,9,9,11,104,6
32057,2021,12,27,1,21,4,3,1,103,99,2,30,5,5,7,97,6
32058,2021,12,28,2,11,2,1,1,101,6,1,54,9,9,11,97,6
32059,2021,12,28,2,12,3,2,1,101,7,1,25,4,4,6,104,6
32060,2021,12,28,2,13,3,2,1,101,7,2,52,9,9,11,104,6
32061,2021,12,28,2,18,4,3,1,101,2,1,65,11,12,14,104,6
32062,2021,12,28,2,18,4,3,1,101,1,1,33,5,5,7,104,6
32063,2021,12,28,2,18,4,3,1,108,99,1,37,6,6,8,104,6
32064,2021,12,28,2,18,4,3,1,116,99,1,38,6,6,8,97,6
32065,2021,12,28,2,19,4,3,1,116,99,1,38,6,6,8,104,6
32066,2021,12,28,2,22,4,3,1,101,6,2,20,3,3,5,104,6
32067,2021,12,28,2,23,4,3,1,101,7,2,37,6,6,8,97,6
32068,2021,12,29,3,11,2,1,1,101,1,1,32,5,5,7,97,6
32069,2021,12,29,3,11,2,1,1,101,3,1,62,11,11,13,95,6
32070,2021,12,29,3,13,3,2,1,101,3,1,63,11,11,13,97,6
32071,2021,12,29,3,14,3,2,1,105,99,1,30,5,5,7,97,6
32072,2021,12,29,3,14,3,2,1,101,6,1,22,3,3,5,97,6
32073,2021,12,29,3,15,3,2,1,101,6,1,43,7,7,9,97,6
32074,2021,12,29,3,16,3,2,1,101,9,1,32,5,5,7,104,6
32075,2021,12,29,3,16,3,2,1,101,7,1,41,7,7,9,104,6
32076,2021,12,29,3,16,3,2,1,101,3,2,28,4,4,6,97,6
32077,2021,12,29,3,17,3,2,1,101,18,1,39,6,6,8,104,6
32078,2021,12,29,3,17,3,2,1,101,12,1,27,4,4,6,97,6
32079,2021,12,29,3,18,4,3,1,101,18,1,30,5,5,7,104,6
32080,2021,12,29,3,18,4,3,1,102,99,1,69,11,12,14,104,6
32081,2021,12,29,3,19,4,3,1,101,6,2,52,9,9,11,97,6
32082,2021,12,29,3,19,4,3,1,101,6,2,52,9,9,11,97,6
32083,2021,12,29,3,20,4,3,1,101,1,1,53,9,9,11,97,6
32084,2021,12,29,3,21,4,3,1,101,18,1,42,7,7,9,104,6
32085,2021,12,29,3,21,4,3,1,101,18,2,40,7,7,9,104,6
32086,2021,12,29,3,23,4,3,1,107,99,1,28,4,4,6,97,6
32087,2021,12,30,4,12,3,2,1,101,2,2,37,6,6,8,97,6
32088,2021,12,30,4,14,3,2,1,101,1,2,36,6,6,8,97,6
32089,2021,12,30,4,14,3,2,1,103,99,1,51,9,9,11,104,6
32090,2021,12,30,4,16,3,2,1,107,99,1,38,6,6,8,97,6
32091,2021,12,30,4,17,3,2,1,117,99,1,50,9,9,11,97,6
32092,2021,12,30,4,18,4,3,1,101,6,1,27,4,4,6,97,6
32093,2021,12,30,4,21,4,3,1,101,6,2,18,2,2,4,104,6
32094,2021,12,30,4,22,4,3,1,106,99,1,47,8,8,10,104,6
32095,2021,12,31,5,9,2,1,1,108,99,2,35,6,6,8,97,6
32096,2021,12,31,5,9,2,1,1,101,18,1,41,7,7,9,95,6
32097,2021,12,1,3,14,3,2,9,901,99,1,24,3,3,5,97,6
32098,2021,12,1,3,15,3,2,9,911,99,1,27,4,4,6,97,6
32099,2021,12,1,3,16,3,2,9,901,99,1,29,4,4,6,94,6
32100,2021,12,3,5,11,2,1,9,914,99,1,28,4,4,6,97,6
32101,2021,12,3,5,13,3,2,9,909,99,1,35,6,6,8,97,6
32102,2021,12,3,5,14,3,2,9,901,99,1,35,6,6,8,104,6
32103,2021,12,3,5,15,3,2,9,912,99,9,999,12,16,18,94,6
32104,2021,12,4,6,15,3,2,9,901,99,1,27,4,4,6,97,6
32105,2021,12,4,6,20,4,3,9,906,99,2,26,4,4,6,104,6
32106,2021,12,5,7,10,2,1,12,1212,99,2,44,7,7,9,104,6
32107,2021,12,6,1,10,2,1,9,901,99,1,25,4,4,6,104,6
32108,2021,12,6,1,14,3,2,9,901,99,2,33,5,5,7,97,6
32109,2021,12,6,1,16,3,2,9,901,99,1,18,2,2,4,97,6
32110,2021,12,6,1,16,3,2,9,901,99,2,31,5,5,7,97,6
32111,2021,12,7,2,11,2,1,9,901,99,2,39,6,6,8,97,6
32112,2021,12,7,2,12,3,2,9,901,99,1,32,5,5,7,104,6
32113,2021,12,7,2,17,3,2,21,2101,99,1,53,9,9,11,104,6
32114,2021,12,7,2,17,3,2,9,901,99,2,34,5,5,7,104,6
32115,2021,12,8,3,13,3,2,9,901,99,2,52,9,9,11,97,6
32116,2021,12,8,3,14,3,2,9,903,99,2,28,4,4,6,104,6
32117,2021,12,9,4,9,2,1,9,906,99,1,26,4,4,6,104,6
32118,2021,12,9,4,14,3,2,9,901,99,1,44,7,7,9,97,6
32119,2021,12,9,4,17,3,2,12,1217,99,1,39,6,6,8,104,6
32120,2021,12,10,5,15,3,2,9,901,99,2,18,2,2,4,97,6
32121,2021,12,10,5,15,3,2,8,801,99,2,34,5,5,7,97,6
32122,2021,12,11,6,11,2,1,9,901,99,1,58,10,10,12,97,6
32123,2021,12,12,7,14,3,2,9,901,99,1,51,9,9,11,97,6
32124,2021,12,13,1,11,2,1,9,901,99,2,40,7,7,9,97,6
32125,2021,12,13,1,12,3,2,9,901,99,1,38,6,6,8,97,6
32126,2021,12,13,1,15,3,2,9,901,99,1,42,7,7,9,97,6
32127,2021,12,14,2,10,2,1,12,1212,99,1,24,3,3,5,104,6
32128,2021,12,14,2,13,3,2,9,901,99,1,42,7,7,9,97,6
32129,2021,12,15,3,12,3,2,9,901,99,1,43,7,7,9,97,6
32130,2021,12,15,3,13,3,2,9,901,99,1,64,11,11,13,97,6
32131,2021,12,15,3,18,4,3,9,909,99,1,28,4,4,6,97,6
32132,2021,12,16,4,14,3,2,9,901,99,2,38,6,6,8,97,6
32133,2021,12,16,4,16,3,2,9,901,99,2,999,12,16,18,97,6
32134,2021,12,16,4,17,3,2,9,901,99,2,33,5,5,7,97,6
32135,2021,12,17,5,16,3,2,9,919,99,1,65,11,12,14,104,6
32136,2021,12,17,5,18,4,3,9,902,99,1,63,11,11,13,97,6
32137,2021,12,20,1,10,2,1,9,923,99,1,35,6,6,8,97,6
32138,2021,12,20,1,13,3,2,9,901,99,1,38,6,6,8,104,6
32139,2021,12,20,1,18,4,3,9,914,99,2,31,5,5,7,104,6
32140,2021,12,21,2,10,2,1,12,1222,99,1,20,3,3,5,104,6
32141,2021,12,21,2,10,2,1,9,901,99,1,37,6,6,8,97,6
32142,2021,12,21,2,14,3,2,9,901,99,2,48,8,8,10,104,6
32143,2021,12,22,3,16,3,2,9,923,99,2,28,4,4,6,104,6
32144,2021,12,22,3,17,3,2,9,901,99,9,999,12,16,18,97,6
32145,2021,12,22,3,17,3,2,13,1301,99,1,33,5,5,7,94,6
32146,2021,12,23,4,20,4,3,9,907,99,1,45,8,8,10,95,6
32147,2021,12,25,6,11,2,1,9,901,99,1,23,3,3,5,104,6
32148,2021,12,27,1,16,3,2,9,920,99,1,48,8,8,10,104,6
32149,2021,12,28,2,15,3,2,9,901,99,2,27,4,4,6,97,6
32150,2021,12,29,3,15,3,2,12,1217,99,1,46,8,8,10,104,6
32151,2021,12,29,3,15,3,2,12,1212,99,1,23,3,3,5,97,6
32152,2021,12,30,4,10,2,1,9,901,99,1,27,4,4,6,97,6
32153,2021,12,31,5,13,3,2,9,901,99,1,41,7,7,9,95,6
32154,2021,12,1,3,8,2,1,21,2106,99,1,50,9,9,11,97,6
32155,2021,12,1,3,12,3,2,21,2101,99,2,26,4,4,6,104,6
32156,2021,12,2,4,12,3,2,21,2101,99,2,28,4,4,6,104,6
32157,2021,12,7,2,11,2,1,21,2107,99,1,26,4,4,6,104,6
32158,2021,12,9,4,11,2,1,21,2101,99,1,39,6,6,8,97,6
32159,2021,12,14,2,15,3,2,21,2106,99,1,26,4,4,6,104,6
32160,2021,12,14,2,15,3,2,21,2101,99,2,30,5,5,7,104,6
32161,2021,12,14,2,15,3,2,21,2101,99,2,23,3,3,5,104,6
32162,2021,12,14,2,15,3,2,21,2101,99,1,42,7,7,9,104,6
32163,2021,12,14,2,15,3,2,21,2103,99,1,45,8,8,10,104,6
32164,2021,12,16,4,12,3,2,21,2107,99,1,38,6,6,8,104,6
32165,2021,12,17,5,14,3,2,21,2101,99,2,26,4,4,6,104,6
32166,2021,12,17,5,14,3,2,21,2103,99,2,27,4,4,6,104,6
32167,2021,12,18,6,11,2,1,21,2101,99,2,39,6,6,8,104,6
32168,2021,12,21,2,8,2,1,21,2101,99,1,54,9,9,11,104,6
32169,2021,12,21,2,10,2,1,21,2101,99,1,60,11,11,13,104,6
32170,2021,12,23,4,15,3,2,21,2101,99,2,34,5,5,7,97,6
32171,2021,12,23,4,16,3,2,21,2101,99,2,20,3,3,5,104,6
32172,2021,12,26,7,16,3,2,21,2101,99,2,67,11,12,14,104,6
32173,2021,12,28,2,15,3,2,21,2101,99,1,28,4,4,6,104,6
32174,2021,12,30,4,8,2,1,21,2106,99,1,33,5,5,7,104,6
32175,2021,12,1,3,13,3,2,16,1616,99,1,20,3,3,5,97,6
32176,2021,12,2,4,18,4,3,15,1501,99,2,22,3,3,5,104,6
32177,2021,12,3,5,9,2,1,16,1610,99,2,21,3,3,5,104,6
32178,2021,12,3,5,15,3,2,14,1420,99,1,37,6,6,8,104,6
32179,2021,12,4,6,12,3,2,15,1507,99,1,29,4,4,6,104,6
32180,2021,12,4,6,18,4,3,14,1420,99,1,51,9,9,11,104,6
32181,2021,12,6,1,11,2,1,16,1601,99,2,51,9,9,11,97,6
32182,2021,12,6,1,13,3,2,16,1601,99,1,45,8,8,10,97,6
32183,2021,12,6,1,17,3,2,14,1420,99,2,38,6,6,8,104,6
32184,2021,12,6,1,19,4,3,15,1505,99,1,59,10,10,12,104,6
32185,2021,12,7,2,12,3,2,16,1601,99,2,36,6,6,8,97,6
32186,2021,12,7,2,15,3,2,16,1615,99,2,35,6,6,8,104,6
32187,2021,12,8,3,7,2,1,15,1501,99,1,45,8,8,10,104,6
32188,2021,12,8,3,13,3,2,16,1607,99,1,32,5,5,7,97,6
32189,2021,12,8,3,19,4,3,16,1603,99,2,22,3,3,5,97,6
32190,2021,12,9,4,11,2,1,16,1601,99,1,29,4,4,6,104,6
32191,2021,12,9,4,13,3,2,16,1609,99,2,25,4,4,6,104,6
32192,2021,12,9,4,14,3,2,15,1507,99,1,39,6,6,8,104,6
32193,2021,12,9,4,14,3,2,15,1502,99,1,26,4,4,6,104,6
32194,2021,12,9,4,21,4,3,16,1602,99,2,24,3,3,5,104,6
32195,2021,12,10,5,12,3,2,15,1503,99,1,45,8,8,10,104,6
32196,2021,12,10,5,13,3,2,15,1503,99,1,25,4,4,6,104,6
32197,2021,12,10,5,23,4,3,15,1503,99,2,31,5,5,7,104,6
32198,2021,12,11,6,23,4,3,16,1616,99,1,44,7,7,9,104,6
32199,2021,12,13,1,12,3,2,16,1613,99,1,21,3,3,5,104,6
32200,2021,12,13,1,12,3,2,15,1501,99,2,41,7,7,9,104,6
32201,2021,12,13,1,12,3,2,16,1601,99,2,22,3,3,5,104,6
32202,2021,12,13,1,16,3,2,15,1501,99,2,36,6,6,8,104,6
32203,2021,12,14,2,10,2,1,15,1503,99,2,30,5,5,7,104,6
32204,2021,12,15,3,14,3,2,16,1601,99,1,18,2,2,4,104,6
32205,2021,12,15,3,14,3,2,15,1501,99,1,31,5,5,7,97,6
32206,2021,12,18,6,1,1,1,15,1503,99,2,29,4,4,6,97,6
32207,2021,12,18,6,15,3,2,15,1501,99,1,26,4,4,6,97,6
32208,2021,12,18,6,16,3,2,16,1603,99,1,45,8,8,10,104,6
32209,2021,12,21,2,9,2,1,15,1503,99,1,51,9,9,11,104,6
32210,2021,12,22,3,12,3,2,16,1609,99,1,51,9,9,11,97,6
32211,2021,12,23,4,13,3,2,16,1601,99,1,29,4,4,6,97,6
32212,2021,12,27,1,10,2,1,15,1503,99,2,24,3,3,5,97,6
32213,2021,12,27,1,13,3,2,16,1604,99,1,35,6,6,8,95,6
32214,2021,12,27,1,18,4,3,15,1508,99,2,38,6,6,8,97,6
32215,2021,12,27,1,22,4,3,15,1501,99,2,41,7,7,9,104,6
32216,2021,12,28,2,13,3,2,16,1601,99,1,26,4,4,6,104,6
32217,2021,12,28,2,20,4,3,15,1503,99,1,38,6,6,8,104,6
32218,2021,12,30,4,12,3,2,16,1609,99,2,33,5,5,7,104,6
32219,2021,12,30,4,17,3,2,15,1501,99,1,24,3,3,5,97,6
32220,2021,12,30,4,18,4,3,15,1501,99,1,30,5,5,7,104,6
32221,2021,12,1,3,14,3,2,10,1013,99,1,33,5,5,7,104,6
32222,2021,12,1,3,15,3,2,10,1014,99,1,32,5,5,7,97,6
32223,2021,12,1,3,9,2,1,10,1014,99,1,23,3,3,5,104,6
32224,2021,12,2,4,12,3,2,10,1002,99,1,30,5,5,7,104,6
32225,2021,12,2,4,12,3,2,10,1001,99,1,50,9,9,11,97,6
32226,2021,12,2,4,18,4,3,10,1020,99,2,54,9,9,11,95,6
32227,2021,12,3,5,11,2,1,10,1013,99,2,39,6,6,8,104,6
32228,2021,12,3,5,11,2,1,10,1021,99,1,41,7,7,9,104,6
32229,2021,12,3,5,14,3,2,10,1021,99,1,26,4,4,6,104,6
32230,2021,12,4,6,9,2,1,10,1002,99,1,57,10,10,12,97,6
32231,2021,12,4,6,10,2,1,11,1109,99,1,55,10,10,12,104,6
32232,2021,12,4,6,15,3,2,10,1008,99,2,25,4,4,6,104,6
32233,2021,12,5,7,9,2,1,11,1101,99,1,30,5,5,7,104,6
32234,2021,12,5,7,19,4,3,11,1101,99,1,28,4,4,6,104,6
32235,2021,12,6,1,12,3,2,10,1010,99,1,42,7,7,9,97,6
32236,2021,12,6,1,12,3,2,10,1001,99,1,31,5,5,7,104,6
32237,2021,12,6,1,15,3,2,10,1001,99,2,999,12,16,18,104,6
32238,2021,12,7,2,9,2,1,11,1102,99,1,28,4,4,6,104,6
32239,2021,12,7,2,10,2,1,10,1014,99,2,999,12,16,18,104,6
32240,2021,12,7,2,13,3,2,11,1101,99,1,36,6,6,8,104,6
32241,2021,12,7,2,13,3,2,11,1108,99,1,40,7,7,9,104,6
32242,2021,12,7,2,13,3,2,11,1108,99,1,33,5,5,7,104,6
32243,2021,12,7,2,15,3,2,10,1021,99,1,28,4,4,6,97,6
32244,2021,12,8,3,7,2,1,11,1101,99,1,63,11,11,13,104,6
32245,2021,12,8,3,0,1,1,11,1108,99,1,21,3,3,5,104,6
32246,2021,12,8,3,10,2,1,11,1104,99,2,27,4,4,6,104,6
32247,2021,12,9,4,12,3,2,10,1015,99,2,18,2,2,4,104,6
32248,2021,12,9,4,14,3,2,11,1101,99,2,32,5,5,7,104,6
32249,2021,12,10,5,13,3,2,11,1101,99,1,29,4,4,6,104,6
32250,2021,12,10,5,15,3,2,10,1008,99,1,31,5,5,7,104,6
32251,2021,12,10,5,13,3,2,10,1016,99,2,36,6,6,8,104,6
32252,2021,12,10,5,12,3,2,11,1101,99,1,41,7,7,9,104,6
32253,2021,12,10,5,9,2,1,10,1013,99,2,42,7,7,9,97,6
32254,2021,12,11,6,16,3,2,10,1004,99,1,28,4,4,6,97,6
32255,2021,12,11,6,16,3,2,11,1101,99,2,24,3,3,5,97,6
32256,2021,12,11,6,17,3,2,10,1019,99,1,33,5,5,7,97,6
32257,2021,12,11,6,17,3,2,11,1105,99,2,36,6,6,8,97,6
32258,2021,12,11,6,21,4,3,10,1012,99,1,25,4,4,6,104,6
32259,2021,12,12,7,18,4,3,10,1008,99,2,55,10,10,12,95,6
32260,2021,12,12,7,20,4,3,10,1015,99,1,28,4,4,6,97,6
32261,2021,12,13,1,10,2,1,10,1013,99,1,999,12,16,18,97,6
32262,2021,12,13,1,14,3,2,10,1004,99,1,37,6,6,8,97,6
32263,2021,12,14,2,10,2,1,10,1013,99,2,25,4,4,6,97,6
32264,2021,12,14,2,15,3,2,11,1101,99,1,23,3,3,5,104,6
32265,2021,12,14,2,16,3,2,11,1101,99,1,43,7,7,9,104,6
32266,2021,12,14,2,12,3,2,10,1012,99,1,26,4,4,6,104,6
32267,2021,12,14,2,10,2,1,5,506,99,1,999,12,16,18,97,6
32268,2021,12,14,2,12,3,2,11,1109,99,1,56,10,10,12,97,6
32269,2021,12,15,3,16,3,2,11,1101,99,2,999,12,16,18,97,6
32270,2021,12,15,3,14,3,2,11,1109,99,1,22,3,3,5,104,6
32271,2021,12,15,3,10,2,1,11,1101,99,2,53,9,9,11,104,6
32272,2021,12,16,4,19,4,3,10,1015,99,2,28,4,4,6,104,6
32273,2021,12,16,4,20,4,3,11,1101,99,1,47,8,8,10,95,6
32274,2021,12,17,5,14,3,2,10,1001,99,1,35,6,6,8,97,6
32275,2021,12,17,5,18,4,3,11,1101,99,2,30,5,5,7,97,6
32276,2021,12,17,5,18,4,3,11,1101,99,2,36,6,6,8,97,6
32277,2021,12,17,5,19,4,3,11,1101,99,1,29,4,4,6,97,6
32278,2021,12,17,5,20,4,3,11,1101,99,1,26,4,4,6,104,6
32279,2021,12,19,7,10,2,1,10,1004,99,1,55,10,10,12,104,6
32280,2021,12,20,1,17,3,2,11,1101,99,2,48,8,8,10,104,6
32281,2021,12,20,1,17,3,2,11,1101,99,2,24,3,3,5,104,6
32282,2021,12,20,1,20,4,3,10,1010,99,2,28,4,4,6,104,6
32283,2021,12,21,2,10,2,1,11,1101,99,2,49,8,8,10,97,6
32284,2021,12,21,2,12,3,2,10,1001,99,1,29,4,4,6,104,6
32285,2021,12,21,2,19,4,3,10,1013,99,1,40,7,7,9,104,6
32286,2021,12,21,2,20,4,3,11,1106,99,1,999,12,16,18,104,6
32287,2021,12,22,3,11,2,1,10,1004,99,2,42,7,7,9,97,6
32288,2021,12,22,3,16,3,2,10,1001,99,2,999,12,16,18,104,6
32289,2021,12,22,3,20,4,3,11,1101,99,1,44,7,7,9,104,6
32290,2021,12,23,4,8,2,1,10,1001,99,2,999,12,16,18,104,6
32291,2021,12,24,5,11,2,1,11,1101,99,1,999,12,16,18,97,6
32292,2021,12,27,1,10,2,1,10,1010,99,1,45,8,8,10,104,6
32293,2021,12,28,2,7,2,1,11,1109,99,2,31,5,5,7,104,6
32294,2021,12,29,3,8,2,1,10,1001,99,2,26,4,4,6,97,6
32295,2021,12,29,3,8,2,1,10,1013,99,2,999,12,16,18,97,6
32296,2021,12,29,3,13,3,2,10,1001,99,2,28,4,4,6,104,6
32297,2021,12,30,4,7,2,1,10,1001,99,1,37,6,6,8,104,6
32298,2021,12,30,4,20,4,3,10,1015,99,1,58,10,10,12,97,6
32299,2021,12,30,4,22,4,3,11,1101,99,2,23,3,3,5,104,6
32300,2021,12,30,4,11,2,1,11,1107,99,2,25,4,4,6,97,6
32301,2021,12,1,3,13,3,2,4,401,99,1,34,5,5,7,97,6
32302,2021,12,1,3,19,4,3,4,406,99,2,36,6,6,8,97,6
32303,2021,12,2,4,9,2,1,4,411,99,1,40,7,7,9,97,6
32304,2021,12,2,4,15,3,2,4,403,99,1,51,9,9,11,97,6
32305,2021,12,7,2,14,3,2,4,401,99,2,41,7,7,9,97,6
32306,2021,12,7,2,12,3,2,4,403,99,2,27,4,4,6,104,6
32307,2021,12,8,3,15,3,2,4,401,99,1,24,3,3,5,104,6
32308,2021,12,9,4,18,4,3,4,401,99,2,52,9,9,11,104,6
32309,2021,12,10,5,12,3,2,4,401,99,2,26,4,4,6,104,6
32310,2021,12,10,5,15,3,2,4,401,99,1,44,7,7,9,97,6
32311,2021,12,10,5,17,3,2,4,401,99,1,46,8,8,10,104,6
32312,2021,12,11,6,21,4,3,4,407,99,1,34,5,5,7,104,6
32313,2021,12,11,6,11,2,1,9,901,99,1,58,10,10,12,97,6
32314,2021,12,12,7,14,3,2,9,901,99,1,51,9,9,11,97,6
32315,2021,12,14,2,9,2,1,4,409,99,1,28,4,4,6,104,6
32316,2021,12,14,2,12,3,2,4,407,99,2,41,7,7,9,104,6
32317,2021,12,14,2,15,3,2,4,401,99,1,41,7,7,9,104,6
32318,2021,12,14,2,17,3,2,4,403,99,1,44,7,7,9,104,6
32319,2021,12,14,2,18,4,3,4,408,99,1,26,4,4,6,104,6
32320,2021,12,15,3,19,4,3,4,403,99,2,30,5,5,7,104,6
32321,2021,12,16,4,15,3,2,4,409,99,1,26,4,4,6,97,6
32322,2021,12,17,5,14,3,2,4,415,99,1,28,4,4,6,97,6
32323,2021,12,17,5,16,3,2,4,415,99,1,54,9,9,11,104,6
32324,2021,12,17,5,16,3,2,4,416,99,1,999,12,16,18,104,6
32325,2021,12,17,5,19,4,3,4,401,99,2,40,7,7,9,97,6
32326,2021,12,18,6,0,1,1,4,401,99,1,30,5,5,7,94,6
32327,2021,12,18,6,14,3,2,4,401,99,1,37,6,6,8,104,6
32328,2021,12,19,7,22,4,3,4,402,99,2,46,8,8,10,104,6
32329,2021,12,21,2,13,3,2,4,415,99,2,30,5,5,7,97,6
32330,2021,12,22,3,16,3,2,4,401,99,2,38,6,6,8,104,6
32331,2021,12,22,3,23,4,3,4,404,99,1,32,5,5,7,104,6
32332,2021,12,23,4,17,3,2,4,401,99,2,38,6,6,8,97,6
32333,2021,12,24,5,9,2,1,4,401,99,2,25,4,4,6,97,6
32334,2021,12,24,5,17,3,2,4,409,99,1,34,5,5,7,104,6
32335,2021,12,27,1,16,3,2,4,415,99,1,30,5,5,7,97,6
32336,2021,12,28,2,18,4,3,4,401,99,1,41,7,7,9,97,6
32337,2021,12,28,2,22,4,3,4,411,99,2,20,3,3,5,104,6
32338,2021,12,29,3,16,3,2,4,401,99,2,24,3,3,5,104,6
32339,2021,12,29,3,18,4,3,4,401,99,2,49,8,8,10,97,6
32340,2021,12,30,4,17,3,2,4,414,99,2,28,4,4,6,97,6
32341,2021,12,1,3,8,2,1,22,2217,99,1,30,5,5,7,104,6
32342,2021,12,2,4,10,2,1,22,2203,99,2,23,3,3,5,104,6
32343,2021,12,5,7,9,2,1,22,2201,99,1,21,3,3,5,104,6
32344,2021,12,6,1,11,2,1,22,2212,99,2,22,3,3,5,104,6
32345,2021,12,6,1,12,3,2,22,2211,99,1,39,6,6,8,97,6
32346,2021,12,6,1,12,3,2,22,2211,99,2,27,4,4,6,104,6
32347,2021,12,6,1,19,4,3,22,2212,99,1,33,5,5,7,104,6
32348,2021,12,7,2,8,2,1,22,2202,99,2,34,5,5,7,97,6
32349,2021,12,7,2,13,3,2,22,2207,99,2,24,3,3,5,104,6
32350,2021,12,8,3,9,2,1,22,2201,99,1,33,5,5,7,104,6
32351,2021,12,8,3,10,2,1,22,2205,99,2,32,5,5,7,104,6
32352,2021,12,9,4,12,3,2,22,2203,99,1,22,3,3,5,104,6
32353,2021,12,9,4,12,3,2,22,2203,99,1,27,4,4,6,104,6
32354,2021,12,9,4,15,3,2,22,2201,99,1,53,9,9,11,104,6
32355,2021,12,10,5,14,3,2,22,2201,99,1,35,6,6,8,97,6
32356,2021,12,11,6,11,2,1,22,2202,99,1,60,11,11,13,104,6
32357,2021,12,12,7,10,2,1,22,2201,99,1,27,4,4,6,104,6
32358,2021,12,12,7,12,3,2,22,2214,99,1,31,5,5,7,97,6
32359,2021,12,13,1,16,3,2,22,2214,99,2,30,5,5,7,97,6
32360,2021,12,14,2,18,4,3,22,2201,99,2,999,12,16,18,104,6
32361,2021,12,16,4,13,3,2,22,2217,99,2,27,4,4,6,104,6
32362,2021,12,17,5,9,2,1,22,2215,99,2,47,8,8,10,104,6
32363,2021,12,20,1,16,3,2,22,2201,99,9,999,12,16,18,97,6
32364,2021,12,23,4,15,3,2,22,2202,99,2,24,3,3,5,104,6
32365,2021,12,28,2,15,3,2,22,2215,99,2,19,2,2,4,97,6
32366,2021,12,28,2,17,3,2,22,2212,99,1,24,3,3,5,104,6
32367,2021,12,29,3,9,2,1,22,2216,99,1,38,6,6,8,104,6
32368,2021,12,31,5,13,3,2,22,2201,99,2,31,5,5,7,104,6
32369,2021,12,1,3,13,3,2,5,501,99,2,24,3,3,5,104,6
32370,2021,12,2,4,12,3,2,5,501,99,1,53,9,9,11,104,6
32371,2021,12,3,5,10,2,1,5,511,99,1,34,5,5,7,95,6
32372,2021,12,3,5,17,3,2,5,511,99,2,51,9,9,11,104,6
32373,2021,12,4,6,16,3,2,5,511,99,2,39,6,6,8,104,6
32374,2021,12,5,7,14,3,2,5,506,99,1,25,4,4,6,97,6
32375,2021,12,5,7,17,3,2,5,511,99,1,45,8,8,10,104,6
32376,2021,12,6,1,11,2,1,5,506,99,2,33,5,5,7,104,6
32377,2021,12,6,1,19,4,3,5,501,99,2,27,4,4,6,104,6
32378,2021,12,7,2,19,4,3,5,511,99,2,21,3,3,5,104,6
32379,2021,12,7,2,19,4,3,5,511,99,1,39,6,6,8,104,6
32380,2021,12,8,3,11,2,1,5,506,99,1,41,7,7,9,104,6
32381,2021,12,8,3,18,4,3,5,506,99,2,30,5,5,7,104,6
32382,2021,12,9,4,11,2,1,5,505,99,1,26,4,4,6,104,6
32383,2021,12,9,4,17,3,2,5,508,99,1,27,4,4,6,104,6
32384,2021,12,10,5,11,2,1,5,514,99,2,33,5,5,7,104,6
32385,2021,12,10,5,11,2,1,5,506,99,1,33,5,5,7,104,6
32386,2021,12,11,6,10,2,1,5,501,99,1,39,6,6,8,97,6
32387,2021,12,11,6,11,2,1,5,505,99,1,27,4,4,6,104,6
32388,2021,12,11,6,17,3,2,5,511,99,2,40,7,7,9,104,6
32389,2021,12,11,6,21,4,3,5,509,99,2,45,8,8,10,104,6
32390,2021,12,12,7,13,3,2,5,501,99,1,32,5,5,7,97,6
32391,2021,12,12,7,14,3,2,5,506,99,1,37,6,6,8,104,6
32392,2021,12,12,7,16,3,2,5,501,99,1,31,5,5,7,104,6
32393,2021,12,13,1,14,3,2,5,506,99,2,27,4,4,6,104,6
32394,2021,12,13,1,15,3,2,5,509,99,1,54,9,9,11,104,6
32395,2021,12,13,1,17,3,2,5,501,99,1,21,3,3,5,104,6
32396,2021,12,13,1,19,4,3,5,506,99,1,43,7,7,9,104,6
32397,2021,12,14,2,9,2,1,5,503,99,2,42,7,7,9,104,6
32398,2021,12,14,2,11,2,1,5,504,99,2,54,9,9,11,104,6
32399,2021,12,14,2,11,2,1,5,501,99,2,35,6,6,8,104,6
32400,2021,12,14,2,15,3,2,5,501,99,1,28,4,4,6,104,6
32401,2021,12,14,2,21,4,3,5,501,99,1,63,11,11,13,104,6
32402,2021,12,15,3,7,2,1,5,510,99,1,999,12,16,18,104,6
32403,2021,12,15,3,15,3,2,5,511,99,1,41,7,7,9,104,6
32404,2021,12,15,3,20,4,3,5,511,99,1,47,8,8,10,104,6
32405,2021,12,16,4,9,2,1,5,509,99,1,38,6,6,8,104,6
32406,2021,12,16,4,12,3,2,5,502,99,1,40,7,7,9,97,6
32407,2021,12,16,4,17,3,2,5,501,99,1,32,5,5,7,97,6
32408,2021,12,16,4,20,4,3,5,505,99,1,44,7,7,9,104,6
32409,2021,12,16,4,20,4,3,5,505,99,1,21,3,3,5,104,6
32410,2021,12,17,5,12,3,2,5,501,99,2,28,4,4,6,104,6
32411,2021,12,17,5,15,3,2,5,502,99,1,26,4,4,6,104,6
32412,2021,12,17,5,17,3,2,5,502,99,1,37,6,6,8,104,6
32413,2021,12,18,6,22,4,3,5,509,99,2,31,5,5,7,104,6
32414,2021,12,21,2,12,3,2,5,502,99,2,19,2,2,4,104,6
32415,2021,12,21,2,16,3,2,5,501,99,1,58,10,10,12,97,6
32416,2021,12,23,4,17,3,2,5,501,99,1,24,3,3,5,104,6
32417,2021,12,23,4,8,2,1,5,511,99,2,30,5,5,7,104,6
32418,2021,12,23,4,8,2,1,5,507,99,1,40,7,7,9,104,6
32419,2021,12,23,4,8,2,1,5,511,99,1,49,8,8,10,97,6
32420,2021,12,27,1,10,2,1,5,505,99,2,22,3,3,5,104,6
32421,2021,12,27,1,16,3,2,5,502,99,1,31,5,5,7,97,6
32422,2021,12,28,2,12,3,2,5,501,99,2,58,10,10,12,97,6
32423,2021,12,29,3,10,2,1,5,502,99,1,31,5,5,7,104,6
32424,2021,12,29,3,14,3,2,5,502,99,1,31,5,5,7,104,6
32425,2021,12,29,3,16,3,2,5,502,99,2,39,6,6,8,104,6
32426,2021,12,30,4,16,3,2,5,511,99,1,40,7,7,9,97,6
32427,2021,12,1,3,10,2,1,18,1801,99,2,28,4,4,6,104,6
32428,2021,12,4,6,21,4,3,18,1801,99,2,25,4,4,6,97,6
32429,2021,12,7,2,16,3,2,18,1804,99,1,33,5,5,7,104,6
32430,2021,12,9,4,12,3,2,18,1803,99,2,26,4,4,6,104,6
32431,2021,12,10,5,17,3,2,18,1801,99,2,41,7,7,9,104,6
32432,2021,12,12,7,17,3,2,18,1803,99,2,27,4,4,6,104,6
32433,2021,12,12,7,19,4,3,18,1803,99,2,21,3,3,5,104,6
32434,2021,12,12,7,11,2,1,18,1801,99,2,29,4,4,6,104,6
32435,2021,12,17,5,15,3,2,18,1801,99,2,19,2,2,4,104,6
32436,2021,12,21,2,15,3,2,18,1801,99,2,999,12,16,18,104,6
32437,2021,12,27,1,10,2,1,18,1801,99,2,28,4,4,6,104,6
32438,2021,12,30,4,16,3,2,18,1804,99,1,47,8,8,10,104,6
32439,2021,12,1,3,11,2,1,6,603,99,1,50,9,9,11,104,6
32440,2021,12,2,4,13,3,2,6,601,99,1,22,3,3,5,104,6
32441,2021,12,3,5,10,2,1,6,604,99,1,66,11,12,14,104,6
32442,2021,12,3,5,10,2,1,6,604,99,2,20,3,3,5,104,6
32443,2021,12,5,7,12,3,2,6,601,99,2,29,4,4,6,104,6
32444,2021,12,6,1,13,3,2,6,614,99,1,26,4,4,6,104,6
32445,2021,12,7,2,16,3,2,6,606,99,1,52,9,9,11,104,6
32446,2021,12,7,2,16,3,2,6,602,99,1,41,7,7,9,104,6
32447,2021,12,7,2,19,4,3,6,608,99,1,32,5,5,7,104,6
32448,2021,12,9,4,15,3,2,6,602,99,2,42,7,7,9,97,6
32449,2021,12,10,5,13,3,2,6,601,99,2,39,6,6,8,104,6
32450,2021,12,11,6,13,3,2,6,602,99,1,24,3,3,5,104,6
32451,2021,12,11,6,14,3,2,6,611,99,1,31,5,5,7,97,6
32452,2021,12,12,7,12,3,2,6,611,99,1,50,9,9,11,104,6
32453,2021,12,14,2,18,4,3,6,613,99,1,31,5,5,7,104,6
32454,2021,12,16,4,14,3,2,6,602,99,2,36,6,6,8,104,6
32455,2021,12,17,5,14,3,2,6,610,99,1,29,4,4,6,104,6
32456,2021,12,20,1,12,3,2,6,608,99,2,46,8,8,10,104,6
32457,2021,12,20,1,18,4,3,6,603,99,1,41,7,7,9,97,6
32458,2021,12,21,2,16,3,2,6,612,99,1,35,6,6,8,104,6
32459,2021,12,22,3,15,3,2,6,609,99,1,59,10,10,12,104,6
32460,2021,12,22,3,23,4,3,6,608,99,1,34,5,5,7,97,6
32461,2021,12,27,1,12,3,2,6,602,99,2,58,10,10,12,97,6
32462,2021,12,28,2,13,3,2,6,603,99,2,34,5,5,7,104,6
32463,2021,12,28,2,14,3,2,6,602,99,2,30,5,5,7,104,6
32464,2021,12,28,2,16,3,2,6,601,99,2,38,6,6,8,104,6
32465,2021,12,28,2,16,3,2,6,602,99,1,29,4,4,6,97,6
32466,2021,12,28,2,18,4,3,6,602,99,2,39,6,6,8,104,6
32467,2021,12,29,3,1,1,1,6,602,99,1,999,12,16,18,97,6
32468,2021,12,30,4,11,2,1,6,608,99,1,46,8,8,10,104,6
32469,2021,12,30,4,14,3,2,6,612,99,2,22,3,3,5,97,6
32470,2021,12,1,3,16,3,2,1,114,99,1,40,7,7,9,97,6
32471,2021,12,1,3,19,4,3,1,117,99,1,46,8,8,10,95,6
32472,2021,12,1,3,15,3,2,1,117,99,1,22,3,3,5,97,6
32473,2021,12,1,3,22,4,3,1,115,99,1,38,6,6,8,104,6
32474,2021,12,2,4,10,2,1,1,117,99,2,38,6,6,8,104,6
32475,2021,12,2,4,11,2,1,1,115,99,1,22,3,3,5,104,6
32476,2021,12,2,4,12,3,2,1,117,99,2,50,9,9,11,104,6
32477,2021,12,2,4,16,3,2,1,115,99,1,34,5,5,7,97,6
32478,2021,12,2,4,19,4,3,1,116,99,1,32,5,5,7,95,6
32479,2021,12,2,4,21,4,3,1,115,99,1,26,4,4,6,104,6
32480,2021,12,2,4,23,4,3,1,115,99,2,23,3,3,5,104,6
32481,2021,12,3,5,10,2,1,1,115,99,1,23,3,3,5,104,6
32482,2021,12,3,5,10,2,1,1,115,99,2,34,5,5,7,104,6
32483,2021,12,3,5,14,3,2,1,115,99,1,63,11,11,13,97,6
32484,2021,12,4,6,22,4,3,1,101,99,1,44,7,7,9,97,6
32485,2021,12,5,7,20,4,3,1,117,99,2,36,6,6,8,97,6
32486,2021,12,6,1,12,3,2,1,116,99,1,43,7,7,9,104,6
32487,2021,12,6,1,12,3,2,1,117,99,1,27,4,4,6,104,6
32488,2021,12,6,1,16,3,2,1,115,99,2,36,6,6,8,97,6
32489,2021,12,6,1,17,3,2,1,117,99,1,34,5,5,7,97,6
32490,2021,12,6,1,12,3,2,1,115,99,1,43,7,7,9,97,6
32491,2021,12,6,1,12,3,2,1,117,99,1,20,3,3,5,104,6
32492,2021,12,6,1,20,4,3,1,117,99,1,41,7,7,9,104,6
32493,2021,12,7,2,12,3,2,1,117,99,1,50,9,9,11,104,6
32494,2021,12,7,2,18,4,3,1,115,99,1,32,5,5,7,104,6
32495,2021,12,7,2,20,4,3,1,114,99,1,54,9,9,11,97,6
32496,2021,12,7,2,21,4,3,1,115,99,1,53,9,9,11,104,6
32497,2021,12,8,3,13,3,2,1,117,99,1,53,9,9,11,104,6
32498,2021,12,9,4,12,3,2,1,117,99,1,57,10,10,12,97,6
32499,2021,12,10,5,17,3,2,1,114,99,2,61,11,11,13,104,6
32500,2021,12,10,5,12,3,2,1,115,99,1,45,8,8,10,97,6
32501,2021,12,10,5,12,3,2,1,115,99,2,48,8,8,10,104,6
32502,2021,12,10,5,13,3,2,1,115,99,1,49,8,8,10,97,6
32503,2021,12,11,6,12,3,2,1,116,99,1,44,7,7,9,97,6
32504,2021,12,11,6,20,4,3,1,114,99,1,30,5,5,7,95,6
32505,2021,12,13,1,8,2,1,1,117,99,1,33,5,5,7,97,6
32506,2021,12,14,2,19,4,3,1,115,99,1,30,5,5,7,104,6
32507,2021,12,14,2,22,4,3,1,115,99,2,45,8,8,10,104,6
32508,2021,12,14,2,17,3,2,1,115,99,1,47,8,8,10,97,6
32509,2021,12,14,2,8,2,1,1,115,99,2,22,3,3,5,104,6
32510,2021,12,14,2,9,2,1,1,115,99,1,18,2,2,4,104,6
32511,2021,12,14,2,10,2,1,1,115,99,1,31,5,5,7,104,6
32512,2021,12,15,3,15,3,2,1,115,99,1,23,3,3,5,104,6
32513,2021,12,15,3,12,3,2,1,117,99,1,50,9,9,11,97,6
32514,2021,12,15,3,13,3,2,1,115,99,1,19,2,2,4,97,6
32515,2021,12,15,3,14,3,2,1,117,99,2,34,5,5,7,97,6
32516,2021,12,15,3,14,3,2,1,116,99,1,47,8,8,10,104,6
32517,2021,12,15,3,14,3,2,1,116,99,1,31,5,5,7,97,6
32518,2021,12,16,4,17,3,2,1,115,99,2,35,6,6,8,104,6
32519,2021,12,17,5,9,2,1,1,115,99,1,26,4,4,6,104,6
32520,2021,12,17,5,21,4,3,1,114,99,2,34,5,5,7,104,6
32521,2021,12,17,5,10,2,1,1,114,99,1,50,9,9,11,104,6
32522,2021,12,17,5,15,3,2,1,115,99,1,29,4,4,6,97,6
32523,2021,12,17,5,15,3,2,1,115,99,1,26,4,4,6,104,6
32524,2021,12,17,5,16,3,2,1,115,99,1,36,6,6,8,104,6
32525,2021,12,17,5,9,2,1,1,116,99,1,66,11,12,14,97,6
32526,2021,12,18,6,13,3,2,1,115,99,2,36,6,6,8,97,6
32527,2021,12,18,6,20,4,3,1,117,99,1,22,3,3,5,104,6
32528,2021,12,18,6,9,2,1,1,117,99,2,31,5,5,7,97,6
32529,2021,12,18,6,12,3,2,1,115,99,2,49,8,8,10,104,6
32530,2021,12,18,6,7,2,1,1,117,99,2,44,7,7,9,97,6
32531,2021,12,19,7,18,4,3,1,117,99,1,25,4,4,6,104,6
32532,2021,12,19,7,19,4,3,1,115,99,2,24,3,3,5,97,6
32533,2021,12,20,1,13,3,2,1,116,99,1,48,8,8,10,104,6
32534,2021,12,20,1,16,3,2,1,117,99,1,50,9,9,11,104,6
32535,2021,12,20,1,0,1,1,1,115,99,2,42,7,7,9,104,6
32536,2021,12,20,1,16,3,2,1,115,99,2,51,9,9,11,97,6
32537,2021,12,21,2,0,1,1,1,116,99,1,41,7,7,9,104,6
32538,2021,12,21,2,8,2,1,1,115,99,1,44,7,7,9,97,6
32539,2021,12,21,2,8,2,1,1,114,99,1,48,8,8,10,97,6
32540,2021,12,21,2,11,2,1,1,115,99,2,49,8,8,10,104,6
32541,2021,12,21,2,14,3,2,1,115,99,1,57,10,10,12,104,6
32542,2021,12,21,2,17,3,2,1,116,99,1,40,7,7,9,104,6
32543,2021,12,21,2,12,3,2,1,115,99,1,42,7,7,9,104,6
32544,2021,12,21,2,12,3,2,1,115,99,9,999,12,16,18,104,6
32545,2021,12,21,2,23,4,3,1,115,99,1,25,4,4,6,97,6
32546,2021,12,22,3,10,2,1,1,117,99,2,27,4,4,6,104,6
32547,2021,12,22,3,14,3,2,1,114,99,2,47,8,8,10,104,6
32548,2021,12,22,3,14,3,2,1,117,99,1,39,6,6,8,97,6
32549,2021,12,22,3,15,3,2,1,117,99,2,68,11,12,14,104,6
32550,2021,12,22,3,20,4,3,1,115,99,1,46,8,8,10,97,6
32551,2021,12,23,4,1,1,1,1,115,99,2,44,7,7,9,97,6
32552,2021,12,26,7,12,3,2,1,115,99,1,50,9,9,11,97,6
32553,2021,12,26,7,18,4,3,1,114,99,1,23,3,3,5,97,6
32554,2021,12,27,1,16,3,2,1,116,99,1,39,6,6,8,104,6
32555,2021,12,27,1,13,3,2,1,117,99,1,19,2,2,4,97,6
32556,2021,12,27,1,16,3,2,1,117,99,1,39,6,6,8,97,6
32557,2021,12,28,2,12,3,2,1,116,99,2,65,11,12,14,97,6
32558,2021,12,28,2,15,3,2,1,116,99,2,49,8,8,10,104,6
32559,2021,12,28,2,16,3,2,1,115,99,1,47,8,8,10,104,6
32560,2021,12,28,2,18,4,3,1,115,99,2,33,5,5,7,97,6
32561,2021,12,29,3,12,3,2,1,115,99,2,52,9,9,11,97,6
32562,2021,12,29,3,14,3,2,1,114,99,1,39,6,6,8,97,6
32563,2021,12,29,3,9,2,1,1,114,99,1,28,4,4,6,104,6
32564,2021,12,29,3,20,4,3,1,115,99,1,43,7,7,9,104,6
32565,2021,12,30,4,16,3,2,1,115,99,1,78,11,14,16,97,6
32566,2021,12,30,4,18,4,3,1,116,99,1,53,9,9,11,97,6
32567,2021,12,30,4,21,4,3,1,115,99,1,48,8,8,10,104,6
32568,2021,12,31,5,15,3,2,1,117,99,2,65,11,12,14,104,6
32569,2021,12,31,5,17,3,2,1,116,99,2,999,12,16,18,97,6
32570,2021,12,1,3,11,2,1,1,108,99,2,32,5,5,7,104,6
32571,2021,12,2,4,16,3,2,1,108,99,2,45,8,8,10,95,6
32572,2021,12,2,4,20,4,3,1,106,99,1,37,6,6,8,97,6
32573,2021,12,3,5,9,2,1,1,108,99,2,26,4,4,6,104,6
32574,2021,12,3,5,14,3,2,1,108,99,1,27,4,4,6,104,6
32575,2021,12,3,5,17,3,2,1,108,99,1,42,7,7,9,97,6
32576,2021,12,5,7,18,4,3,1,113,99,1,54,9,9,11,97,6
32577,2021,12,6,1,14,3,2,1,110,99,1,39,6,6,8,104,6
32578,2021,12,6,1,14,3,2,1,110,99,2,39,6,6,8,104,6
32579,2021,12,6,1,22,4,3,1,108,99,2,54,9,9,11,104,6
32580,2021,12,7,2,10,2,1,1,108,99,1,30,5,5,7,104,6
32581,2021,12,7,2,11,2,1,1,110,99,1,29,4,4,6,104,6
32582,2021,12,8,3,12,3,2,1,108,99,1,29,4,4,6,95,6
32583,2021,12,8,3,13,3,2,1,110,99,2,42,7,7,9,97,6
32584,2021,12,8,3,17,3,2,1,106,99,1,52,9,9,11,97,6
32585,2021,12,8,3,17,3,2,1,106,99,2,37,6,6,8,104,6
32586,2021,12,9,4,19,4,3,1,108,99,2,50,9,9,11,97,6
32587,2021,12,10,5,15,3,2,1,110,99,2,49,8,8,10,104,6
32588,2021,12,12,7,9,2,1,1,110,99,2,32,5,5,7,97,6
32589,2021,12,12,7,20,4,3,1,108,99,2,24,3,3,5,95,6
32590,2021,12,13,1,14,3,2,1,108,99,1,20,3,3,5,97,6
32591,2021,12,13,1,14,3,2,1,108,99,1,25,4,4,6,104,6
32592,2021,12,13,1,18,4,3,1,101,99,2,32,5,5,7,104,6
32593,2021,12,14,2,13,3,2,1,108,99,1,27,4,4,6,97,6
32594,2021,12,14,2,16,3,2,1,108,99,2,30,5,5,7,97,6
32595,2021,12,14,2,16,3,2,1,110,99,2,25,4,4,6,97,6
32596,2021,12,16,4,18,4,3,1,108,99,2,33,5,5,7,97,6
32597,2021,12,17,5,13,3,2,1,110,99,1,34,5,5,7,97,6
32598,2021,12,17,5,15,3,2,1,108,99,2,35,6,6,8,104,6
32599,2021,12,17,5,15,3,2,1,108,99,1,32,5,5,7,97,6
32600,2021,12,17,5,17,3,2,1,110,99,1,25,4,4,6,97,6
32601,2021,12,18,6,9,2,1,1,110,99,2,40,7,7,9,104,6
32602,2021,12,20,1,18,4,3,1,108,99,1,999,12,16,18,97,6
32603,2021,12,20,1,12,3,2,1,108,99,1,20,3,3,5,97,6
32604,2021,12,22,3,17,3,2,1,108,99,1,29,4,4,6,104,6
32605,2021,12,23,4,8,2,1,1,108,99,1,31,5,5,7,95,6
32606,2021,12,23,4,10,2,1,1,108,99,1,38,6,6,8,104,6
32607,2021,12,25,6,15,3,2,1,108,99,2,51,9,9,11,97,6
32608,2021,12,27,1,16,3,2,1,111,99,1,35,6,6,8,97,6
32609,2021,12,28,2,16,3,2,1,108,99,1,52,9,9,11,97,6
32610,2021,12,30,4,11,2,1,1,108,99,2,33,5,5,7,97,6
32611,2021,12,30,4,12,3,2,1,108,99,1,38,6,6,8,104,6
32612,2021,12,30,4,16,3,2,1,110,99,2,36,6,6,8,104,6
32613,2021,12,30,4,16,3,2,1,110,99,1,46,8,8,10,97,6
32614,2021,12,30,4,16,3,2,1,117,99,1,62,11,11,13,104,6
32615,2021,12,31,5,9,2,1,1,110,99,1,54,9,9,11,97,6
32616,2021,12,1,3,12,3,2,12,1216,99,1,32,5,5,7,97,6
32617,2021,12,1,3,14,3,2,9,920,99,2,28,4,4,6,97,6
32618,2021,12,2,4,10,2,1,12,1220,99,1,25,4,4,6,95,6
32619,2021,12,3,5,11,2,1,9,920,99,2,36,6,6,8,97,6
32620,2021,12,3,5,16,3,2,9,917,99,2,28,4,4,6,97,6
32621,2021,12,3,5,18,4,3,9,917,99,1,38,6,6,8,97,6
32622,2021,12,6,1,12,3,2,9,920,99,1,34,5,5,7,97,6
32623,2021,12,9,4,14,3,2,9,920,99,1,24,3,3,5,97,6
32624,2021,12,14,2,16,3,2,9,920,99,1,22,3,3,5,95,6
32625,2021,12,16,4,17,3,2,9,922,99,1,34,5,5,7,104,6
32626,2021,12,18,6,8,2,1,9,920,99,1,54,9,9,11,97,6
32627,2021,12,18,6,14,3,2,9,920,99,2,34,5,5,7,104,6
32628,2021,12,21,2,9,2,1,12,1221,99,1,42,7,7,9,97,6
32629,2021,12,21,2,12,3,2,12,1220,99,1,71,11,13,15,104,6
32630,2021,12,21,2,12,3,2,9,920,99,2,36,6,6,8,97,6
32631,2021,12,22,3,9,2,1,9,920,99,1,42,7,7,9,97,6
32632,2021,12,23,4,17,3,2,9,920,99,1,27,4,4,6,104,6
32633,2021,12,25,6,17,3,2,9,917,99,1,48,8,8,10,97,6
32634,2021,12,1,3,11,2,1,3,301,99,1,42,7,7,9,104,6
32635,2021,12,1,3,18,4,3,3,301,99,1,48,8,8,10,104,6
32636,2021,12,2,4,9,2,1,3,306,99,2,44,7,7,9,97,6
32637,2021,12,3,5,13,3,2,1,110,99,1,43,7,7,9,104,6
32638,2021,12,3,5,13,3,2,3,304,99,1,39,6,6,8,104,6
32639,2021,12,4,6,13,3,2,3,301,99,1,19,2,2,4,104,6
32640,2021,12,4,6,20,4,3,3,306,99,1,21,3,3,5,97,6
32641,2021,12,6,1,14,3,2,3,306,99,1,27,4,4,6,104,6
32642,2021,12,6,1,13,3,2,3,301,99,1,49,8,8,10,104,6
32643,2021,12,6,1,15,3,2,3,301,99,1,28,4,4,6,104,6
32644,2021,12,6,1,16,3,2,3,313,99,2,60,11,11,13,104,6
32645,2021,12,7,2,15,3,2,3,302,99,1,23,3,3,5,104,6
32646,2021,12,7,2,18,4,3,3,311,99,1,55,10,10,12,104,6
32647,2021,12,8,3,9,2,1,3,312,99,1,42,7,7,9,104,6
32648,2021,12,8,3,9,2,1,3,312,99,1,35,6,6,8,104,6
32649,2021,12,8,3,16,3,2,3,311,99,1,55,10,10,12,104,6
32650,2021,12,10,5,13,3,2,3,306,99,2,23,3,3,5,97,6
32651,2021,12,11,6,8,2,1,3,310,99,2,32,5,5,7,104,6
32652,2021,12,13,1,13,3,2,7,711,99,1,31,5,5,7,97,6
32653,2021,12,14,2,14,3,2,3,301,99,1,25,4,4,6,97,6
32654,2021,12,15,3,0,1,1,3,310,99,1,19,2,2,4,97,6
32655,2021,12,15,3,12,3,2,3,302,99,1,39,6,6,8,97,6
32656,2021,12,15,3,11,2,1,3,301,99,1,31,5,5,7,97,6
32657,2021,12,16,4,19,4,3,3,301,99,1,23,3,3,5,97,6
32658,2021,12,17,5,13,3,2,3,301,99,1,47,8,8,10,97,6
32659,2021,12,17,5,22,4,3,3,312,99,1,61,11,11,13,104,6
32660,2021,12,18,6,21,4,3,3,999,99,1,33,5,5,7,94,6
32661,2021,12,19,7,12,3,2,3,312,99,1,30,5,5,7,97,6
32662,2021,12,19,7,19,4,3,3,311,99,2,32,5,5,7,104,6
32663,2021,12,20,1,9,2,1,3,999,99,1,49,8,8,10,104,6
32664,2021,12,20,1,18,4,3,3,308,99,2,35,6,6,8,97,6
32665,2021,12,20,1,21,4,3,3,306,99,1,28,4,4,6,97,6
32666,2021,12,21,2,19,4,3,3,308,99,1,27,4,4,6,104,6
32667,2021,12,21,2,19,4,3,3,308,99,2,33,5,5,7,97,6
32668,2021,12,22,3,11,2,1,3,307,99,2,29,4,4,6,97,6
32669,2021,12,22,3,15,3,2,3,301,99,1,22,3,3,5,97,6
32670,2021,12,23,4,17,3,2,3,305,99,1,32,5,5,7,104,6
32671,2021,12,28,2,15,3,2,3,311,99,2,48,8,8,10,104,6
32672,2021,12,28,2,20,4,3,3,301,99,1,46,8,8,10,97,6
32673,2021,12,29,3,16,3,2,3,301,99,1,66,11,12,14,104,6
32674,2021,12,30,4,12,3,2,3,302,99,1,26,4,4,6,97,6
32675,2021,12,30,4,12,3,2,3,306,99,1,30,5,5,7,97,6
32676,2021,12,30,4,17,3,2,3,305,99,2,30,5,5,7,104,6
32677,2021,12,2,4,14,3,2,1,114,99,2,36,6,6,8,104,6
32678,2021,12,2,4,13,3,2,1,117,99,1,22,3,3,5,97,6
32679,2021,12,3,5,10,2,1,1,116,99,1,45,8,8,10,97,6
32680,2021,12,3,5,13,3,2,1,114,99,2,50,9,9,11,97,6
32681,2021,12,3,5,23,4,3,1,114,99,1,25,4,4,6,104,6
32682,2021,12,6,1,18,4,3,1,117,99,1,50,9,9,11,104,6
32683,2021,12,3,5,11,2,1,7,718,99,1,56,10,10,12,104,6
32684,2021,12,1,3,10,2,1,12,1202,99,1,32,5,5,7,104,6
32685,2021,12,1,3,9,2,1,12,1210,99,1,33,5,5,7,104,6
32686,2021,12,2,4,11,2,1,12,1202,99,1,37,6,6,8,104,6
32687,2021,12,6,1,10,2,1,12,1215,99,1,46,8,8,10,104,6
32688,2021,12,3,5,17,3,2,14,1415,99,2,62,11,11,13,74,6
32689,2021,12,6,1,13,3,2,13,1301,99,1,26,4,4,6,74,6
32690,2021,12,3,5,14,3,2,2,203,99,1,20,3,3,5,105,6
32691,2021,12,3,5,14,3,2,2,207,99,1,54,9,9,11,105,6
32692,2021,12,1,3,10,2,1,20,2001,99,2,47,8,8,10,105,6
32693,2021,12,1,3,10,2,1,20,2001,99,2,27,4,4,6,105,6
32694,2021,12,1,3,10,2,1,20,2001,99,1,24,3,3,5,105,6
32695,2021,12,3,5,12,3,2,20,2001,99,1,35,6,6,8,105,6
32696,2021,12,6,1,14,3,2,20,2008,99,2,35,6,6,8,105,6
32697,2021,12,9,4,10,2,1,13,1301,99,1,28,4,4,6,74,6
32698,2021,12,12,7,10,2,1,13,1320,99,1,18,2,2,4,74,6
32699,2021,12,13,1,10,2,1,13,1302,99,1,37,6,6,8,74,6
32700,2021,12,13,1,17,3,2,13,1303,99,1,25,4,4,6,74,6
32701,2021,12,10,5,13,3,2,2,203,99,2,36,6,6,8,105,6
32702,2021,12,10,5,14,3,2,12,1214,99,2,31,5,5,7,104,6
32703,2021,12,10,5,14,3,2,12,1205,99,1,34,5,5,7,104,6
32704,2021,12,8,3,13,3,2,7,701,99,1,27,4,4,6,104,6
32705,2021,12,9,4,12,3,2,7,717,99,1,45,8,8,10,104,6
32706,2021,12,11,6,11,2,1,8,806,99,1,26,4,4,6,104,6
32707,2021,12,7,2,12,3,2,1,114,99,1,63,11,11,13,104,6
32708,2021,12,8,3,4,1,1,1,116,99,1,24,3,3,5,104,6
32709,2021,12,9,4,15,3,2,1,116,99,1,39,6,6,8,97,6
32710,2021,12,9,4,10,2,1,1,116,99,1,41,7,7,9,104,6
32711,2021,12,9,4,4,1,1,1,116,99,1,30,5,5,7,104,6
32712,2021,12,9,4,15,3,2,1,115,99,1,25,4,4,6,104,6
32713,2021,12,10,5,9,2,1,1,114,99,1,30,5,5,7,104,6
32714,2021,12,10,5,12,3,2,1,114,99,2,41,7,7,9,104,6
32715,2021,12,15,3,10,2,1,2,207,99,2,64,11,11,13,105,6
32716,2021,12,20,1,16,3,2,2,208,99,2,42,7,7,9,105,6
32717,2021,12,15,3,17,3,2,13,1301,99,2,44,7,7,9,97,6
32718,2021,12,17,5,23,4,3,13,1301,99,1,29,4,4,6,74,6
32719,2021,12,9,4,16,3,2,14,1401,99,1,31,5,5,7,74,6
32720,2021,12,14,2,13,3,2,12,1215,99,2,25,4,4,6,104,6
32721,2021,12,14,2,12,3,2,12,1202,99,1,62,11,11,13,104,6
32722,2021,12,14,2,12,3,2,12,1215,99,2,999,12,16,18,104,6
32723,2021,12,14,2,17,3,2,12,1215,99,2,999,12,16,18,104,6
32724,2021,12,16,4,13,3,2,12,1202,99,1,52,9,9,11,104,6
32725,2021,12,18,6,17,3,2,12,1213,99,1,48,8,8,10,104,6
32726,2021,12,14,2,20,4,3,1,116,99,1,43,7,7,9,104,6
32727,2021,12,14,2,13,3,2,1,116,99,2,54,9,9,11,104,6
32728,2021,12,14,2,8,2,1,1,116,99,1,30,5,5,7,104,6
32729,2021,12,14,2,11,2,1,1,116,99,2,36,6,6,8,104,6
32730,2021,12,14,2,13,3,2,1,116,99,2,33,5,5,7,104,6
32731,2021,12,14,2,12,3,2,1,115,99,1,29,4,4,6,97,6
32732,2021,12,17,5,13,3,2,1,114,99,2,999,12,16,18,97,6
32733,2021,12,17,5,13,3,2,1,114,99,2,28,4,4,6,104,6
32734,2021,12,17,5,15,3,2,1,114,99,2,44,7,7,9,104,6
32735,2021,12,17,5,15,3,2,1,114,99,2,999,12,16,18,104,6
32736,2021,12,17,5,15,3,2,1,114,99,9,999,12,16,18,104,6
32737,2021,12,17,5,17,3,2,1,114,99,2,34,5,5,7,104,6
32738,2021,12,17,5,17,3,2,1,114,99,2,11,1,1,3,97,6
32739,2021,12,18,6,11,2,1,1,116,99,1,25,4,4,6,104,6
32740,2021,12,18,6,11,2,1,1,116,99,1,21,3,3,5,104,6
32741,2021,12,19,7,3,1,1,1,114,99,1,29,4,4,6,97,6
32742,2021,12,19,7,18,4,3,1,114,99,1,37,6,6,8,104,6
32743,2021,12,20,1,18,4,3,1,114,99,1,49,8,8,10,104,6
32744,2021,12,19,7,10,2,1,13,1301,99,1,32,5,5,7,74,6
32745,2021,12,27,1,17,3,2,13,1301,99,1,999,12,16,18,95,6
32746,2021,12,27,1,16,3,2,13,1312,99,1,999,12,16,18,95,6
32747,2021,12,27,1,20,4,3,13,1301,99,1,22,3,3,5,97,6
32748,2021,12,20,1,12,3,2,14,1406,99,1,20,3,3,5,74,6
32749,2021,12,22,3,7,2,1,14,1408,99,1,28,4,4,6,74,6
32750,2021,12,23,4,8,2,1,7,713,99,1,20,3,3,5,104,6
32751,2021,12,21,2,19,4,3,1,115,99,9,999,12,16,18,105,6
32752,2021,12,22,3,8,2,1,1,114,99,1,24,3,3,5,104,6
32753,2021,12,22,3,8,2,1,1,115,99,2,29,4,4,6,104,6
32754,2021,12,22,3,10,2,1,1,114,99,2,47,8,8,10,104,6
32755,2021,12,27,1,1,1,1,1,117,99,1,34,5,5,7,104,6
32756,2021,12,29,3,16,3,2,1,117,99,1,26,4,4,6,104,6
32757,2021,12,30,4,15,3,2,1,115,99,9,999,12,16,18,105,6
32758,2021,12,30,4,12,3,2,1,114,99,2,35,6,6,8,104,6
32759,2021,12,30,4,16,3,2,1,115,99,9,999,12,16,18,105,6
32760,2021,12,30,4,16,3,2,1,115,99,9,999,12,16,18,105,6
32761,2021,12,30,4,16,3,2,1,115,99,9,999,12,16,18,105,6
32762,2021,12,30,4,16,3,2,1,115,99,9,999,12,16,18,105,6
32763,2021,12,30,4,16,3,2,1,115,99,9,999,12,16,18,105,6
32764,2021,12,28,2,12,3,2,12,1202,99,1,33,5,5,7,104,6
32765,2021,12,30,4,9,2,1,2,208,99,2,33,5,5,7,105,6
32766,2021,12,29,3,11,2,1,14,1406,99,1,23,3,3,5,74,6
32767,2021,12,27,1,21,4,3,17,1712,99,2,54,9,9,11,104,6
